156	1800
0	1	0.125000
0	2	0.029412
0	3	0.025641
0	4	0.166667
0	5	0.020833
0	6	0.062500
0	7	0.018868
0	8	0.021739
0	9	0.031250
0	10	0.034483
0	11	0.047619
0	13	0.040000
0	15	0.066667
0	16	0.045455
0	18	0.058824
0	20	0.066667
0	21	0.066667
0	23	0.055556
0	26	0.066667
0	27	0.071429
0	28	0.076923
0	29	0.100000
0	33	0.058824
0	34	0.125000
0	35	0.066667
0	36	0.125000
0	37	0.090909
0	46	0.125000
0	52	0.142857
0	56	0.090909
0	63	0.111111
0	69	0.058824
0	72	0.142857
0	78	0.125000
0	81	0.166667
0	86	0.111111
0	87	0.166667
0	91	0.142857
0	94	0.166667
0	111	0.166667
0	116	0.125000
0	117	0.142857
0	121	0.166667
0	132	0.142857
0	133	0.142857
0	141	0.166667
0	144	0.166667
1	0	0.021277
1	7	0.018868
1	8	0.021739
1	14	0.028571
1	41	0.083333
1	113	0.100000
1	136	0.166667
1	155	0.166667
2	0	0.021277
2	7	0.018868
2	8	0.021739
2	9	0.031250
2	12	0.040000
2	15	0.066667
2	22	0.111111
2	24	0.034483
2	28	0.076923
2	29	0.100000
2	30	0.071429
2	31	0.047619
2	32	0.055556
2	33	0.058824
2	34	0.125000
2	40	0.083333
2	45	0.076923
2	48	0.076923
2	61	0.142857
2	65	0.125000
2	74	0.100000
2	83	0.090909
2	88	0.125000
2	90	0.125000
2	99	0.142857
2	103	0.142857
2	104	0.166667
2	108	0.166667
2	117	0.142857
2	126	0.142857
2	129	0.166667
2	130	0.166667
2	138	0.166667
2	145	0.166667
3	0	0.021277
3	7	0.018868
3	8	0.021739
3	9	0.031250
3	10	0.034483
3	11	0.047619
3	12	0.040000
3	13	0.040000
3	14	0.028571
3	16	0.045455
3	19	0.055556
3	20	0.066667
3	22	0.111111
3	23	0.055556
3	28	0.076923
3	36	0.125000
3	37	0.090909
3	41	0.083333
3	42	0.071429
3	47	0.166667
3	48	0.076923
3	49	0.083333
3	51	0.100000
3	52	0.142857
3	54	0.090909
3	59	0.083333
3	61	0.142857
3	65	0.125000
3	66	0.100000
3	71	0.142857
3	76	0.166667
3	77	0.100000
3	79	0.125000
3	83	0.090909
3	94	0.166667
3	98	0.142857
3	100	0.142857
3	117	0.142857
3	127	0.142857
4	0	0.021277
4	10	0.034483
4	39	0.083333
4	78	0.125000
4	115	0.125000
4	133	0.142857
5	0	0.021277
5	7	0.018868
5	8	0.021739
5	9	0.031250
5	10	0.034483
5	11	0.047619
5	12	0.040000
5	13	0.040000
5	16	0.045455
5	17	0.050000
5	18	0.058824
5	21	0.066667
5	22	0.111111
5	25	0.058824
5	26	0.066667
5	27	0.071429
5	28	0.076923
5	29	0.100000
5	30	0.071429
5	34	0.125000
5	38	0.076923
5	45	0.076923
5	46	0.125000
5	53	0.142857
5	55	0.111111
5	56	0.090909
5	58	0.076923
5	64	0.125000
5	65	0.125000
5	70	0.142857
5	76	0.166667
5	80	0.125000
5	81	0.166667
5	82	0.111111
5	88	0.125000
5	93	0.166667
5	97	0.166667
5	99	0.142857
5	106	0.142857
5	112	0.166667
5	113	0.100000
5	120	0.111111
5	128	0.142857
5	132	0.142857
5	134	0.142857
5	141	0.166667
5	148	0.166667
5	153	0.166667
6	0	0.021277
6	7	0.018868
6	10	0.034483
6	11	0.047619
6	15	0.066667
6	18	0.058824
6	24	0.034483
6	41	0.083333
6	50	0.066667
6	53	0.142857
6	54	0.090909
6	103	0.142857
6	115	0.125000
6	120	0.111111
6	125	0.142857
6	127	0.142857
7	0	0.021277
7	1	0.125000
7	2	0.029412
7	3	0.025641
7	5	0.020833
7	6	0.062500
7	8	0.021739
7	9	0.031250
7	10	0.034483
7	11	0.047619
7	12	0.040000
7	13	0.040000
7	15	0.066667
7	16	0.045455
7	18	0.058824
7	19	0.055556
7	21	0.066667
7	23	0.055556
7	24	0.034483
7	25	0.058824
7	26	0.066667
7	27	0.071429
7	30	0.071429
7	31	0.047619
7	37	0.090909
7	39	0.083333
7	42	0.071429
7	45	0.076923
7	46	0.125000
7	49	0.083333
7	50	0.066667
7	51	0.100000
7	52	0.142857
7	59	0.083333
7	65	0.125000
7	69	0.058824
7	73	0.100000
7	76	0.166667
7	78	0.125000
7	82	0.111111
7	90	0.125000
7	91	0.142857
7	92	0.142857
7	103	0.142857
7	110	0.111111
7	111	0.166667
7	116	0.125000
7	125	0.142857
7	137	0.166667
7	138	0.166667
7	140	0.166667
7	152	0.166667
7	155	0.166667
8	0	0.021277
8	1	0.125000
8	2	0.029412
8	3	0.025641
8	5	0.020833
8	7	0.018868
8	9	0.031250
8	11	0.047619
8	12	0.040000
8	13	0.040000
8	14	0.028571
8	15	0.066667
8	16	0.045455
8	17	0.050000
8	18	0.058824
8	19	0.055556
8	20	0.066667
8	23	0.055556
8	25	0.058824
8	37	0.090909
8	38	0.076923
8	44	0.062500
8	48	0.076923
8	50	0.066667
8	51	0.100000
8	54	0.090909
8	56	0.090909
8	57	0.090909
8	62	0.071429
8	68	0.142857
8	72	0.142857
8	73	0.100000
8	77	0.100000
8	79	0.125000
8	91	0.142857
8	94	0.166667
8	95	0.125000
8	106	0.142857
8	109	0.142857
8	122	0.125000
8	128	0.142857
8	138	0.166667
8	140	0.166667
8	147	0.166667
8	154	0.166667
8	155	0.166667
9	0	0.021277
9	2	0.029412
9	3	0.025641
9	5	0.020833
9	7	0.018868
9	8	0.021739
9	12	0.040000
9	14	0.028571
9	17	0.050000
9	18	0.058824
9	19	0.055556
9	22	0.111111
9	25	0.058824
9	26	0.066667
9	33	0.058824
9	35	0.066667
9	39	0.083333
9	46	0.125000
9	52	0.142857
9	54	0.090909
9	57	0.090909
9	59	0.083333
9	61	0.142857
9	69	0.058824
9	70	0.142857
9	71	0.142857
9	73	0.100000
9	75	0.090909
9	126	0.142857
9	127	0.142857
9	130	0.166667
9	148	0.166667
10	0	0.021277
10	3	0.025641
10	4	0.166667
10	5	0.020833
10	6	0.062500
10	7	0.018868
10	14	0.028571
10	15	0.066667
10	20	0.066667
10	30	0.071429
10	36	0.125000
10	44	0.062500
10	45	0.076923
10	46	0.125000
10	48	0.076923
10	61	0.142857
10	63	0.111111
10	66	0.100000
10	76	0.166667
10	85	0.083333
10	87	0.166667
10	92	0.142857
10	103	0.142857
10	117	0.142857
10	121	0.166667
10	126	0.142857
10	128	0.142857
10	130	0.166667
10	132	0.142857
11	0	0.021277
11	3	0.025641
11	5	0.020833
11	6	0.062500
11	7	0.018868
11	8	0.021739
11	19	0.055556
11	25	0.058824
11	27	0.071429
11	29	0.100000
11	35	0.066667
11	38	0.076923
11	40	0.083333
11	43	0.083333
11	54	0.090909
11	66	0.100000
11	68	0.142857
11	88	0.125000
11	93	0.166667
11	119	0.125000
11	144	0.166667
12	2	0.029412
12	3	0.025641
12	5	0.020833
12	7	0.018868
12	8	0.021739
12	9	0.031250
12	13	0.040000
12	16	0.045455
12	17	0.050000
12	21	0.066667
12	24	0.034483
12	32	0.055556
12	37	0.090909
12	48	0.076923
12	55	0.111111
12	57	0.090909
12	58	0.076923
12	60	0.055556
12	62	0.071429
12	63	0.111111
12	110	0.111111
12	120	0.111111
12	139	0.142857
12	142	0.166667
12	148	0.166667
13	0	0.021277
13	3	0.025641
13	5	0.020833
13	7	0.018868
13	8	0.021739
13	12	0.040000
13	14	0.028571
13	26	0.066667
13	28	0.076923
13	31	0.047619
13	36	0.125000
13	43	0.083333
13	47	0.166667
13	50	0.066667
13	52	0.142857
13	53	0.142857
13	64	0.125000
13	79	0.125000
13	81	0.166667
13	83	0.090909
13	84	0.166667
13	87	0.166667
13	107	0.142857
13	111	0.166667
13	138	0.166667
14	1	0.125000
14	3	0.025641
14	8	0.021739
14	9	0.031250
14	10	0.034483
14	13	0.040000
14	17	0.050000
14	21	0.066667
14	27	0.071429
14	29	0.100000
14	32	0.055556
14	34	0.125000
14	38	0.076923
14	40	0.083333
14	43	0.083333
14	44	0.062500
14	57	0.090909
14	62	0.071429
14	66	0.100000
14	67	0.090909
14	72	0.142857
14	75	0.090909
14	76	0.166667
14	90	0.125000
14	92	0.142857
14	95	0.125000
14	96	0.125000
14	108	0.166667
14	116	0.125000
14	118	0.166667
14	124	0.142857
14	125	0.142857
14	128	0.142857
14	149	0.125000
14	150	0.166667
15	0	0.021277
15	2	0.029412
15	6	0.062500
15	7	0.018868
15	8	0.021739
15	10	0.034483
15	20	0.066667
15	23	0.055556
15	30	0.071429
15	44	0.062500
15	66	0.100000
15	67	0.090909
15	84	0.166667
15	92	0.142857
15	112	0.166667
16	0	0.021277
16	3	0.025641
16	5	0.020833
16	7	0.018868
16	8	0.021739
16	12	0.040000
16	17	0.050000
16	19	0.055556
16	20	0.066667
16	24	0.034483
16	25	0.058824
16	42	0.071429
16	71	0.142857
16	74	0.100000
16	95	0.125000
16	98	0.142857
16	99	0.142857
16	110	0.111111
16	114	0.111111
16	129	0.166667
16	135	0.142857
16	136	0.166667
17	5	0.020833
17	8	0.021739
17	9	0.031250
17	12	0.040000
17	14	0.028571
17	16	0.045455
17	21	0.066667
17	23	0.055556
17	40	0.083333
17	45	0.076923
17	50	0.066667
17	52	0.142857
17	67	0.090909
17	97	0.166667
17	101	0.100000
17	111	0.166667
17	134	0.142857
17	135	0.142857
17	143	0.166667
17	148	0.166667
18	0	0.021277
18	5	0.020833
18	6	0.062500
18	7	0.018868
18	8	0.021739
18	9	0.031250
18	28	0.076923
18	29	0.100000
18	31	0.047619
18	42	0.071429
18	43	0.083333
18	64	0.125000
18	84	0.166667
18	94	0.166667
18	131	0.166667
18	133	0.142857
18	149	0.125000
19	3	0.025641
19	7	0.018868
19	8	0.021739
19	9	0.031250
19	11	0.047619
19	16	0.045455
19	22	0.111111
19	33	0.058824
19	58	0.076923
19	60	0.055556
19	62	0.071429
19	67	0.090909
19	71	0.142857
19	72	0.142857
19	105	0.111111
19	106	0.142857
19	107	0.142857
19	136	0.166667
20	0	0.021277
20	3	0.025641
20	8	0.021739
20	10	0.034483
20	15	0.066667
20	16	0.045455
20	22	0.111111
20	31	0.047619
20	32	0.055556
20	59	0.083333
20	64	0.125000
20	71	0.142857
20	73	0.100000
20	146	0.166667
20	153	0.166667
21	0	0.021277
21	5	0.020833
21	7	0.018868
21	12	0.040000
21	14	0.028571
21	17	0.050000
21	30	0.071429
21	35	0.066667
21	36	0.125000
21	44	0.062500
21	60	0.055556
21	62	0.071429
21	79	0.125000
21	106	0.142857
21	139	0.142857
22	2	0.029412
22	3	0.025641
22	5	0.020833
22	9	0.031250
22	19	0.055556
22	20	0.066667
22	32	0.055556
22	65	0.125000
22	69	0.058824
23	0	0.021277
23	3	0.025641
23	7	0.018868
23	8	0.021739
23	15	0.066667
23	17	0.050000
23	24	0.034483
23	26	0.066667
23	27	0.071429
23	49	0.083333
23	64	0.125000
23	68	0.142857
23	81	0.166667
23	106	0.142857
23	113	0.100000
23	114	0.111111
23	120	0.111111
23	125	0.142857
24	2	0.029412
24	6	0.062500
24	7	0.018868
24	12	0.040000
24	16	0.045455
24	23	0.055556
24	34	0.125000
24	36	0.125000
24	41	0.083333
24	42	0.071429
24	43	0.083333
24	49	0.083333
24	50	0.066667
24	51	0.100000
24	53	0.142857
24	55	0.111111
24	64	0.125000
24	67	0.090909
24	69	0.058824
24	77	0.100000
24	80	0.125000
24	103	0.142857
24	108	0.166667
24	112	0.166667
24	122	0.125000
24	123	0.166667
24	127	0.142857
24	135	0.142857
24	145	0.166667
25	5	0.020833
25	7	0.018868
25	8	0.021739
25	9	0.031250
25	11	0.047619
25	16	0.045455
25	47	0.166667
25	48	0.076923
25	57	0.090909
25	62	0.071429
25	92	0.142857
25	105	0.111111
25	114	0.111111
25	115	0.125000
25	119	0.125000
25	130	0.166667
25	135	0.142857
26	0	0.021277
26	5	0.020833
26	7	0.018868
26	9	0.031250
26	13	0.040000
26	23	0.055556
26	31	0.047619
26	33	0.058824
26	34	0.125000
26	49	0.083333
26	51	0.100000
26	61	0.142857
26	101	0.100000
26	129	0.166667
26	147	0.166667
27	0	0.021277
27	5	0.020833
27	7	0.018868
27	11	0.047619
27	14	0.028571
27	23	0.055556
27	32	0.055556
27	38	0.076923
27	72	0.142857
27	91	0.142857
27	96	0.125000
27	98	0.142857
27	145	0.166667
27	153	0.166667
28	0	0.021277
28	2	0.029412
28	3	0.025641
28	5	0.020833
28	13	0.040000
28	18	0.058824
28	35	0.066667
28	39	0.083333
28	68	0.142857
28	100	0.142857
28	109	0.142857
28	118	0.166667
28	141	0.166667
29	0	0.021277
29	2	0.029412
29	5	0.020833
29	11	0.047619
29	14	0.028571
29	18	0.058824
29	59	0.083333
29	61	0.142857
29	97	0.166667
29	116	0.125000
30	2	0.029412
30	5	0.020833
30	7	0.018868
30	10	0.034483
30	15	0.066667
30	21	0.066667
30	37	0.090909
30	41	0.083333
30	53	0.142857
30	96	0.125000
30	101	0.100000
30	121	0.166667
30	145	0.166667
30	152	0.166667
31	2	0.029412
31	7	0.018868
31	13	0.040000
31	18	0.058824
31	20	0.066667
31	26	0.066667
31	33	0.058824
31	38	0.076923
31	40	0.083333
31	45	0.076923
31	70	0.142857
31	77	0.100000
31	82	0.111111
31	84	0.166667
31	93	0.166667
31	97	0.166667
31	98	0.142857
31	115	0.125000
31	116	0.125000
31	117	0.142857
31	127	0.142857
32	2	0.029412
32	12	0.040000
32	14	0.028571
32	20	0.066667
32	22	0.111111
32	27	0.071429
32	35	0.066667
32	39	0.083333
32	41	0.083333
32	43	0.083333
32	60	0.055556
32	88	0.125000
32	104	0.166667
32	112	0.166667
32	115	0.125000
32	123	0.166667
32	131	0.166667
32	146	0.166667
33	0	0.021277
33	2	0.029412
33	9	0.031250
33	19	0.055556
33	26	0.066667
33	31	0.047619
33	40	0.083333
33	49	0.083333
33	58	0.076923
33	80	0.125000
33	84	0.166667
33	94	0.166667
33	110	0.111111
33	114	0.111111
33	141	0.166667
33	147	0.166667
33	153	0.166667
34	0	0.021277
34	2	0.029412
34	5	0.020833
34	14	0.028571
34	24	0.034483
34	26	0.066667
34	51	0.100000
34	110	0.111111
35	0	0.021277
35	9	0.031250
35	11	0.047619
35	21	0.066667
35	28	0.076923
35	32	0.055556
35	44	0.062500
35	47	0.166667
35	55	0.111111
35	58	0.076923
35	92	0.142857
35	132	0.142857
35	139	0.142857
35	143	0.166667
35	149	0.125000
36	0	0.021277
36	3	0.025641
36	10	0.034483
36	13	0.040000
36	21	0.066667
36	24	0.034483
36	60	0.055556
36	105	0.111111
37	0	0.021277
37	3	0.025641
37	7	0.018868
37	8	0.021739
37	12	0.040000
37	30	0.071429
37	39	0.083333
37	56	0.090909
37	84	0.166667
37	89	0.142857
37	101	0.100000
38	5	0.020833
38	8	0.021739
38	11	0.047619
38	14	0.028571
38	27	0.071429
38	31	0.047619
38	74	0.100000
38	91	0.142857
38	99	0.142857
38	121	0.166667
38	149	0.125000
38	153	0.166667
38	155	0.166667
39	4	0.166667
39	7	0.018868
39	9	0.031250
39	28	0.076923
39	32	0.055556
39	37	0.090909
39	70	0.142857
39	81	0.166667
39	118	0.166667
39	127	0.142857
39	129	0.166667
39	151	0.166667
40	2	0.029412
40	11	0.047619
40	14	0.028571
40	17	0.050000
40	31	0.047619
40	33	0.058824
40	47	0.166667
40	53	0.142857
40	58	0.076923
40	78	0.125000
40	82	0.111111
40	149	0.125000
41	1	0.125000
41	3	0.025641
41	6	0.062500
41	24	0.034483
41	30	0.071429
41	32	0.055556
41	42	0.071429
41	55	0.111111
41	112	0.166667
41	114	0.111111
41	143	0.166667
41	151	0.166667
42	3	0.025641
42	7	0.018868
42	16	0.045455
42	18	0.058824
42	24	0.034483
42	41	0.083333
42	46	0.125000
42	47	0.166667
42	60	0.055556
42	98	0.142857
42	107	0.142857
42	119	0.125000
42	121	0.166667
42	134	0.142857
43	11	0.047619
43	13	0.040000
43	14	0.028571
43	18	0.058824
43	24	0.034483
43	32	0.055556
43	65	0.125000
43	89	0.142857
43	105	0.111111
43	140	0.166667
43	143	0.166667
43	144	0.166667
44	8	0.021739
44	10	0.034483
44	14	0.028571
44	15	0.066667
44	21	0.066667
44	35	0.066667
44	57	0.090909
44	72	0.142857
44	75	0.090909
44	93	0.166667
44	102	0.142857
44	105	0.111111
44	109	0.142857
44	119	0.125000
44	125	0.142857
44	137	0.166667
45	2	0.029412
45	5	0.020833
45	7	0.018868
45	10	0.034483
45	17	0.050000
45	31	0.047619
45	54	0.090909
45	56	0.090909
45	102	0.142857
45	133	0.142857
45	134	0.142857
45	145	0.166667
45	151	0.166667
46	0	0.021277
46	5	0.020833
46	7	0.018868
46	9	0.031250
46	10	0.034483
46	42	0.071429
46	86	0.111111
46	118	0.166667
47	3	0.025641
47	13	0.040000
47	25	0.058824
47	35	0.066667
47	40	0.083333
47	42	0.071429
48	2	0.029412
48	3	0.025641
48	8	0.021739
48	10	0.034483
48	12	0.040000
48	25	0.058824
48	67	0.090909
48	68	0.142857
48	73	0.100000
48	83	0.090909
48	123	0.166667
48	126	0.142857
48	135	0.142857
49	3	0.025641
49	7	0.018868
49	23	0.055556
49	24	0.034483
49	26	0.066667
49	33	0.058824
49	70	0.142857
49	89	0.142857
49	100	0.142857
49	116	0.125000
49	137	0.166667
49	154	0.166667
50	6	0.062500
50	7	0.018868
50	8	0.021739
50	13	0.040000
50	17	0.050000
50	24	0.034483
50	55	0.111111
50	59	0.083333
50	74	0.100000
50	90	0.125000
50	102	0.142857
50	111	0.166667
50	144	0.166667
50	150	0.166667
50	151	0.166667
51	3	0.025641
51	7	0.018868
51	8	0.021739
51	24	0.034483
51	26	0.066667
51	34	0.125000
51	66	0.100000
51	69	0.058824
51	88	0.125000
51	142	0.166667
52	0	0.021277
52	3	0.025641
52	7	0.018868
52	9	0.031250
52	13	0.040000
52	17	0.050000
52	80	0.125000
53	5	0.020833
53	6	0.062500
53	13	0.040000
53	24	0.034483
53	30	0.071429
53	40	0.083333
53	89	0.142857
54	3	0.025641
54	6	0.062500
54	8	0.021739
54	9	0.031250
54	11	0.047619
54	45	0.076923
54	56	0.090909
54	63	0.111111
54	75	0.090909
54	119	0.125000
54	141	0.166667
55	5	0.020833
55	12	0.040000
55	24	0.034483
55	35	0.066667
55	41	0.083333
55	50	0.066667
55	108	0.166667
55	123	0.166667
55	124	0.142857
56	0	0.021277
56	5	0.020833
56	8	0.021739
56	37	0.090909
56	45	0.076923
56	54	0.090909
56	74	0.100000
56	85	0.083333
56	86	0.111111
56	131	0.166667
56	136	0.166667
57	8	0.021739
57	9	0.031250
57	12	0.040000
57	14	0.028571
57	25	0.058824
57	44	0.062500
57	107	0.142857
57	108	0.166667
57	115	0.125000
57	120	0.111111
57	137	0.166667
58	5	0.020833
58	12	0.040000
58	19	0.055556
58	33	0.058824
58	35	0.066667
58	40	0.083333
58	63	0.111111
58	73	0.100000
58	76	0.166667
58	79	0.125000
58	103	0.142857
58	130	0.166667
58	154	0.166667
59	3	0.025641
59	7	0.018868
59	9	0.031250
59	20	0.066667
59	29	0.100000
59	50	0.066667
59	86	0.111111
59	87	0.166667
59	110	0.111111
59	112	0.166667
59	122	0.125000
59	142	0.166667
60	12	0.040000
60	19	0.055556
60	21	0.066667
60	32	0.055556
60	36	0.125000
60	42	0.071429
60	71	0.142857
60	75	0.090909
60	77	0.100000
60	78	0.125000
60	83	0.090909
60	86	0.111111
60	93	0.166667
60	95	0.125000
60	106	0.142857
60	124	0.142857
60	132	0.142857
60	134	0.142857
61	2	0.029412
61	3	0.025641
61	9	0.031250
61	10	0.034483
61	26	0.066667
61	29	0.100000
61	109	0.142857
62	8	0.021739
62	12	0.040000
62	14	0.028571
62	19	0.055556
62	21	0.066667
62	25	0.058824
62	63	0.111111
62	70	0.142857
62	74	0.100000
62	85	0.083333
62	90	0.125000
62	93	0.166667
62	109	0.142857
62	113	0.100000
63	0	0.021277
63	10	0.034483
63	12	0.040000
63	54	0.090909
63	58	0.076923
63	62	0.071429
63	68	0.142857
63	85	0.083333
63	125	0.142857
64	5	0.020833
64	13	0.040000
64	18	0.058824
64	20	0.066667
64	23	0.055556
64	24	0.034483
64	95	0.125000
64	154	0.166667
65	2	0.029412
65	3	0.025641
65	5	0.020833
65	7	0.018868
65	22	0.111111
65	43	0.083333
65	107	0.142857
65	131	0.166667
66	3	0.025641
66	10	0.034483
66	11	0.047619
66	14	0.028571
66	15	0.066667
66	51	0.100000
66	80	0.125000
66	86	0.111111
66	97	0.166667
66	102	0.142857
67	14	0.028571
67	15	0.066667
67	17	0.050000
67	19	0.055556
67	24	0.034483
67	48	0.076923
67	79	0.125000
67	81	0.166667
67	120	0.111111
67	146	0.166667
67	147	0.166667
68	8	0.021739
68	11	0.047619
68	23	0.055556
68	28	0.076923
68	48	0.076923
68	63	0.111111
68	131	0.166667
69	0	0.021277
69	7	0.018868
69	9	0.031250
69	22	0.111111
69	24	0.034483
69	51	0.100000
69	75	0.090909
69	77	0.100000
69	82	0.111111
69	83	0.090909
69	88	0.125000
69	100	0.142857
69	109	0.142857
69	136	0.166667
69	139	0.142857
69	142	0.166667
69	154	0.166667
70	5	0.020833
70	9	0.031250
70	31	0.047619
70	39	0.083333
70	49	0.083333
70	62	0.071429
70	114	0.111111
71	3	0.025641
71	9	0.031250
71	16	0.045455
71	19	0.055556
71	20	0.066667
71	60	0.055556
71	113	0.100000
72	0	0.021277
72	8	0.021739
72	14	0.028571
72	19	0.055556
72	27	0.071429
72	44	0.062500
72	104	0.166667
73	7	0.018868
73	8	0.021739
73	9	0.031250
73	20	0.066667
73	48	0.076923
73	58	0.076923
73	82	0.111111
73	87	0.166667
73	122	0.125000
73	148	0.166667
74	2	0.029412
74	16	0.045455
74	38	0.076923
74	50	0.066667
74	56	0.090909
74	62	0.071429
74	102	0.142857
74	117	0.142857
74	134	0.142857
74	139	0.142857
75	9	0.031250
75	14	0.028571
75	44	0.062500
75	54	0.090909
75	60	0.055556
75	69	0.058824
75	78	0.125000
75	101	0.100000
75	123	0.166667
75	124	0.142857
75	155	0.166667
76	3	0.025641
76	5	0.020833
76	7	0.018868
76	10	0.034483
76	14	0.028571
76	58	0.076923
77	3	0.025641
77	8	0.021739
77	24	0.034483
77	31	0.047619
77	60	0.055556
77	69	0.058824
77	80	0.125000
77	94	0.166667
77	99	0.142857
77	104	0.166667
78	0	0.021277
78	4	0.166667
78	7	0.018868
78	40	0.083333
78	60	0.055556
78	75	0.090909
78	85	0.083333
78	126	0.142857
79	3	0.025641
79	8	0.021739
79	13	0.040000
79	21	0.066667
79	58	0.076923
79	67	0.090909
79	101	0.100000
79	113	0.100000
80	5	0.020833
80	24	0.034483
80	33	0.058824
80	52	0.142857
80	66	0.100000
80	77	0.100000
80	90	0.125000
80	152	0.166667
81	0	0.021277
81	5	0.020833
81	13	0.040000
81	23	0.055556
81	39	0.083333
81	67	0.090909
82	5	0.020833
82	7	0.018868
82	31	0.047619
82	40	0.083333
82	69	0.058824
82	73	0.100000
82	96	0.125000
82	124	0.142857
82	133	0.142857
83	2	0.029412
83	3	0.025641
83	13	0.040000
83	48	0.076923
83	60	0.055556
83	69	0.058824
83	85	0.083333
83	89	0.142857
83	99	0.142857
83	100	0.142857
83	142	0.166667
84	13	0.040000
84	15	0.066667
84	18	0.058824
84	31	0.047619
84	33	0.058824
84	37	0.090909
85	10	0.034483
85	56	0.090909
85	62	0.071429
85	63	0.111111
85	78	0.125000
85	83	0.090909
85	87	0.166667
85	89	0.142857
85	91	0.142857
85	96	0.125000
85	107	0.142857
85	137	0.166667
86	0	0.021277
86	46	0.125000
86	56	0.090909
86	59	0.083333
86	60	0.055556
86	66	0.100000
86	98	0.142857
86	104	0.166667
86	149	0.125000
87	0	0.021277
87	10	0.034483
87	13	0.040000
87	59	0.083333
87	73	0.100000
87	85	0.083333
88	2	0.029412
88	5	0.020833
88	11	0.047619
88	32	0.055556
88	51	0.100000
88	69	0.058824
88	95	0.125000
88	121	0.166667
89	37	0.090909
89	43	0.083333
89	49	0.083333
89	53	0.142857
89	83	0.090909
89	85	0.083333
89	138	0.166667
90	2	0.029412
90	7	0.018868
90	14	0.028571
90	50	0.066667
90	62	0.071429
90	80	0.125000
90	97	0.166667
90	150	0.166667
91	0	0.021277
91	7	0.018868
91	8	0.021739
91	27	0.071429
91	38	0.076923
91	85	0.083333
91	105	0.111111
92	7	0.018868
92	10	0.034483
92	14	0.028571
92	15	0.066667
92	25	0.058824
92	35	0.066667
92	108	0.166667
93	5	0.020833
93	11	0.047619
93	31	0.047619
93	44	0.062500
93	60	0.055556
93	62	0.071429
94	0	0.021277
94	3	0.025641
94	8	0.021739
94	18	0.058824
94	33	0.058824
94	77	0.100000
95	8	0.021739
95	14	0.028571
95	16	0.045455
95	60	0.055556
95	64	0.125000
95	88	0.125000
95	96	0.125000
95	152	0.166667
96	14	0.028571
96	27	0.071429
96	30	0.071429
96	82	0.111111
96	85	0.083333
96	95	0.125000
96	141	0.166667
96	150	0.166667
97	5	0.020833
97	17	0.050000
97	29	0.100000
97	31	0.047619
97	66	0.100000
97	90	0.125000
98	3	0.025641
98	16	0.045455
98	27	0.071429
98	31	0.047619
98	42	0.071429
98	86	0.111111
98	102	0.142857
99	2	0.029412
99	5	0.020833
99	16	0.045455
99	38	0.076923
99	77	0.100000
99	83	0.090909
99	100	0.142857
100	3	0.025641
100	28	0.076923
100	49	0.083333
100	69	0.058824
100	83	0.090909
100	99	0.142857
100	147	0.166667
101	17	0.050000
101	26	0.066667
101	30	0.071429
101	37	0.090909
101	75	0.090909
101	79	0.125000
101	104	0.166667
101	124	0.142857
101	129	0.166667
101	155	0.166667
102	44	0.062500
102	45	0.076923
102	50	0.066667
102	66	0.100000
102	74	0.100000
102	98	0.142857
102	131	0.166667
103	2	0.029412
103	6	0.062500
103	7	0.018868
103	10	0.034483
103	24	0.034483
103	58	0.076923
103	118	0.166667
104	2	0.029412
104	32	0.055556
104	72	0.142857
104	77	0.100000
104	86	0.111111
104	101	0.100000
105	19	0.055556
105	25	0.058824
105	36	0.125000
105	43	0.083333
105	44	0.062500
105	91	0.142857
105	119	0.125000
105	122	0.125000
105	140	0.166667
106	5	0.020833
106	8	0.021739
106	19	0.055556
106	21	0.066667
106	23	0.055556
106	60	0.055556
106	146	0.166667
107	13	0.040000
107	19	0.055556
107	42	0.071429
107	57	0.090909
107	65	0.125000
107	85	0.083333
107	151	0.166667
108	2	0.029412
108	14	0.028571
108	24	0.034483
108	55	0.111111
108	57	0.090909
108	92	0.142857
109	8	0.021739
109	28	0.076923
109	44	0.062500
109	61	0.142857
109	62	0.071429
109	69	0.058824
109	111	0.166667
110	7	0.018868
110	12	0.040000
110	16	0.045455
110	33	0.058824
110	34	0.125000
110	59	0.083333
110	128	0.142857
110	151	0.166667
110	152	0.166667
111	0	0.021277
111	7	0.018868
111	13	0.040000
111	17	0.050000
111	50	0.066667
111	109	0.142857
112	5	0.020833
112	15	0.066667
112	24	0.034483
112	32	0.055556
112	41	0.083333
112	59	0.083333
113	1	0.125000
113	5	0.020833
113	23	0.055556
113	62	0.071429
113	71	0.142857
113	79	0.125000
113	130	0.166667
113	133	0.142857
113	143	0.166667
113	144	0.166667
114	16	0.045455
114	23	0.055556
114	25	0.058824
114	33	0.058824
114	41	0.083333
114	70	0.142857
114	118	0.166667
114	137	0.166667
114	142	0.166667
115	4	0.166667
115	6	0.062500
115	25	0.058824
115	31	0.047619
115	32	0.055556
115	57	0.090909
115	122	0.125000
115	146	0.166667
116	0	0.021277
116	7	0.018868
116	14	0.028571
116	29	0.100000
116	31	0.047619
116	49	0.083333
116	123	0.166667
116	126	0.142857
117	0	0.021277
117	2	0.029412
117	3	0.025641
117	10	0.034483
117	31	0.047619
117	74	0.100000
117	144	0.166667
118	14	0.028571
118	28	0.076923
118	39	0.083333
118	46	0.125000
118	103	0.142857
118	114	0.111111
119	11	0.047619
119	25	0.058824
119	42	0.071429
119	44	0.062500
119	54	0.090909
119	105	0.111111
119	150	0.166667
119	154	0.166667
120	5	0.020833
120	6	0.062500
120	12	0.040000
120	23	0.055556
120	57	0.090909
120	67	0.090909
120	135	0.142857
120	136	0.166667
120	143	0.166667
121	0	0.021277
121	10	0.034483
121	30	0.071429
121	38	0.076923
121	42	0.071429
121	88	0.125000
122	8	0.021739
122	24	0.034483
122	59	0.083333
122	73	0.100000
122	105	0.111111
122	115	0.125000
122	129	0.166667
122	146	0.166667
123	24	0.034483
123	32	0.055556
123	48	0.076923
123	55	0.111111
123	75	0.090909
123	116	0.125000
124	14	0.028571
124	55	0.111111
124	60	0.055556
124	75	0.090909
124	82	0.111111
124	101	0.100000
124	140	0.166667
125	6	0.062500
125	7	0.018868
125	14	0.028571
125	23	0.055556
125	44	0.062500
125	63	0.111111
125	147	0.166667
126	2	0.029412
126	9	0.031250
126	10	0.034483
126	48	0.076923
126	78	0.125000
126	116	0.125000
126	132	0.142857
127	3	0.025641
127	6	0.062500
127	9	0.031250
127	24	0.034483
127	31	0.047619
127	39	0.083333
127	128	0.142857
128	5	0.020833
128	8	0.021739
128	10	0.034483
128	14	0.028571
128	110	0.111111
128	127	0.142857
128	148	0.166667
129	2	0.029412
129	16	0.045455
129	26	0.066667
129	39	0.083333
129	101	0.100000
129	122	0.125000
130	2	0.029412
130	9	0.031250
130	10	0.034483
130	25	0.058824
130	58	0.076923
130	113	0.100000
131	18	0.058824
131	32	0.055556
131	56	0.090909
131	65	0.125000
131	68	0.142857
131	102	0.142857
132	0	0.021277
132	5	0.020833
132	10	0.034483
132	35	0.066667
132	60	0.055556
132	126	0.142857
132	140	0.166667
133	0	0.021277
133	4	0.166667
133	18	0.058824
133	45	0.076923
133	82	0.111111
133	113	0.100000
133	139	0.142857
134	5	0.020833
134	17	0.050000
134	42	0.071429
134	45	0.076923
134	60	0.055556
134	74	0.100000
134	138	0.166667
135	16	0.045455
135	17	0.050000
135	24	0.034483
135	25	0.058824
135	48	0.076923
135	120	0.111111
135	153	0.166667
136	1	0.125000
136	16	0.045455
136	19	0.055556
136	56	0.090909
136	69	0.058824
136	120	0.111111
137	7	0.018868
137	44	0.062500
137	49	0.083333
137	57	0.090909
137	85	0.083333
137	114	0.111111
138	2	0.029412
138	7	0.018868
138	8	0.021739
138	13	0.040000
138	89	0.142857
138	134	0.142857
139	12	0.040000
139	21	0.066667
139	35	0.066667
139	69	0.058824
139	74	0.100000
139	133	0.142857
139	145	0.166667
140	7	0.018868
140	8	0.021739
140	43	0.083333
140	105	0.111111
140	124	0.142857
140	132	0.142857
141	0	0.021277
141	5	0.020833
141	28	0.076923
141	33	0.058824
141	54	0.090909
141	96	0.125000
142	12	0.040000
142	51	0.100000
142	59	0.083333
142	69	0.058824
142	83	0.090909
142	114	0.111111
143	17	0.050000
143	35	0.066667
143	41	0.083333
143	43	0.083333
143	113	0.100000
143	120	0.111111
144	0	0.021277
144	11	0.047619
144	43	0.083333
144	50	0.066667
144	113	0.100000
144	117	0.142857
145	2	0.029412
145	24	0.034483
145	27	0.071429
145	30	0.071429
145	45	0.076923
145	139	0.142857
146	20	0.066667
146	32	0.055556
146	67	0.090909
146	106	0.142857
146	115	0.125000
146	122	0.125000
147	8	0.021739
147	26	0.066667
147	33	0.058824
147	67	0.090909
147	100	0.142857
147	125	0.142857
148	5	0.020833
148	9	0.031250
148	12	0.040000
148	17	0.050000
148	73	0.100000
148	128	0.142857
149	14	0.028571
149	18	0.058824
149	35	0.066667
149	38	0.076923
149	40	0.083333
149	86	0.111111
149	150	0.166667
149	152	0.166667
150	14	0.028571
150	50	0.066667
150	90	0.125000
150	96	0.125000
150	119	0.125000
150	149	0.125000
151	39	0.083333
151	41	0.083333
151	45	0.076923
151	50	0.066667
151	107	0.142857
151	110	0.111111
152	7	0.018868
152	30	0.071429
152	80	0.125000
152	95	0.125000
152	110	0.111111
152	149	0.125000
153	5	0.020833
153	20	0.066667
153	27	0.071429
153	33	0.058824
153	38	0.076923
153	135	0.142857
154	8	0.021739
154	49	0.083333
154	58	0.076923
154	64	0.125000
154	69	0.058824
154	119	0.125000
155	1	0.125000
155	7	0.018868
155	8	0.021739
155	38	0.076923
155	75	0.090909
155	101	0.100000
