189	2548
0	1	0.050000
0	2	0.047619
0	3	0.045455
0	4	0.083333
0	5	0.166667
0	6	0.021277
0	7	0.043478
0	8	0.014286
0	9	0.021739
0	10	0.030303
0	11	0.022727
0	13	0.024390
0	14	0.032258
0	15	0.029412
0	16	0.047619
0	19	0.058824
0	20	0.027778
0	21	0.050000
0	23	0.050000
0	25	0.043478
0	26	0.043478
0	28	0.043478
0	30	0.066667
0	32	0.062500
0	33	0.050000
0	34	0.058824
0	36	0.062500
0	39	0.058824
0	41	0.090909
0	47	0.066667
0	49	0.050000
0	51	0.076923
0	61	0.100000
0	65	0.083333
0	71	0.041667
0	73	0.076923
0	75	0.111111
0	76	0.125000
0	78	0.100000
0	81	0.111111
0	85	0.071429
0	86	0.100000
0	89	0.076923
0	90	0.142857
0	91	0.076923
0	93	0.090909
0	96	0.111111
0	100	0.142857
0	104	0.111111
0	108	0.111111
0	114	0.125000
0	117	0.125000
0	124	0.111111
0	139	0.076923
0	152	0.125000
0	153	0.125000
0	156	0.125000
0	159	0.125000
0	163	0.142857
0	170	0.142857
0	181	0.142857
0	186	0.142857
0	187	0.142857
1	0	0.015873
1	8	0.014286
1	9	0.021739
1	12	0.029412
1	15	0.029412
1	20	0.027778
1	23	0.050000
1	28	0.043478
1	40	0.045455
1	41	0.090909
1	44	0.090909
1	47	0.066667
1	62	0.083333
1	66	0.058824
1	107	0.142857
1	108	0.111111
1	110	0.142857
1	127	0.100000
1	155	0.142857
1	184	0.142857
2	0	0.015873
2	8	0.014286
2	10	0.030303
2	11	0.022727
2	16	0.047619
2	29	0.031250
2	32	0.062500
2	43	0.062500
2	53	0.062500
2	54	0.066667
2	56	0.062500
2	65	0.083333
2	71	0.041667
2	97	0.111111
2	110	0.142857
2	115	0.125000
2	116	0.142857
2	136	0.100000
2	152	0.125000
2	153	0.125000
2	172	0.125000
3	0	0.015873
3	8	0.014286
3	9	0.021739
3	11	0.022727
3	12	0.029412
3	13	0.024390
3	15	0.029412
3	17	0.030303
3	28	0.043478
3	37	0.066667
3	42	0.090909
3	60	0.090909
3	62	0.083333
3	65	0.083333
3	67	0.076923
3	119	0.142857
3	124	0.111111
3	147	0.142857
3	150	0.142857
3	171	0.142857
3	177	0.142857
3	186	0.142857
4	0	0.015873
4	8	0.014286
4	9	0.021739
4	21	0.050000
4	42	0.090909
4	64	0.100000
4	67	0.076923
4	68	0.076923
4	74	0.090909
4	75	0.111111
4	93	0.090909
4	105	0.142857
5	0	0.015873
5	10	0.030303
5	11	0.022727
5	19	0.058824
5	113	0.125000
5	171	0.142857
6	0	0.015873
6	8	0.014286
6	9	0.021739
6	10	0.030303
6	11	0.022727
6	12	0.029412
6	13	0.024390
6	14	0.032258
6	17	0.030303
6	19	0.058824
6	20	0.027778
6	21	0.050000
6	27	0.038462
6	30	0.066667
6	31	0.052632
6	32	0.062500
6	33	0.050000
6	35	0.052632
6	40	0.045455
6	41	0.090909
6	53	0.062500
6	54	0.066667
6	58	0.066667
6	59	0.066667
6	70	0.076923
6	77	0.071429
6	80	0.076923
6	82	0.090909
6	84	0.076923
6	88	0.090909
6	94	0.111111
6	99	0.076923
6	102	0.090909
6	104	0.111111
6	121	0.142857
6	133	0.125000
6	136	0.100000
6	143	0.125000
6	150	0.142857
6	160	0.142857
6	167	0.142857
6	169	0.125000
6	172	0.125000
6	179	0.142857
6	180	0.142857
6	181	0.142857
6	184	0.142857
7	0	0.015873
7	8	0.014286
7	9	0.021739
7	10	0.030303
7	13	0.024390
7	16	0.047619
7	17	0.030303
7	22	0.041667
7	23	0.050000
7	30	0.066667
7	45	0.090909
7	57	0.076923
7	68	0.076923
7	84	0.076923
7	86	0.100000
7	107	0.142857
7	120	0.111111
7	126	0.125000
7	140	0.111111
7	142	0.142857
7	143	0.125000
7	157	0.125000
7	168	0.125000
8	0	0.015873
8	1	0.050000
8	2	0.047619
8	3	0.045455
8	4	0.083333
8	6	0.021277
8	7	0.043478
8	9	0.021739
8	10	0.030303
8	12	0.029412
8	14	0.032258
8	15	0.029412
8	17	0.030303
8	19	0.058824
8	20	0.027778
8	21	0.050000
8	23	0.050000
8	24	0.043478
8	25	0.043478
8	26	0.043478
8	27	0.038462
8	28	0.043478
8	29	0.031250
8	31	0.052632
8	32	0.062500
8	33	0.050000
8	34	0.058824
8	37	0.066667
8	38	0.052632
8	41	0.090909
8	53	0.062500
8	55	0.043478
8	59	0.066667
8	63	0.111111
8	65	0.083333
8	68	0.076923
8	69	0.062500
8	72	0.055556
8	74	0.090909
8	76	0.125000
8	77	0.071429
8	80	0.076923
8	91	0.076923
8	95	0.111111
8	99	0.076923
8	101	0.100000
8	102	0.090909
8	104	0.111111
8	107	0.142857
8	112	0.090909
8	115	0.125000
8	116	0.142857
8	117	0.125000
8	118	0.111111
8	121	0.142857
8	123	0.125000
8	124	0.111111
8	125	0.125000
8	128	0.083333
8	130	0.142857
8	131	0.125000
8	143	0.125000
8	144	0.125000
8	147	0.142857
8	161	0.125000
8	164	0.111111
8	166	0.142857
8	171	0.142857
8	176	0.142857
8	184	0.142857
9	0	0.015873
9	1	0.050000
9	3	0.045455
9	4	0.083333
9	6	0.021277
9	7	0.043478
9	8	0.014286
9	10	0.030303
9	11	0.022727
9	12	0.029412
9	13	0.024390
9	14	0.032258
9	15	0.029412
9	16	0.047619
9	18	0.058824
9	24	0.043478
9	25	0.043478
9	26	0.043478
9	28	0.043478
9	31	0.052632
9	35	0.052632
9	37	0.066667
9	39	0.058824
9	40	0.045455
9	44	0.090909
9	46	0.066667
9	53	0.062500
9	56	0.062500
9	59	0.066667
9	63	0.111111
9	66	0.058824
9	72	0.055556
9	81	0.111111
9	88	0.090909
9	89	0.076923
9	95	0.111111
9	96	0.111111
9	104	0.111111
9	107	0.142857
9	130	0.142857
9	141	0.125000
9	142	0.142857
9	149	0.125000
9	155	0.142857
9	163	0.142857
9	182	0.142857
10	0	0.015873
10	2	0.047619
10	5	0.166667
10	6	0.021277
10	7	0.043478
10	8	0.014286
10	9	0.021739
10	11	0.022727
10	12	0.029412
10	13	0.024390
10	14	0.032258
10	16	0.047619
10	18	0.058824
10	21	0.050000
10	22	0.041667
10	24	0.043478
10	30	0.066667
10	31	0.052632
10	35	0.052632
10	50	0.050000
10	63	0.111111
10	76	0.125000
10	79	0.100000
10	91	0.076923
10	98	0.083333
10	99	0.076923
10	112	0.090909
10	118	0.111111
10	120	0.111111
10	128	0.083333
10	153	0.125000
10	164	0.111111
10	166	0.142857
11	0	0.015873
11	2	0.047619
11	3	0.045455
11	5	0.166667
11	6	0.021277
11	9	0.021739
11	10	0.030303
11	12	0.029412
11	13	0.024390
11	14	0.032258
11	15	0.029412
11	16	0.047619
11	17	0.030303
11	18	0.058824
11	19	0.058824
11	21	0.050000
11	24	0.043478
11	30	0.066667
11	31	0.052632
11	36	0.062500
11	39	0.058824
11	42	0.090909
11	43	0.062500
11	46	0.066667
11	49	0.050000
11	50	0.050000
11	56	0.062500
11	58	0.066667
11	62	0.083333
11	68	0.076923
11	69	0.062500
11	80	0.076923
11	82	0.090909
11	88	0.090909
11	92	0.083333
11	94	0.111111
11	101	0.100000
11	103	0.100000
11	116	0.142857
11	122	0.125000
11	129	0.111111
11	180	0.142857
11	182	0.142857
11	183	0.125000
12	1	0.050000
12	3	0.045455
12	6	0.021277
12	8	0.014286
12	9	0.021739
12	10	0.030303
12	11	0.022727
12	16	0.047619
12	17	0.030303
12	18	0.058824
12	19	0.058824
12	23	0.050000
12	26	0.043478
12	29	0.031250
12	30	0.066667
12	32	0.062500
12	34	0.058824
12	38	0.052632
12	42	0.090909
12	49	0.050000
12	54	0.066667
12	58	0.066667
12	68	0.076923
12	73	0.076923
12	103	0.100000
12	106	0.100000
12	124	0.111111
12	135	0.142857
12	154	0.142857
12	158	0.142857
12	163	0.142857
12	165	0.142857
12	167	0.142857
12	187	0.142857
13	0	0.015873
13	3	0.045455
13	6	0.021277
13	7	0.043478
13	9	0.021739
13	10	0.030303
13	11	0.022727
13	14	0.032258
13	17	0.030303
13	18	0.058824
13	21	0.050000
13	24	0.043478
13	26	0.043478
13	27	0.038462
13	33	0.050000
13	34	0.058824
13	35	0.052632
13	38	0.052632
13	43	0.062500
13	46	0.066667
13	56	0.062500
13	58	0.066667
13	69	0.062500
13	76	0.125000
13	83	0.090909
13	84	0.076923
13	88	0.090909
13	96	0.111111
13	98	0.083333
13	110	0.142857
13	113	0.125000
13	127	0.100000
13	129	0.111111
13	135	0.142857
13	142	0.142857
13	151	0.125000
13	155	0.142857
13	159	0.125000
13	173	0.142857
13	175	0.142857
13	177	0.142857
14	0	0.015873
14	6	0.021277
14	8	0.014286
14	9	0.021739
14	10	0.030303
14	11	0.022727
14	13	0.024390
14	15	0.029412
14	18	0.058824
14	20	0.027778
14	22	0.041667
14	25	0.043478
14	36	0.062500
14	38	0.052632
14	42	0.090909
14	51	0.076923
14	62	0.083333
14	64	0.100000
14	65	0.083333
14	73	0.076923
14	98	0.083333
14	106	0.100000
14	107	0.142857
14	109	0.111111
14	126	0.125000
14	131	0.125000
14	148	0.142857
14	151	0.125000
14	160	0.142857
14	164	0.111111
14	175	0.142857
15	0	0.015873
15	1	0.050000
15	3	0.045455
15	8	0.014286
15	9	0.021739
15	11	0.022727
15	14	0.032258
15	18	0.058824
15	20	0.027778
15	22	0.041667
15	23	0.050000
15	24	0.043478
15	29	0.031250
15	45	0.090909
15	46	0.066667
15	48	0.066667
15	56	0.062500
15	72	0.055556
15	79	0.100000
15	83	0.090909
15	96	0.111111
15	100	0.142857
15	114	0.125000
15	118	0.111111
15	127	0.100000
15	138	0.142857
15	140	0.111111
15	146	0.111111
15	164	0.111111
15	165	0.142857
15	179	0.142857
15	180	0.142857
15	181	0.142857
15	182	0.142857
16	0	0.015873
16	2	0.047619
16	7	0.043478
16	9	0.021739
16	10	0.030303
16	11	0.022727
16	12	0.029412
16	22	0.041667
16	26	0.043478
16	28	0.043478
16	47	0.066667
16	58	0.066667
16	67	0.076923
16	71	0.041667
16	78	0.100000
16	80	0.076923
16	86	0.100000
16	122	0.125000
16	138	0.142857
16	139	0.076923
16	157	0.125000
17	3	0.045455
17	6	0.021277
17	7	0.043478
17	8	0.014286
17	11	0.022727
17	12	0.029412
17	13	0.024390
17	20	0.027778
17	22	0.041667
17	23	0.050000
17	27	0.038462
17	32	0.062500
17	44	0.090909
17	46	0.066667
17	52	0.052632
17	74	0.090909
17	85	0.071429
17	94	0.111111
17	95	0.111111
17	97	0.111111
17	111	0.100000
17	112	0.090909
17	117	0.125000
17	119	0.142857
17	125	0.125000
17	135	0.142857
17	139	0.076923
17	150	0.142857
17	151	0.125000
17	156	0.125000
17	161	0.125000
17	171	0.142857
17	173	0.142857
18	9	0.021739
18	10	0.030303
18	11	0.022727
18	12	0.029412
18	13	0.024390
18	14	0.032258
18	15	0.029412
18	19	0.058824
18	22	0.041667
18	25	0.043478
18	36	0.062500
18	38	0.052632
18	50	0.050000
18	53	0.062500
18	110	0.142857
18	124	0.111111
18	177	0.142857
19	0	0.015873
19	5	0.166667
19	6	0.021277
19	8	0.014286
19	11	0.022727
19	12	0.029412
19	18	0.058824
19	24	0.043478
19	32	0.062500
19	40	0.045455
19	61	0.100000
19	69	0.062500
19	96	0.111111
19	117	0.125000
19	142	0.142857
19	167	0.142857
19	182	0.142857
20	0	0.015873
20	1	0.050000
20	6	0.021277
20	8	0.014286
20	14	0.032258
20	15	0.029412
20	17	0.030303
20	25	0.043478
20	35	0.052632
20	37	0.066667
20	39	0.058824
20	47	0.066667
20	49	0.050000
20	55	0.043478
20	58	0.066667
20	59	0.066667
20	60	0.090909
20	61	0.100000
20	63	0.111111
20	68	0.076923
20	70	0.076923
20	74	0.090909
20	91	0.076923
20	98	0.083333
20	104	0.111111
20	109	0.111111
20	115	0.125000
20	119	0.142857
20	133	0.125000
20	138	0.142857
20	141	0.125000
20	150	0.142857
20	154	0.142857
20	160	0.142857
20	161	0.125000
20	170	0.142857
21	0	0.015873
21	4	0.083333
21	6	0.021277
21	8	0.014286
21	10	0.030303
21	11	0.022727
21	13	0.024390
21	28	0.043478
21	31	0.052632
21	33	0.050000
21	40	0.045455
21	63	0.111111
21	65	0.083333
21	66	0.058824
21	70	0.076923
21	73	0.076923
21	79	0.100000
21	118	0.111111
21	141	0.125000
21	184	0.142857
22	7	0.043478
22	10	0.030303
22	14	0.032258
22	15	0.029412
22	16	0.047619
22	17	0.030303
22	18	0.058824
22	25	0.043478
22	26	0.043478
22	27	0.038462
22	34	0.058824
22	37	0.066667
22	39	0.058824
22	47	0.066667
22	48	0.066667
22	54	0.066667
22	66	0.058824
22	89	0.076923
22	120	0.111111
22	124	0.111111
22	125	0.125000
22	144	0.125000
22	156	0.125000
22	188	0.142857
23	0	0.015873
23	1	0.050000
23	7	0.043478
23	8	0.014286
23	12	0.029412
23	15	0.029412
23	17	0.030303
23	29	0.031250
23	33	0.050000
23	51	0.076923
23	52	0.052632
23	67	0.076923
23	80	0.076923
23	90	0.142857
23	125	0.125000
23	127	0.100000
23	151	0.125000
23	173	0.142857
23	174	0.142857
23	181	0.142857
24	8	0.014286
24	9	0.021739
24	10	0.030303
24	11	0.022727
24	13	0.024390
24	15	0.029412
24	19	0.058824
24	27	0.038462
24	29	0.031250
24	34	0.058824
24	44	0.090909
24	45	0.090909
24	52	0.052632
24	56	0.062500
24	62	0.083333
24	81	0.111111
24	97	0.111111
24	117	0.125000
24	144	0.125000
24	145	0.142857
24	152	0.125000
24	161	0.125000
24	175	0.142857
25	0	0.015873
25	8	0.014286
25	9	0.021739
25	14	0.032258
25	18	0.058824
25	20	0.027778
25	22	0.041667
25	33	0.050000
25	35	0.052632
25	39	0.058824
25	40	0.045455
25	44	0.090909
25	48	0.066667
25	51	0.076923
25	61	0.100000
25	84	0.076923
25	87	0.125000
25	137	0.111111
25	150	0.142857
25	168	0.125000
25	169	0.125000
25	175	0.142857
25	178	0.142857
26	0	0.015873
26	8	0.014286
26	9	0.021739
26	12	0.029412
26	13	0.024390
26	16	0.047619
26	22	0.041667
26	27	0.038462
26	34	0.058824
26	36	0.062500
26	38	0.052632
26	45	0.090909
26	50	0.050000
26	73	0.076923
26	74	0.090909
26	96	0.111111
26	100	0.142857
26	129	0.111111
26	143	0.125000
26	145	0.142857
26	146	0.111111
26	156	0.125000
26	172	0.125000
27	6	0.021277
27	8	0.014286
27	13	0.024390
27	17	0.030303
27	22	0.041667
27	24	0.043478
27	26	0.043478
27	38	0.052632
27	43	0.062500
27	55	0.043478
27	56	0.062500
27	59	0.066667
27	60	0.090909
27	64	0.100000
27	85	0.071429
27	94	0.111111
27	108	0.111111
27	124	0.111111
27	133	0.125000
27	137	0.111111
27	151	0.125000
27	168	0.125000
27	169	0.125000
27	172	0.125000
27	180	0.142857
27	181	0.142857
28	0	0.015873
28	1	0.050000
28	3	0.045455
28	8	0.014286
28	9	0.021739
28	16	0.047619
28	21	0.050000
28	29	0.031250
28	35	0.052632
28	37	0.066667
28	39	0.058824
28	42	0.090909
28	43	0.062500
28	50	0.050000
28	52	0.052632
28	70	0.076923
28	100	0.142857
28	107	0.142857
28	114	0.125000
28	127	0.100000
28	130	0.142857
28	178	0.142857
28	188	0.142857
29	2	0.047619
29	8	0.014286
29	12	0.029412
29	15	0.029412
29	23	0.050000
29	24	0.043478
29	28	0.043478
29	30	0.066667
29	31	0.052632
29	45	0.090909
29	48	0.066667
29	52	0.052632
29	55	0.043478
29	57	0.076923
29	64	0.100000
29	71	0.041667
29	79	0.100000
29	83	0.090909
29	92	0.083333
29	101	0.100000
29	113	0.125000
29	115	0.125000
29	119	0.142857
29	122	0.125000
29	139	0.076923
29	144	0.125000
29	149	0.125000
29	151	0.125000
29	153	0.125000
29	158	0.142857
29	167	0.142857
29	176	0.142857
30	0	0.015873
30	6	0.021277
30	7	0.043478
30	10	0.030303
30	11	0.022727
30	12	0.029412
30	29	0.031250
30	36	0.062500
30	37	0.066667
30	41	0.090909
30	42	0.090909
30	47	0.066667
30	75	0.111111
30	89	0.076923
30	95	0.111111
31	6	0.021277
31	8	0.014286
31	9	0.021739
31	10	0.030303
31	11	0.022727
31	21	0.050000
31	29	0.031250
31	44	0.090909
31	52	0.052632
31	57	0.076923
31	75	0.111111
31	81	0.111111
31	97	0.111111
31	99	0.076923
31	132	0.142857
31	157	0.125000
31	159	0.125000
31	163	0.142857
31	183	0.125000
32	0	0.015873
32	2	0.047619
32	6	0.021277
32	8	0.014286
32	12	0.029412
32	17	0.030303
32	19	0.058824
32	36	0.062500
32	46	0.066667
32	58	0.066667
32	60	0.090909
32	75	0.111111
32	79	0.100000
32	113	0.125000
32	141	0.125000
32	148	0.142857
33	0	0.015873
33	6	0.021277
33	8	0.014286
33	13	0.024390
33	21	0.050000
33	23	0.050000
33	25	0.043478
33	41	0.090909
33	45	0.090909
33	87	0.125000
33	93	0.090909
33	104	0.111111
33	132	0.142857
33	134	0.142857
33	136	0.100000
33	159	0.125000
33	162	0.125000
33	163	0.142857
33	169	0.125000
33	186	0.142857
34	0	0.015873
34	8	0.014286
34	12	0.029412
34	13	0.024390
34	22	0.041667
34	24	0.043478
34	26	0.043478
34	41	0.090909
34	43	0.062500
34	52	0.052632
34	61	0.100000
34	64	0.100000
34	69	0.062500
34	84	0.076923
34	87	0.125000
34	108	0.111111
34	121	0.142857
35	6	0.021277
35	9	0.021739
35	10	0.030303
35	13	0.024390
35	20	0.027778
35	25	0.043478
35	28	0.043478
35	47	0.066667
35	49	0.050000
35	53	0.062500
35	79	0.100000
35	92	0.083333
35	101	0.100000
35	108	0.111111
35	147	0.142857
35	158	0.142857
35	171	0.142857
35	179	0.142857
35	184	0.142857
36	0	0.015873
36	11	0.022727
36	14	0.032258
36	18	0.058824
36	26	0.043478
36	30	0.066667
36	32	0.062500
36	67	0.076923
36	77	0.071429
36	78	0.100000
36	87	0.125000
36	97	0.111111
36	98	0.083333
36	125	0.125000
36	162	0.125000
36	165	0.142857
37	3	0.045455
37	8	0.014286
37	9	0.021739
37	20	0.027778
37	22	0.041667
37	28	0.043478
37	30	0.066667
37	40	0.045455
37	46	0.066667
37	48	0.066667
37	85	0.071429
37	104	0.111111
37	121	0.142857
37	158	0.142857
37	185	0.142857
38	8	0.014286
38	12	0.029412
38	13	0.024390
38	14	0.032258
38	18	0.058824
38	26	0.043478
38	27	0.038462
38	44	0.090909
38	48	0.066667
38	50	0.050000
38	63	0.111111
38	73	0.076923
38	93	0.090909
38	101	0.100000
38	106	0.100000
38	108	0.111111
38	114	0.125000
38	120	0.111111
38	171	0.142857
39	0	0.015873
39	9	0.021739
39	11	0.022727
39	20	0.027778
39	22	0.041667
39	25	0.043478
39	28	0.043478
39	45	0.090909
39	50	0.050000
39	68	0.076923
39	75	0.111111
39	85	0.071429
39	129	0.111111
39	145	0.142857
39	154	0.142857
39	165	0.142857
39	178	0.142857
40	1	0.050000
40	6	0.021277
40	9	0.021739
40	19	0.058824
40	21	0.050000
40	25	0.043478
40	37	0.066667
40	43	0.062500
40	48	0.066667
40	49	0.050000
40	66	0.058824
40	93	0.090909
40	94	0.111111
40	109	0.111111
40	112	0.090909
40	113	0.125000
40	120	0.111111
40	132	0.142857
40	146	0.111111
40	147	0.142857
40	161	0.125000
40	188	0.142857
41	0	0.015873
41	1	0.050000
41	6	0.021277
41	8	0.014286
41	30	0.066667
41	33	0.050000
41	34	0.058824
41	51	0.076923
41	100	0.142857
41	114	0.125000
41	153	0.125000
42	3	0.045455
42	4	0.083333
42	11	0.022727
42	12	0.029412
42	14	0.032258
42	28	0.043478
42	30	0.066667
42	71	0.041667
42	97	0.111111
42	102	0.090909
42	158	0.142857
43	2	0.047619
43	11	0.022727
43	13	0.024390
43	27	0.038462
43	28	0.043478
43	34	0.058824
43	40	0.045455
43	54	0.066667
43	64	0.100000
43	82	0.090909
43	100	0.142857
43	120	0.111111
43	126	0.125000
43	146	0.111111
43	159	0.125000
43	186	0.142857
44	1	0.050000
44	9	0.021739
44	17	0.030303
44	24	0.043478
44	25	0.043478
44	31	0.052632
44	38	0.052632
44	51	0.076923
44	55	0.043478
44	65	0.083333
44	153	0.125000
45	7	0.043478
45	15	0.029412
45	24	0.043478
45	26	0.043478
45	29	0.031250
45	33	0.050000
45	39	0.058824
45	49	0.050000
45	57	0.076923
45	69	0.062500
45	119	0.142857
46	9	0.021739
46	11	0.022727
46	13	0.024390
46	15	0.029412
46	17	0.030303
46	32	0.062500
46	37	0.066667
46	55	0.043478
46	85	0.071429
46	95	0.111111
46	99	0.076923
46	108	0.111111
46	129	0.111111
46	134	0.142857
46	177	0.142857
47	0	0.015873
47	1	0.050000
47	16	0.047619
47	20	0.027778
47	22	0.041667
47	30	0.066667
47	35	0.052632
47	53	0.062500
47	57	0.076923
47	86	0.100000
47	88	0.090909
47	102	0.090909
47	125	0.125000
47	133	0.125000
47	168	0.125000
48	15	0.029412
48	22	0.041667
48	25	0.043478
48	29	0.031250
48	37	0.066667
48	38	0.052632
48	40	0.045455
48	54	0.066667
48	59	0.066667
48	66	0.058824
48	70	0.076923
48	72	0.055556
48	121	0.142857
48	140	0.111111
48	141	0.125000
49	0	0.015873
49	11	0.022727
49	12	0.029412
49	20	0.027778
49	35	0.052632
49	40	0.045455
49	45	0.090909
49	51	0.076923
49	60	0.090909
49	72	0.055556
49	77	0.071429
49	92	0.083333
49	113	0.125000
49	123	0.125000
49	134	0.142857
49	137	0.111111
49	162	0.125000
49	166	0.142857
49	172	0.125000
49	179	0.142857
50	10	0.030303
50	11	0.022727
50	18	0.058824
50	26	0.043478
50	28	0.043478
50	38	0.052632
50	39	0.058824
50	55	0.043478
50	66	0.058824
50	72	0.055556
50	76	0.125000
50	83	0.090909
50	93	0.090909
50	102	0.090909
50	107	0.142857
50	114	0.125000
50	133	0.125000
50	140	0.111111
50	156	0.125000
50	180	0.142857
51	0	0.015873
51	14	0.032258
51	23	0.050000
51	25	0.043478
51	41	0.090909
51	44	0.090909
51	49	0.050000
51	61	0.100000
51	81	0.111111
51	86	0.100000
51	134	0.142857
51	155	0.142857
51	185	0.142857
52	17	0.030303
52	23	0.050000
52	24	0.043478
52	28	0.043478
52	29	0.031250
52	31	0.052632
52	34	0.058824
52	54	0.066667
52	57	0.076923
52	61	0.100000
52	73	0.076923
52	77	0.071429
52	90	0.142857
52	109	0.111111
52	110	0.142857
52	111	0.100000
52	123	0.125000
52	160	0.142857
52	185	0.142857
53	2	0.047619
53	6	0.021277
53	8	0.014286
53	9	0.021739
53	18	0.058824
53	35	0.052632
53	47	0.066667
53	71	0.041667
53	74	0.090909
53	84	0.076923
53	88	0.090909
53	90	0.142857
53	115	0.125000
53	144	0.125000
53	154	0.142857
53	157	0.125000
54	2	0.047619
54	6	0.021277
54	12	0.029412
54	22	0.041667
54	43	0.062500
54	48	0.066667
54	52	0.052632
54	62	0.083333
54	67	0.076923
54	78	0.100000
54	98	0.083333
54	105	0.142857
54	113	0.125000
54	176	0.142857
54	185	0.142857
55	8	0.014286
55	20	0.027778
55	27	0.038462
55	29	0.031250
55	44	0.090909
55	46	0.066667
55	50	0.050000
55	57	0.076923
55	59	0.066667
55	67	0.076923
55	72	0.055556
55	77	0.071429
55	81	0.111111
55	98	0.083333
55	105	0.142857
55	110	0.142857
55	112	0.090909
55	114	0.125000
55	118	0.111111
55	131	0.125000
55	132	0.142857
55	143	0.125000
55	176	0.142857
56	2	0.047619
56	9	0.021739
56	11	0.022727
56	13	0.024390
56	15	0.029412
56	24	0.043478
56	27	0.038462
56	76	0.125000
56	78	0.100000
56	83	0.090909
56	84	0.076923
56	97	0.111111
56	118	0.111111
56	138	0.142857
56	142	0.142857
56	185	0.142857
57	7	0.043478
57	29	0.031250
57	31	0.052632
57	45	0.090909
57	47	0.066667
57	52	0.052632
57	55	0.043478
57	60	0.090909
57	62	0.083333
57	63	0.111111
57	64	0.100000
57	142	0.142857
57	149	0.125000
58	6	0.021277
58	11	0.022727
58	12	0.029412
58	13	0.024390
58	16	0.047619
58	20	0.027778
58	32	0.062500
58	71	0.041667
58	82	0.090909
58	88	0.090909
58	93	0.090909
58	123	0.125000
58	148	0.142857
58	178	0.142857
58	187	0.142857
59	6	0.021277
59	8	0.014286
59	9	0.021739
59	20	0.027778
59	27	0.038462
59	48	0.066667
59	55	0.043478
59	60	0.090909
59	99	0.076923
59	106	0.100000
59	128	0.083333
59	136	0.100000
59	149	0.125000
59	180	0.142857
59	183	0.125000
60	3	0.045455
60	20	0.027778
60	27	0.038462
60	32	0.062500
60	49	0.050000
60	57	0.076923
60	59	0.066667
60	89	0.076923
60	101	0.100000
60	103	0.100000
60	111	0.100000
61	0	0.015873
61	19	0.058824
61	20	0.027778
61	25	0.043478
61	34	0.058824
61	51	0.076923
61	52	0.052632
61	90	0.142857
61	103	0.100000
61	131	0.125000
62	1	0.050000
62	3	0.045455
62	11	0.022727
62	14	0.032258
62	24	0.043478
62	54	0.066667
62	57	0.076923
62	111	0.100000
62	123	0.125000
62	135	0.142857
62	165	0.142857
62	173	0.142857
63	8	0.014286
63	9	0.021739
63	10	0.030303
63	20	0.027778
63	21	0.050000
63	38	0.052632
63	57	0.076923
63	70	0.076923
63	122	0.125000
64	4	0.083333
64	14	0.032258
64	27	0.038462
64	29	0.031250
64	34	0.058824
64	43	0.062500
64	57	0.076923
64	109	0.111111
64	122	0.125000
64	183	0.125000
65	0	0.015873
65	2	0.047619
65	3	0.045455
65	8	0.014286
65	14	0.032258
65	21	0.050000
65	44	0.090909
65	106	0.100000
65	120	0.111111
65	127	0.100000
65	144	0.125000
65	185	0.142857
66	1	0.050000
66	9	0.021739
66	21	0.050000
66	22	0.041667
66	40	0.045455
66	48	0.066667
66	50	0.050000
66	69	0.062500
66	76	0.125000
66	82	0.090909
66	83	0.090909
66	86	0.100000
66	87	0.125000
66	91	0.076923
66	132	0.142857
66	153	0.125000
66	172	0.125000
67	3	0.045455
67	4	0.083333
67	16	0.047619
67	23	0.050000
67	36	0.062500
67	54	0.066667
67	55	0.043478
67	85	0.071429
67	92	0.083333
67	109	0.111111
67	117	0.125000
67	140	0.111111
67	181	0.142857
68	4	0.083333
68	7	0.043478
68	8	0.014286
68	11	0.022727
68	12	0.029412
68	20	0.027778
68	39	0.058824
68	75	0.111111
68	89	0.076923
68	125	0.125000
68	152	0.125000
68	169	0.125000
68	176	0.142857
69	8	0.014286
69	11	0.022727
69	13	0.024390
69	19	0.058824
69	34	0.058824
69	45	0.090909
69	66	0.058824
69	70	0.076923
69	80	0.076923
69	90	0.142857
69	91	0.076923
69	103	0.100000
69	105	0.142857
69	106	0.100000
69	123	0.125000
69	166	0.142857
70	6	0.021277
70	20	0.027778
70	21	0.050000
70	28	0.043478
70	48	0.066667
70	63	0.111111
70	69	0.062500
70	78	0.100000
70	81	0.111111
70	111	0.100000
70	130	0.142857
70	140	0.111111
70	183	0.125000
71	0	0.015873
71	2	0.047619
71	16	0.047619
71	29	0.031250
71	42	0.090909
71	53	0.062500
71	58	0.066667
71	74	0.090909
71	79	0.100000
71	80	0.076923
71	92	0.083333
71	94	0.111111
71	101	0.100000
71	103	0.100000
71	106	0.100000
71	112	0.090909
71	115	0.125000
71	148	0.142857
71	149	0.125000
71	152	0.125000
71	156	0.125000
71	162	0.125000
71	174	0.142857
71	188	0.142857
72	8	0.014286
72	9	0.021739
72	15	0.029412
72	48	0.066667
72	49	0.050000
72	50	0.050000
72	55	0.043478
72	77	0.071429
72	82	0.090909
72	83	0.090909
72	87	0.125000
72	91	0.076923
72	99	0.076923
72	105	0.142857
72	126	0.125000
72	131	0.125000
72	132	0.142857
72	176	0.142857
73	0	0.015873
73	12	0.029412
73	14	0.032258
73	21	0.050000
73	26	0.043478
73	38	0.052632
73	52	0.052632
73	95	0.111111
73	102	0.090909
73	131	0.125000
73	133	0.125000
73	148	0.142857
73	155	0.142857
74	4	0.083333
74	8	0.014286
74	17	0.030303
74	20	0.027778
74	26	0.043478
74	53	0.062500
74	71	0.041667
74	136	0.100000
74	147	0.142857
74	160	0.142857
74	179	0.142857
75	0	0.015873
75	4	0.083333
75	30	0.066667
75	31	0.052632
75	32	0.062500
75	39	0.058824
75	68	0.076923
75	159	0.125000
75	181	0.142857
76	0	0.015873
76	8	0.014286
76	10	0.030303
76	13	0.024390
76	50	0.050000
76	56	0.062500
76	66	0.058824
76	100	0.142857
77	6	0.021277
77	8	0.014286
77	36	0.062500
77	49	0.050000
77	52	0.052632
77	55	0.043478
77	72	0.055556
77	78	0.100000
77	87	0.125000
77	89	0.076923
77	102	0.090909
77	111	0.100000
77	127	0.100000
77	147	0.142857
78	0	0.015873
78	16	0.047619
78	36	0.062500
78	54	0.066667
78	56	0.062500
78	70	0.076923
78	77	0.071429
78	122	0.125000
78	131	0.125000
78	145	0.142857
79	10	0.030303
79	15	0.029412
79	21	0.050000
79	29	0.031250
79	32	0.062500
79	35	0.052632
79	71	0.041667
79	82	0.090909
79	132	0.142857
79	137	0.111111
80	6	0.021277
80	8	0.014286
80	11	0.022727
80	16	0.047619
80	23	0.050000
80	69	0.062500
80	71	0.041667
80	86	0.100000
80	115	0.125000
80	137	0.111111
80	154	0.142857
80	161	0.125000
80	179	0.142857
81	0	0.015873
81	9	0.021739
81	24	0.043478
81	31	0.052632
81	51	0.076923
81	55	0.043478
81	70	0.076923
81	128	0.083333
81	166	0.142857
82	6	0.021277
82	11	0.022727
82	43	0.062500
82	58	0.066667
82	66	0.058824
82	72	0.055556
82	79	0.100000
82	128	0.083333
82	134	0.142857
82	150	0.142857
82	182	0.142857
83	13	0.024390
83	15	0.029412
83	29	0.031250
83	50	0.050000
83	56	0.062500
83	66	0.058824
83	72	0.055556
83	95	0.111111
83	118	0.111111
83	144	0.125000
83	170	0.142857
84	6	0.021277
84	7	0.043478
84	13	0.024390
84	25	0.043478
84	34	0.058824
84	53	0.062500
84	56	0.062500
84	90	0.142857
84	94	0.111111
84	119	0.142857
84	139	0.076923
84	146	0.111111
84	151	0.125000
85	0	0.015873
85	17	0.030303
85	27	0.038462
85	37	0.066667
85	39	0.058824
85	46	0.066667
85	67	0.076923
85	128	0.083333
85	136	0.100000
85	137	0.111111
85	145	0.142857
85	174	0.142857
85	175	0.142857
85	178	0.142857
86	0	0.015873
86	7	0.043478
86	16	0.047619
86	47	0.066667
86	51	0.076923
86	66	0.058824
86	80	0.076923
86	149	0.125000
86	152	0.125000
86	170	0.142857
87	25	0.043478
87	33	0.050000
87	34	0.058824
87	36	0.062500
87	66	0.058824
87	72	0.055556
87	77	0.071429
87	167	0.142857
88	6	0.021277
88	9	0.021739
88	11	0.022727
88	13	0.024390
88	47	0.066667
88	53	0.062500
88	58	0.066667
88	96	0.111111
88	109	0.111111
88	110	0.142857
88	182	0.142857
89	0	0.015873
89	9	0.021739
89	22	0.041667
89	30	0.066667
89	60	0.090909
89	68	0.076923
89	77	0.071429
89	105	0.142857
89	116	0.142857
89	135	0.142857
89	136	0.100000
89	148	0.142857
89	161	0.125000
90	0	0.015873
90	23	0.050000
90	52	0.052632
90	53	0.062500
90	61	0.100000
90	69	0.062500
90	84	0.076923
91	0	0.015873
91	8	0.014286
91	10	0.030303
91	20	0.027778
91	66	0.058824
91	69	0.062500
91	72	0.055556
91	92	0.083333
91	121	0.142857
91	150	0.142857
91	169	0.125000
91	170	0.142857
91	177	0.142857
92	11	0.022727
92	29	0.031250
92	35	0.052632
92	49	0.050000
92	67	0.076923
92	71	0.041667
92	91	0.076923
92	130	0.142857
92	138	0.142857
92	159	0.125000
92	186	0.142857
92	188	0.142857
93	0	0.015873
93	4	0.083333
93	33	0.050000
93	38	0.052632
93	40	0.045455
93	50	0.050000
93	58	0.066667
93	119	0.142857
93	148	0.142857
93	162	0.125000
93	174	0.142857
94	6	0.021277
94	11	0.022727
94	17	0.030303
94	27	0.038462
94	40	0.045455
94	71	0.041667
94	84	0.076923
94	103	0.100000
94	146	0.111111
95	8	0.014286
95	9	0.021739
95	17	0.030303
95	30	0.066667
95	46	0.066667
95	73	0.076923
95	83	0.090909
95	138	0.142857
95	143	0.125000
96	0	0.015873
96	9	0.021739
96	13	0.024390
96	15	0.029412
96	19	0.058824
96	26	0.043478
96	88	0.090909
96	126	0.125000
96	178	0.142857
97	2	0.047619
97	17	0.030303
97	24	0.043478
97	31	0.052632
97	36	0.062500
97	42	0.090909
97	56	0.062500
97	111	0.100000
97	157	0.125000
98	10	0.030303
98	13	0.024390
98	14	0.032258
98	20	0.027778
98	36	0.062500
98	54	0.066667
98	55	0.043478
98	105	0.142857
98	116	0.142857
98	121	0.142857
98	141	0.125000
98	145	0.142857
99	6	0.021277
99	8	0.014286
99	10	0.030303
99	31	0.052632
99	46	0.066667
99	59	0.066667
99	72	0.055556
99	122	0.125000
99	126	0.125000
99	135	0.142857
99	162	0.125000
99	167	0.142857
99	188	0.142857
100	0	0.015873
100	15	0.029412
100	26	0.043478
100	28	0.043478
100	41	0.090909
100	43	0.062500
100	76	0.125000
101	8	0.014286
101	11	0.022727
101	29	0.031250
101	35	0.052632
101	38	0.052632
101	60	0.090909
101	71	0.041667
101	123	0.125000
101	166	0.142857
101	169	0.125000
102	6	0.021277
102	8	0.014286
102	42	0.090909
102	47	0.066667
102	50	0.050000
102	73	0.076923
102	77	0.071429
102	117	0.125000
102	134	0.142857
102	137	0.111111
102	170	0.142857
103	11	0.022727
103	12	0.029412
103	60	0.090909
103	61	0.100000
103	69	0.062500
103	71	0.041667
103	94	0.111111
103	139	0.076923
103	183	0.125000
103	184	0.142857
104	0	0.015873
104	6	0.021277
104	8	0.014286
104	9	0.021739
104	20	0.027778
104	33	0.050000
104	37	0.066667
104	139	0.076923
104	184	0.142857
105	4	0.083333
105	54	0.066667
105	55	0.043478
105	69	0.062500
105	72	0.055556
105	89	0.076923
105	98	0.083333
106	12	0.029412
106	14	0.032258
106	38	0.052632
106	59	0.066667
106	65	0.083333
106	69	0.062500
106	71	0.041667
106	112	0.090909
106	135	0.142857
106	155	0.142857
107	1	0.050000
107	7	0.043478
107	8	0.014286
107	9	0.021739
107	14	0.032258
107	28	0.043478
107	50	0.050000
108	0	0.015873
108	1	0.050000
108	27	0.038462
108	34	0.058824
108	35	0.052632
108	38	0.052632
108	46	0.066667
108	130	0.142857
108	168	0.125000
109	14	0.032258
109	20	0.027778
109	40	0.045455
109	52	0.052632
109	64	0.100000
109	67	0.076923
109	88	0.090909
109	134	0.142857
109	155	0.142857
110	1	0.050000
110	2	0.047619
110	13	0.024390
110	18	0.058824
110	52	0.052632
110	55	0.043478
110	88	0.090909
111	17	0.030303
111	52	0.052632
111	60	0.090909
111	62	0.083333
111	70	0.076923
111	77	0.071429
111	97	0.111111
111	129	0.111111
111	146	0.111111
111	172	0.125000
112	8	0.014286
112	10	0.030303
112	17	0.030303
112	40	0.045455
112	55	0.043478
112	71	0.041667
112	106	0.100000
112	116	0.142857
112	157	0.125000
112	160	0.142857
112	187	0.142857
113	5	0.166667
113	13	0.024390
113	29	0.031250
113	32	0.062500
113	40	0.045455
113	49	0.050000
113	54	0.066667
113	143	0.125000
114	0	0.015873
114	15	0.029412
114	28	0.043478
114	38	0.052632
114	41	0.090909
114	50	0.050000
114	55	0.043478
114	116	0.142857
115	2	0.047619
115	8	0.014286
115	20	0.027778
115	29	0.031250
115	53	0.062500
115	71	0.041667
115	80	0.076923
115	138	0.142857
116	2	0.047619
116	8	0.014286
116	11	0.022727
116	89	0.076923
116	98	0.083333
116	112	0.090909
116	114	0.125000
117	0	0.015873
117	8	0.014286
117	17	0.030303
117	19	0.058824
117	24	0.043478
117	67	0.076923
117	102	0.090909
117	128	0.083333
118	8	0.014286
118	10	0.030303
118	15	0.029412
118	21	0.050000
118	55	0.043478
118	56	0.062500
118	83	0.090909
118	129	0.111111
118	188	0.142857
119	3	0.045455
119	17	0.030303
119	20	0.027778
119	29	0.031250
119	45	0.090909
119	84	0.076923
119	93	0.090909
120	7	0.043478
120	10	0.030303
120	22	0.041667
120	38	0.052632
120	40	0.045455
120	43	0.062500
120	65	0.083333
120	130	0.142857
120	140	0.111111
121	6	0.021277
121	8	0.014286
121	34	0.058824
121	37	0.066667
121	48	0.066667
121	91	0.076923
121	98	0.083333
122	11	0.022727
122	16	0.047619
122	29	0.031250
122	63	0.111111
122	64	0.100000
122	78	0.100000
122	99	0.076923
122	179	0.142857
123	8	0.014286
123	49	0.050000
123	52	0.052632
123	58	0.066667
123	62	0.083333
123	69	0.062500
123	101	0.100000
123	187	0.142857
124	0	0.015873
124	3	0.045455
124	8	0.014286
124	12	0.029412
124	18	0.058824
124	22	0.041667
124	27	0.038462
124	126	0.125000
124	158	0.142857
125	8	0.014286
125	17	0.030303
125	22	0.041667
125	23	0.050000
125	36	0.062500
125	47	0.066667
125	68	0.076923
125	147	0.142857
126	7	0.043478
126	14	0.032258
126	43	0.062500
126	72	0.055556
126	96	0.111111
126	99	0.076923
126	124	0.111111
126	175	0.142857
127	1	0.050000
127	13	0.024390
127	15	0.029412
127	23	0.050000
127	28	0.043478
127	65	0.083333
127	77	0.071429
127	142	0.142857
127	154	0.142857
127	173	0.142857
128	8	0.014286
128	10	0.030303
128	59	0.066667
128	81	0.111111
128	82	0.090909
128	85	0.071429
128	117	0.125000
128	133	0.125000
128	149	0.125000
128	156	0.125000
128	174	0.142857
128	187	0.142857
129	11	0.022727
129	13	0.024390
129	26	0.043478
129	39	0.058824
129	46	0.066667
129	111	0.100000
129	118	0.111111
129	164	0.111111
129	173	0.142857
130	8	0.014286
130	9	0.021739
130	28	0.043478
130	70	0.076923
130	92	0.083333
130	108	0.111111
130	120	0.111111
131	8	0.014286
131	14	0.032258
131	55	0.043478
131	61	0.100000
131	72	0.055556
131	73	0.076923
131	78	0.100000
131	185	0.142857
132	31	0.052632
132	33	0.050000
132	40	0.045455
132	55	0.043478
132	66	0.058824
132	72	0.055556
132	79	0.100000
133	6	0.021277
133	20	0.027778
133	27	0.038462
133	47	0.066667
133	50	0.050000
133	73	0.076923
133	128	0.083333
133	186	0.142857
134	33	0.050000
134	46	0.066667
134	49	0.050000
134	51	0.076923
134	82	0.090909
134	102	0.090909
134	109	0.111111
135	12	0.029412
135	13	0.024390
135	17	0.030303
135	62	0.083333
135	89	0.076923
135	99	0.076923
135	106	0.100000
136	2	0.047619
136	6	0.021277
136	33	0.050000
136	59	0.066667
136	74	0.090909
136	85	0.071429
136	89	0.076923
136	141	0.125000
136	158	0.142857
136	160	0.142857
137	25	0.043478
137	27	0.038462
137	49	0.050000
137	79	0.100000
137	80	0.076923
137	85	0.071429
137	102	0.090909
137	154	0.142857
137	183	0.125000
138	15	0.029412
138	16	0.047619
138	20	0.027778
138	56	0.062500
138	92	0.083333
138	95	0.111111
138	115	0.125000
139	0	0.015873
139	16	0.047619
139	17	0.030303
139	29	0.031250
139	84	0.076923
139	103	0.100000
139	104	0.111111
139	152	0.125000
139	157	0.125000
139	163	0.142857
139	165	0.142857
139	173	0.142857
139	180	0.142857
140	7	0.043478
140	15	0.029412
140	48	0.066667
140	50	0.050000
140	67	0.076923
140	70	0.076923
140	120	0.111111
140	165	0.142857
140	170	0.142857
141	9	0.021739
141	20	0.027778
141	21	0.050000
141	32	0.062500
141	48	0.066667
141	98	0.083333
141	136	0.100000
141	163	0.142857
142	7	0.043478
142	9	0.021739
142	13	0.024390
142	19	0.058824
142	56	0.062500
142	57	0.076923
142	127	0.100000
143	6	0.021277
143	7	0.043478
143	8	0.014286
143	26	0.043478
143	55	0.043478
143	95	0.111111
143	113	0.125000
143	145	0.142857
144	8	0.014286
144	22	0.041667
144	24	0.043478
144	29	0.031250
144	53	0.062500
144	65	0.083333
144	83	0.090909
144	177	0.142857
145	24	0.043478
145	26	0.043478
145	39	0.058824
145	78	0.100000
145	85	0.071429
145	98	0.083333
145	143	0.125000
146	15	0.029412
146	26	0.043478
146	40	0.045455
146	43	0.062500
146	84	0.076923
146	94	0.111111
146	111	0.100000
146	164	0.111111
146	174	0.142857
147	3	0.045455
147	8	0.014286
147	35	0.052632
147	40	0.045455
147	74	0.090909
147	77	0.071429
147	125	0.125000
148	14	0.032258
148	32	0.062500
148	58	0.066667
148	71	0.041667
148	73	0.076923
148	89	0.076923
148	93	0.090909
149	9	0.021739
149	29	0.031250
149	57	0.076923
149	59	0.066667
149	71	0.041667
149	86	0.100000
149	128	0.083333
149	166	0.142857
150	3	0.045455
150	6	0.021277
150	17	0.030303
150	20	0.027778
150	25	0.043478
150	82	0.090909
150	91	0.076923
151	13	0.024390
151	14	0.032258
151	17	0.030303
151	23	0.050000
151	27	0.038462
151	29	0.031250
151	84	0.076923
151	162	0.125000
152	0	0.015873
152	2	0.047619
152	24	0.043478
152	68	0.076923
152	71	0.041667
152	86	0.100000
152	139	0.076923
152	171	0.142857
153	0	0.015873
153	2	0.047619
153	10	0.030303
153	29	0.031250
153	41	0.090909
153	44	0.090909
153	66	0.058824
153	168	0.125000
154	12	0.029412
154	20	0.027778
154	39	0.058824
154	53	0.062500
154	80	0.076923
154	127	0.100000
154	137	0.111111
155	1	0.050000
155	9	0.021739
155	13	0.024390
155	51	0.076923
155	73	0.076923
155	106	0.100000
155	109	0.111111
156	0	0.015873
156	17	0.030303
156	22	0.041667
156	26	0.043478
156	50	0.050000
156	71	0.041667
156	128	0.083333
156	177	0.142857
157	7	0.043478
157	16	0.047619
157	31	0.052632
157	53	0.062500
157	97	0.111111
157	112	0.090909
157	139	0.076923
157	182	0.142857
158	12	0.029412
158	29	0.031250
158	35	0.052632
158	37	0.066667
158	42	0.090909
158	124	0.111111
158	136	0.100000
159	0	0.015873
159	13	0.024390
159	31	0.052632
159	33	0.050000
159	43	0.062500
159	75	0.111111
159	92	0.083333
159	168	0.125000
160	6	0.021277
160	14	0.032258
160	20	0.027778
160	52	0.052632
160	74	0.090909
160	112	0.090909
160	136	0.100000
161	8	0.014286
161	17	0.030303
161	20	0.027778
161	24	0.043478
161	40	0.045455
161	80	0.076923
161	89	0.076923
161	164	0.111111
162	33	0.050000
162	36	0.062500
162	49	0.050000
162	71	0.041667
162	93	0.090909
162	99	0.076923
162	151	0.125000
162	187	0.142857
163	0	0.015873
163	9	0.021739
163	12	0.029412
163	31	0.052632
163	33	0.050000
163	139	0.076923
163	141	0.125000
164	8	0.014286
164	10	0.030303
164	14	0.032258
164	15	0.029412
164	129	0.111111
164	146	0.111111
164	161	0.125000
164	167	0.142857
164	178	0.142857
165	12	0.029412
165	15	0.029412
165	36	0.062500
165	39	0.058824
165	62	0.083333
165	139	0.076923
165	140	0.111111
166	8	0.014286
166	10	0.030303
166	49	0.050000
166	69	0.062500
166	81	0.111111
166	101	0.100000
166	149	0.125000
167	6	0.021277
167	12	0.029412
167	19	0.058824
167	29	0.031250
167	87	0.125000
167	99	0.076923
167	164	0.111111
168	7	0.043478
168	25	0.043478
168	27	0.038462
168	47	0.066667
168	108	0.111111
168	153	0.125000
168	159	0.125000
168	176	0.142857
169	6	0.021277
169	25	0.043478
169	27	0.038462
169	33	0.050000
169	68	0.076923
169	91	0.076923
169	101	0.100000
169	175	0.142857
170	0	0.015873
170	20	0.027778
170	83	0.090909
170	86	0.100000
170	91	0.076923
170	102	0.090909
170	140	0.111111
171	3	0.045455
171	5	0.166667
171	8	0.014286
171	17	0.030303
171	35	0.052632
171	38	0.052632
171	152	0.125000
172	2	0.047619
172	6	0.021277
172	26	0.043478
172	27	0.038462
172	49	0.050000
172	66	0.058824
172	111	0.100000
172	174	0.142857
173	13	0.024390
173	17	0.030303
173	23	0.050000
173	62	0.083333
173	127	0.100000
173	129	0.111111
173	139	0.076923
174	23	0.050000
174	71	0.041667
174	85	0.071429
174	93	0.090909
174	128	0.083333
174	146	0.111111
174	172	0.125000
175	13	0.024390
175	14	0.032258
175	24	0.043478
175	25	0.043478
175	85	0.071429
175	126	0.125000
175	169	0.125000
176	8	0.014286
176	29	0.031250
176	54	0.066667
176	55	0.043478
176	68	0.076923
176	72	0.055556
176	168	0.125000
177	3	0.045455
177	13	0.024390
177	18	0.058824
177	46	0.066667
177	91	0.076923
177	144	0.125000
177	156	0.125000
178	25	0.043478
178	28	0.043478
178	39	0.058824
178	58	0.066667
178	85	0.071429
178	96	0.111111
178	164	0.111111
179	6	0.021277
179	15	0.029412
179	35	0.052632
179	49	0.050000
179	74	0.090909
179	80	0.076923
179	122	0.125000
180	6	0.021277
180	11	0.022727
180	15	0.029412
180	27	0.038462
180	50	0.050000
180	59	0.066667
180	139	0.076923
181	0	0.015873
181	6	0.021277
181	15	0.029412
181	23	0.050000
181	27	0.038462
181	67	0.076923
181	75	0.111111
182	9	0.021739
182	11	0.022727
182	15	0.029412
182	19	0.058824
182	82	0.090909
182	88	0.090909
182	157	0.125000
183	11	0.022727
183	31	0.052632
183	59	0.066667
183	64	0.100000
183	70	0.076923
183	103	0.100000
183	137	0.111111
183	186	0.142857
184	1	0.050000
184	6	0.021277
184	8	0.014286
184	21	0.050000
184	35	0.052632
184	103	0.100000
184	104	0.111111
185	37	0.066667
185	51	0.076923
185	52	0.052632
185	54	0.066667
185	56	0.062500
185	65	0.083333
185	131	0.125000
186	0	0.015873
186	3	0.045455
186	33	0.050000
186	43	0.062500
186	92	0.083333
186	133	0.125000
186	183	0.125000
187	0	0.015873
187	12	0.029412
187	58	0.066667
187	112	0.090909
187	123	0.125000
187	128	0.083333
187	162	0.125000
188	22	0.041667
188	28	0.043478
188	40	0.045455
188	71	0.041667
188	92	0.083333
188	99	0.076923
188	118	0.111111
