186	2506
0	1	0.043478
0	2	0.038462
0	3	0.037037
0	4	0.050000
0	5	0.033333
0	6	0.125000
0	7	0.050000
0	8	0.019231
0	9	0.021277
0	10	0.035714
0	11	0.016129
0	12	0.022222
0	13	0.028571
0	17	0.029412
0	20	0.028571
0	23	0.052632
0	26	0.033333
0	27	0.052632
0	33	0.050000
0	36	0.062500
0	38	0.050000
0	60	0.071429
0	61	0.062500
0	68	0.100000
0	69	0.090909
0	72	0.062500
0	76	0.083333
0	93	0.111111
0	95	0.071429
0	97	0.142857
0	98	0.083333
0	99	0.142857
0	106	0.125000
0	121	0.142857
0	123	0.100000
0	124	0.066667
0	128	0.090909
0	129	0.111111
0	131	0.100000
0	139	0.142857
0	148	0.111111
0	152	0.111111
0	184	0.142857
1	0	0.023256
1	8	0.019231
1	9	0.021277
1	10	0.035714
1	12	0.022222
1	13	0.028571
1	18	0.025000
1	21	0.083333
1	29	0.090909
1	32	0.043478
1	34	0.066667
1	35	0.071429
1	52	0.047619
1	56	0.076923
1	92	0.100000
1	96	0.100000
1	99	0.142857
1	106	0.125000
1	123	0.100000
1	128	0.090909
1	143	0.142857
1	154	0.142857
1	171	0.125000
2	0	0.023256
2	8	0.019231
2	9	0.021277
2	11	0.016129
2	13	0.028571
2	17	0.029412
2	19	0.035714
2	21	0.083333
2	29	0.090909
2	37	0.066667
2	48	0.083333
2	59	0.040000
2	60	0.071429
2	88	0.076923
2	93	0.111111
2	102	0.111111
2	117	0.100000
2	135	0.125000
2	142	0.142857
2	147	0.111111
2	149	0.111111
2	152	0.111111
2	156	0.142857
2	161	0.125000
2	173	0.142857
2	174	0.142857
3	0	0.023256
3	8	0.019231
3	9	0.021277
3	10	0.035714
3	11	0.016129
3	13	0.028571
3	14	0.035714
3	18	0.025000
3	19	0.035714
3	22	0.043478
3	23	0.052632
3	26	0.033333
3	28	0.052632
3	41	0.071429
3	46	0.100000
3	48	0.083333
3	60	0.071429
3	65	0.083333
3	69	0.090909
3	79	0.090909
3	84	0.111111
3	108	0.111111
3	130	0.125000
3	142	0.142857
3	146	0.125000
3	150	0.142857
3	180	0.142857
4	0	0.023256
4	8	0.019231
4	9	0.021277
4	11	0.016129
4	12	0.022222
4	14	0.035714
4	15	0.043478
4	19	0.035714
4	30	0.062500
4	33	0.050000
4	37	0.066667
4	50	0.100000
4	51	0.100000
4	88	0.076923
4	99	0.142857
4	113	0.090909
4	119	0.111111
4	136	0.125000
4	141	0.111111
4	177	0.142857
5	0	0.023256
5	8	0.019231
5	10	0.035714
5	12	0.022222
5	14	0.035714
5	16	0.032258
5	17	0.029412
5	23	0.052632
5	25	0.066667
5	26	0.033333
5	28	0.052632
5	32	0.043478
5	36	0.062500
5	38	0.050000
5	45	0.090909
5	53	0.071429
5	57	0.058824
5	62	0.090909
5	63	0.071429
5	83	0.100000
5	89	0.090909
5	101	0.100000
5	108	0.111111
5	113	0.090909
5	153	0.142857
5	158	0.125000
5	159	0.142857
5	166	0.125000
5	175	0.142857
5	184	0.142857
6	0	0.023256
6	8	0.019231
6	9	0.021277
6	21	0.083333
6	30	0.062500
6	74	0.076923
6	117	0.100000
6	150	0.142857
7	0	0.023256
7	10	0.035714
7	12	0.022222
7	26	0.033333
7	42	0.083333
7	43	0.076923
7	44	0.083333
7	46	0.100000
7	54	0.090909
7	67	0.055556
7	80	0.076923
7	84	0.111111
7	91	0.125000
7	110	0.090909
7	114	0.083333
7	120	0.111111
7	125	0.111111
7	129	0.111111
7	158	0.125000
7	184	0.142857
8	0	0.023256
8	1	0.043478
8	2	0.038462
8	3	0.037037
8	4	0.050000
8	5	0.033333
8	6	0.125000
8	9	0.021277
8	10	0.035714
8	11	0.016129
8	13	0.028571
8	14	0.035714
8	15	0.043478
8	16	0.032258
8	20	0.028571
8	21	0.083333
8	25	0.066667
8	28	0.052632
8	32	0.043478
8	33	0.050000
8	34	0.066667
8	36	0.062500
8	39	0.076923
8	42	0.083333
8	44	0.083333
8	46	0.100000
8	47	0.055556
8	56	0.076923
8	61	0.062500
8	64	0.083333
8	66	0.100000
8	75	0.055556
8	77	0.083333
8	82	0.111111
8	84	0.111111
8	85	0.076923
8	86	0.083333
8	87	0.083333
8	94	0.142857
8	98	0.083333
8	101	0.100000
8	103	0.111111
8	104	0.125000
8	105	0.111111
8	106	0.125000
8	114	0.083333
8	118	0.090909
8	140	0.142857
8	160	0.125000
8	173	0.142857
8	179	0.142857
8	185	0.142857
9	0	0.023256
9	1	0.043478
9	2	0.038462
9	3	0.037037
9	4	0.050000
9	6	0.125000
9	8	0.019231
9	10	0.035714
9	11	0.016129
9	12	0.022222
9	14	0.035714
9	15	0.043478
9	16	0.032258
9	18	0.025000
9	19	0.035714
9	20	0.028571
9	22	0.043478
9	23	0.052632
9	24	0.047619
9	25	0.066667
9	30	0.062500
9	37	0.066667
9	39	0.076923
9	40	0.047619
9	41	0.071429
9	48	0.083333
9	49	0.071429
9	55	0.052632
9	63	0.071429
9	65	0.083333
9	71	0.090909
9	75	0.055556
9	77	0.083333
9	80	0.076923
9	81	0.076923
9	84	0.111111
9	103	0.111111
9	109	0.125000
9	115	0.083333
9	118	0.090909
9	124	0.066667
9	130	0.125000
9	133	0.142857
9	153	0.142857
9	164	0.125000
9	170	0.142857
9	178	0.142857
10	0	0.023256
10	1	0.043478
10	3	0.037037
10	5	0.033333
10	7	0.050000
10	8	0.019231
10	9	0.021277
10	11	0.016129
10	13	0.028571
10	16	0.032258
10	18	0.025000
10	31	0.050000
10	38	0.050000
10	41	0.071429
10	44	0.083333
10	47	0.055556
10	51	0.100000
10	52	0.047619
10	54	0.090909
10	59	0.040000
10	66	0.100000
10	94	0.142857
10	101	0.100000
10	104	0.125000
10	108	0.111111
10	112	0.100000
10	119	0.111111
10	130	0.125000
11	0	0.023256
11	2	0.038462
11	3	0.037037
11	4	0.050000
11	8	0.019231
11	9	0.021277
11	10	0.035714
11	12	0.022222
11	13	0.028571
11	14	0.035714
11	15	0.043478
11	16	0.032258
11	17	0.029412
11	18	0.025000
11	20	0.028571
11	22	0.043478
11	24	0.047619
11	25	0.066667
11	26	0.033333
11	27	0.052632
11	28	0.052632
11	29	0.090909
11	31	0.050000
11	32	0.043478
11	35	0.071429
11	36	0.062500
11	37	0.066667
11	38	0.050000
11	39	0.076923
11	41	0.071429
11	46	0.100000
11	49	0.071429
11	54	0.090909
11	55	0.052632
11	58	0.058824
11	63	0.071429
11	66	0.100000
11	68	0.100000
11	71	0.090909
11	73	0.090909
11	75	0.055556
11	79	0.090909
11	85	0.076923
11	86	0.083333
11	87	0.083333
11	92	0.100000
11	95	0.071429
11	97	0.142857
11	98	0.083333
11	99	0.142857
11	103	0.111111
11	104	0.125000
11	120	0.111111
11	124	0.066667
11	125	0.111111
11	128	0.090909
11	144	0.142857
11	147	0.111111
11	150	0.142857
11	174	0.142857
11	175	0.142857
11	176	0.142857
12	0	0.023256
12	1	0.043478
12	4	0.050000
12	5	0.033333
12	7	0.050000
12	9	0.021277
12	11	0.016129
12	15	0.043478
12	16	0.032258
12	20	0.028571
12	21	0.083333
12	22	0.043478
12	31	0.050000
12	32	0.043478
12	33	0.050000
12	34	0.066667
12	36	0.062500
12	39	0.076923
12	42	0.083333
12	43	0.076923
12	45	0.090909
12	47	0.055556
12	48	0.083333
12	67	0.055556
12	75	0.055556
12	83	0.100000
12	86	0.083333
12	96	0.100000
12	97	0.142857
12	100	0.100000
12	103	0.111111
12	105	0.111111
12	109	0.125000
12	113	0.090909
12	114	0.083333
12	115	0.083333
12	122	0.142857
12	124	0.066667
12	149	0.111111
12	152	0.111111
12	154	0.142857
12	157	0.125000
12	168	0.142857
12	169	0.142857
12	170	0.142857
13	0	0.023256
13	1	0.043478
13	2	0.038462
13	3	0.037037
13	8	0.019231
13	10	0.035714
13	11	0.016129
13	14	0.035714
13	15	0.043478
13	16	0.032258
13	17	0.029412
13	19	0.035714
13	23	0.052632
13	24	0.047619
13	27	0.052632
13	31	0.050000
13	33	0.050000
13	38	0.050000
13	40	0.047619
13	45	0.090909
13	51	0.100000
13	53	0.071429
13	60	0.071429
13	64	0.083333
13	67	0.055556
13	74	0.076923
13	82	0.111111
13	90	0.142857
13	98	0.083333
13	100	0.100000
13	127	0.100000
13	161	0.125000
13	165	0.142857
13	175	0.142857
13	185	0.142857
14	3	0.037037
14	4	0.050000
14	5	0.033333
14	8	0.019231
14	9	0.021277
14	11	0.016129
14	13	0.028571
14	15	0.043478
14	19	0.035714
14	24	0.047619
14	26	0.033333
14	29	0.090909
14	31	0.050000
14	35	0.071429
14	43	0.076923
14	44	0.083333
14	49	0.071429
14	59	0.040000
14	91	0.125000
14	120	0.111111
14	135	0.125000
14	152	0.111111
14	155	0.142857
14	169	0.142857
14	170	0.142857
14	177	0.142857
14	179	0.142857
14	180	0.142857
15	4	0.050000
15	8	0.019231
15	9	0.021277
15	11	0.016129
15	12	0.022222
15	13	0.028571
15	14	0.035714
15	17	0.029412
15	18	0.025000
15	23	0.052632
15	42	0.083333
15	46	0.100000
15	57	0.058824
15	62	0.090909
15	65	0.083333
15	87	0.083333
15	104	0.125000
15	106	0.125000
15	116	0.111111
15	119	0.111111
15	141	0.111111
15	151	0.142857
15	154	0.142857
16	5	0.033333
16	8	0.019231
16	9	0.021277
16	10	0.035714
16	11	0.016129
16	12	0.022222
16	13	0.028571
16	17	0.029412
16	20	0.028571
16	21	0.083333
16	25	0.066667
16	29	0.090909
16	36	0.062500
16	53	0.071429
16	73	0.090909
16	76	0.083333
16	81	0.076923
16	87	0.083333
16	97	0.142857
16	99	0.142857
16	107	0.111111
16	112	0.100000
16	114	0.083333
16	119	0.111111
16	125	0.111111
16	132	0.090909
16	136	0.125000
16	163	0.142857
16	166	0.125000
16	171	0.125000
16	178	0.142857
17	0	0.023256
17	2	0.038462
17	5	0.033333
17	11	0.016129
17	13	0.028571
17	15	0.043478
17	16	0.032258
17	18	0.025000
17	19	0.035714
17	20	0.028571
17	22	0.043478
17	25	0.066667
17	26	0.033333
17	27	0.052632
17	35	0.071429
17	37	0.066667
17	42	0.083333
17	43	0.076923
17	44	0.083333
17	57	0.058824
17	78	0.062500
17	85	0.076923
17	89	0.090909
17	97	0.142857
17	112	0.100000
17	127	0.100000
17	130	0.125000
17	133	0.142857
17	142	0.142857
17	145	0.111111
17	148	0.111111
17	153	0.142857
17	160	0.125000
17	178	0.142857
18	1	0.043478
18	3	0.037037
18	9	0.021277
18	10	0.035714
18	11	0.016129
18	15	0.043478
18	17	0.029412
18	22	0.043478
18	24	0.047619
18	27	0.052632
18	28	0.052632
18	30	0.062500
18	31	0.050000
18	36	0.062500
18	40	0.047619
18	49	0.071429
18	55	0.052632
18	56	0.076923
18	58	0.058824
18	60	0.071429
18	62	0.090909
18	65	0.083333
18	67	0.055556
18	69	0.090909
18	70	0.052632
18	78	0.062500
18	79	0.090909
18	90	0.142857
18	93	0.111111
18	108	0.111111
18	111	0.125000
18	115	0.083333
18	118	0.090909
18	133	0.142857
18	135	0.125000
18	148	0.111111
18	155	0.142857
18	156	0.142857
18	175	0.142857
18	179	0.142857
19	2	0.038462
19	3	0.037037
19	4	0.050000
19	9	0.021277
19	13	0.028571
19	14	0.035714
19	17	0.029412
19	24	0.047619
19	27	0.052632
19	34	0.066667
19	40	0.047619
19	48	0.083333
19	49	0.071429
19	50	0.100000
19	53	0.071429
19	59	0.040000
19	71	0.090909
19	72	0.062500
19	89	0.090909
19	103	0.111111
19	110	0.090909
19	111	0.125000
19	112	0.100000
19	138	0.142857
19	152	0.111111
19	159	0.142857
19	168	0.142857
19	176	0.142857
20	0	0.023256
20	8	0.019231
20	9	0.021277
20	11	0.016129
20	12	0.022222
20	16	0.032258
20	17	0.029412
20	21	0.083333
20	22	0.043478
20	24	0.047619
20	28	0.052632
20	29	0.090909
20	30	0.062500
20	32	0.043478
20	37	0.066667
20	38	0.050000
20	42	0.083333
20	54	0.090909
20	55	0.052632
20	56	0.076923
20	58	0.058824
20	78	0.062500
20	84	0.111111
20	101	0.100000
20	107	0.111111
20	112	0.100000
20	113	0.090909
20	120	0.111111
20	129	0.111111
20	137	0.125000
20	143	0.142857
20	148	0.111111
20	155	0.142857
20	169	0.142857
20	174	0.142857
21	1	0.043478
21	2	0.038462
21	6	0.125000
21	8	0.019231
21	12	0.022222
21	16	0.032258
21	20	0.028571
21	41	0.071429
21	60	0.071429
21	124	0.066667
21	141	0.111111
21	146	0.125000
22	3	0.037037
22	9	0.021277
22	11	0.016129
22	12	0.022222
22	17	0.029412
22	18	0.025000
22	20	0.028571
22	23	0.052632
22	28	0.052632
22	30	0.062500
22	37	0.066667
22	43	0.076923
22	47	0.055556
22	48	0.083333
22	49	0.071429
22	69	0.090909
22	75	0.055556
22	81	0.076923
22	97	0.142857
22	98	0.083333
22	122	0.142857
22	126	0.125000
22	181	0.125000
23	0	0.023256
23	3	0.037037
23	5	0.033333
23	9	0.021277
23	13	0.028571
23	15	0.043478
23	22	0.043478
23	25	0.066667
23	38	0.050000
23	43	0.076923
23	52	0.047619
23	53	0.071429
23	57	0.058824
23	67	0.055556
23	79	0.090909
23	102	0.111111
23	129	0.111111
23	133	0.142857
23	167	0.142857
24	9	0.021277
24	11	0.016129
24	13	0.028571
24	14	0.035714
24	18	0.025000
24	19	0.035714
24	20	0.028571
24	29	0.090909
24	32	0.043478
24	33	0.050000
24	44	0.083333
24	45	0.090909
24	47	0.055556
24	52	0.047619
24	59	0.040000
24	61	0.062500
24	70	0.052632
24	83	0.100000
24	140	0.142857
24	144	0.142857
24	183	0.142857
25	5	0.033333
25	8	0.019231
25	9	0.021277
25	11	0.016129
25	16	0.032258
25	17	0.029412
25	23	0.052632
25	34	0.066667
25	44	0.083333
25	52	0.047619
25	59	0.040000
25	61	0.062500
25	70	0.052632
25	134	0.111111
25	170	0.142857
26	0	0.023256
26	3	0.037037
26	5	0.033333
26	7	0.050000
26	11	0.016129
26	14	0.035714
26	17	0.029412
26	27	0.052632
26	33	0.050000
26	34	0.066667
26	39	0.076923
26	61	0.062500
26	73	0.090909
26	75	0.055556
26	78	0.062500
26	79	0.090909
26	81	0.076923
26	83	0.100000
26	89	0.090909
26	94	0.142857
26	104	0.125000
26	109	0.125000
26	118	0.090909
26	138	0.142857
26	139	0.142857
26	145	0.111111
26	149	0.111111
26	160	0.125000
26	170	0.142857
26	173	0.142857
27	0	0.023256
27	11	0.016129
27	13	0.028571
27	17	0.029412
27	18	0.025000
27	19	0.035714
27	26	0.033333
27	30	0.062500
27	31	0.050000
27	34	0.066667
27	35	0.071429
27	62	0.090909
27	64	0.083333
27	66	0.100000
27	93	0.111111
27	100	0.100000
27	116	0.111111
27	135	0.125000
27	150	0.142857
28	3	0.037037
28	5	0.033333
28	8	0.019231
28	11	0.016129
28	18	0.025000
28	20	0.028571
28	22	0.043478
28	35	0.071429
28	40	0.047619
28	45	0.090909
28	50	0.100000
28	73	0.090909
28	76	0.083333
28	91	0.125000
28	103	0.111111
28	111	0.125000
28	125	0.111111
28	146	0.125000
28	166	0.125000
29	1	0.043478
29	2	0.038462
29	11	0.016129
29	14	0.035714
29	16	0.032258
29	20	0.028571
29	24	0.047619
29	54	0.090909
29	85	0.076923
29	107	0.111111
29	109	0.125000
30	4	0.050000
30	6	0.125000
30	9	0.021277
30	18	0.025000
30	20	0.028571
30	22	0.043478
30	27	0.052632
30	40	0.047619
30	51	0.100000
30	55	0.052632
30	64	0.083333
30	71	0.090909
30	73	0.090909
30	96	0.100000
30	105	0.111111
30	135	0.125000
31	10	0.035714
31	11	0.016129
31	12	0.022222
31	13	0.028571
31	14	0.035714
31	18	0.025000
31	27	0.052632
31	50	0.100000
31	51	0.100000
31	62	0.090909
31	68	0.100000
31	69	0.090909
31	70	0.052632
31	74	0.076923
31	92	0.100000
31	100	0.100000
31	103	0.111111
31	129	0.111111
31	165	0.142857
31	185	0.142857
32	1	0.043478
32	5	0.033333
32	8	0.019231
32	11	0.016129
32	12	0.022222
32	20	0.028571
32	24	0.047619
32	46	0.100000
32	54	0.090909
32	60	0.071429
32	69	0.090909
32	81	0.076923
32	82	0.111111
32	83	0.100000
32	87	0.083333
32	88	0.076923
32	98	0.083333
32	114	0.083333
32	126	0.125000
32	136	0.125000
32	141	0.111111
32	147	0.111111
32	168	0.142857
33	0	0.023256
33	4	0.050000
33	8	0.019231
33	12	0.022222
33	13	0.028571
33	24	0.047619
33	26	0.033333
33	35	0.071429
33	40	0.047619
33	41	0.071429
33	42	0.083333
33	45	0.090909
33	52	0.047619
33	55	0.052632
33	62	0.090909
33	91	0.125000
33	113	0.090909
33	132	0.090909
33	162	0.142857
33	178	0.142857
34	1	0.043478
34	8	0.019231
34	12	0.022222
34	19	0.035714
34	25	0.066667
34	26	0.033333
34	27	0.052632
34	52	0.047619
34	53	0.071429
34	70	0.052632
34	89	0.090909
34	111	0.125000
34	123	0.100000
34	132	0.090909
34	157	0.125000
35	1	0.043478
35	11	0.016129
35	14	0.035714
35	17	0.029412
35	27	0.052632
35	28	0.052632
35	33	0.050000
35	41	0.071429
35	48	0.083333
35	57	0.058824
35	68	0.100000
35	76	0.083333
35	127	0.100000
35	180	0.142857
36	0	0.023256
36	5	0.033333
36	8	0.019231
36	11	0.016129
36	12	0.022222
36	16	0.032258
36	18	0.025000
36	39	0.076923
36	51	0.100000
36	58	0.058824
36	66	0.100000
36	79	0.090909
36	105	0.111111
36	116	0.111111
36	145	0.111111
36	179	0.142857
37	2	0.038462
37	4	0.050000
37	9	0.021277
37	11	0.016129
37	17	0.029412
37	20	0.028571
37	22	0.043478
37	39	0.076923
37	47	0.055556
37	58	0.058824
37	124	0.066667
37	132	0.090909
37	137	0.125000
37	145	0.111111
37	180	0.142857
38	0	0.023256
38	5	0.033333
38	10	0.035714
38	11	0.016129
38	13	0.028571
38	20	0.028571
38	23	0.052632
38	45	0.090909
38	49	0.071429
38	74	0.076923
38	113	0.090909
38	115	0.083333
38	122	0.142857
38	144	0.142857
38	151	0.142857
38	169	0.142857
38	178	0.142857
38	180	0.142857
38	183	0.142857
38	184	0.142857
39	8	0.019231
39	9	0.021277
39	11	0.016129
39	12	0.022222
39	26	0.033333
39	36	0.062500
39	37	0.066667
39	46	0.100000
39	53	0.071429
39	61	0.062500
39	71	0.090909
39	73	0.090909
39	160	0.125000
40	9	0.021277
40	13	0.028571
40	18	0.025000
40	19	0.035714
40	28	0.052632
40	30	0.062500
40	33	0.050000
40	43	0.076923
40	47	0.055556
40	56	0.076923
40	72	0.062500
40	80	0.076923
40	87	0.083333
40	90	0.142857
40	101	0.100000
40	110	0.090909
40	111	0.125000
40	150	0.142857
40	166	0.125000
40	170	0.142857
40	182	0.142857
41	3	0.037037
41	9	0.021277
41	10	0.035714
41	11	0.016129
41	21	0.083333
41	33	0.050000
41	35	0.071429
41	51	0.100000
41	67	0.055556
41	95	0.071429
41	97	0.142857
41	128	0.090909
41	137	0.125000
41	162	0.142857
42	7	0.050000
42	8	0.019231
42	12	0.022222
42	15	0.043478
42	17	0.029412
42	20	0.028571
42	33	0.050000
42	65	0.083333
42	76	0.083333
42	80	0.076923
42	127	0.100000
42	147	0.111111
43	7	0.050000
43	12	0.022222
43	14	0.035714
43	17	0.029412
43	22	0.043478
43	23	0.052632
43	40	0.047619
43	50	0.100000
43	120	0.111111
43	123	0.100000
43	160	0.125000
43	163	0.142857
43	184	0.142857
44	7	0.050000
44	8	0.019231
44	10	0.035714
44	14	0.035714
44	17	0.029412
44	24	0.047619
44	25	0.066667
44	59	0.040000
44	71	0.090909
44	90	0.142857
44	183	0.142857
44	184	0.142857
45	5	0.033333
45	12	0.022222
45	13	0.028571
45	24	0.047619
45	28	0.052632
45	33	0.050000
45	38	0.050000
45	50	0.100000
45	116	0.111111
45	144	0.142857
45	148	0.111111
46	3	0.037037
46	7	0.050000
46	8	0.019231
46	11	0.016129
46	15	0.043478
46	32	0.043478
46	39	0.076923
46	77	0.083333
46	117	0.100000
46	174	0.142857
47	8	0.019231
47	10	0.035714
47	12	0.022222
47	22	0.043478
47	24	0.047619
47	37	0.066667
47	40	0.047619
47	82	0.111111
47	90	0.142857
47	121	0.142857
47	125	0.111111
47	126	0.125000
47	129	0.111111
47	138	0.142857
47	140	0.142857
47	170	0.142857
47	175	0.142857
47	177	0.142857
48	2	0.038462
48	3	0.037037
48	9	0.021277
48	12	0.022222
48	19	0.035714
48	22	0.043478
48	35	0.071429
48	50	0.100000
48	67	0.055556
48	68	0.100000
48	117	0.100000
48	132	0.090909
49	9	0.021277
49	11	0.016129
49	14	0.035714
49	18	0.025000
49	19	0.035714
49	22	0.043478
49	38	0.050000
49	56	0.076923
49	82	0.111111
49	107	0.111111
49	133	0.142857
49	137	0.125000
49	180	0.142857
49	183	0.142857
50	4	0.050000
50	19	0.035714
50	28	0.052632
50	31	0.050000
50	43	0.076923
50	45	0.090909
50	48	0.083333
50	58	0.058824
50	62	0.090909
50	89	0.090909
51	4	0.050000
51	10	0.035714
51	13	0.028571
51	30	0.062500
51	31	0.050000
51	36	0.062500
51	41	0.071429
51	57	0.058824
51	102	0.111111
51	140	0.142857
52	1	0.043478
52	10	0.035714
52	23	0.052632
52	24	0.047619
52	25	0.066667
52	33	0.050000
52	34	0.066667
52	54	0.090909
52	55	0.052632
52	58	0.058824
52	61	0.062500
52	63	0.071429
52	64	0.083333
52	70	0.052632
52	90	0.142857
52	92	0.100000
52	117	0.100000
52	130	0.125000
52	135	0.125000
52	140	0.142857
52	179	0.142857
53	5	0.033333
53	13	0.028571
53	16	0.032258
53	19	0.035714
53	23	0.052632
53	34	0.066667
53	39	0.076923
53	57	0.058824
53	72	0.062500
53	80	0.076923
53	90	0.142857
53	122	0.142857
53	158	0.125000
53	167	0.142857
54	7	0.050000
54	10	0.035714
54	11	0.016129
54	20	0.028571
54	29	0.090909
54	32	0.043478
54	52	0.047619
54	63	0.071429
54	88	0.076923
54	94	0.142857
54	140	0.142857
55	9	0.021277
55	11	0.016129
55	18	0.025000
55	20	0.028571
55	30	0.062500
55	33	0.050000
55	52	0.047619
55	56	0.076923
55	94	0.142857
55	100	0.100000
55	107	0.111111
55	110	0.090909
55	111	0.125000
55	118	0.090909
55	121	0.142857
55	131	0.100000
55	134	0.111111
55	141	0.111111
55	156	0.142857
56	1	0.043478
56	8	0.019231
56	18	0.025000
56	20	0.028571
56	40	0.047619
56	49	0.071429
56	55	0.052632
56	64	0.083333
56	76	0.083333
56	78	0.062500
56	80	0.076923
56	82	0.111111
56	115	0.083333
57	5	0.033333
57	15	0.043478
57	17	0.029412
57	23	0.052632
57	35	0.071429
57	51	0.100000
57	53	0.071429
57	66	0.100000
57	70	0.052632
57	72	0.062500
57	91	0.125000
57	107	0.111111
57	119	0.111111
57	139	0.142857
57	144	0.142857
57	158	0.125000
57	172	0.142857
58	11	0.016129
58	18	0.025000
58	20	0.028571
58	36	0.062500
58	37	0.066667
58	50	0.100000
58	52	0.047619
58	65	0.083333
58	68	0.100000
58	75	0.055556
58	79	0.090909
58	96	0.100000
58	99	0.142857
58	106	0.125000
58	113	0.090909
58	131	0.100000
58	182	0.142857
59	2	0.038462
59	10	0.035714
59	14	0.035714
59	19	0.035714
59	24	0.047619
59	25	0.066667
59	44	0.083333
59	63	0.071429
59	68	0.100000
59	72	0.062500
59	77	0.083333
59	84	0.111111
59	95	0.071429
59	99	0.142857
59	104	0.125000
59	105	0.111111
59	108	0.111111
59	116	0.111111
59	129	0.111111
59	155	0.142857
59	157	0.125000
59	167	0.142857
59	171	0.125000
59	173	0.142857
59	182	0.142857
60	0	0.023256
60	2	0.038462
60	3	0.037037
60	13	0.028571
60	18	0.025000
60	21	0.083333
60	32	0.043478
60	74	0.076923
60	77	0.083333
60	80	0.076923
60	92	0.100000
60	126	0.125000
60	131	0.100000
60	138	0.142857
61	0	0.023256
61	8	0.019231
61	24	0.047619
61	25	0.066667
61	26	0.033333
61	39	0.076923
61	52	0.047619
61	63	0.071429
61	64	0.083333
61	65	0.083333
61	66	0.100000
61	95	0.071429
61	114	0.083333
61	131	0.100000
61	146	0.125000
61	164	0.125000
62	5	0.033333
62	15	0.043478
62	18	0.025000
62	27	0.052632
62	31	0.050000
62	33	0.050000
62	50	0.100000
62	76	0.083333
62	100	0.100000
62	105	0.111111
62	149	0.111111
63	5	0.033333
63	9	0.021277
63	11	0.016129
63	52	0.047619
63	54	0.090909
63	59	0.040000
63	61	0.062500
63	69	0.090909
63	71	0.090909
63	77	0.083333
63	81	0.076923
63	86	0.083333
63	95	0.071429
63	171	0.125000
64	8	0.019231
64	13	0.028571
64	27	0.052632
64	30	0.062500
64	52	0.047619
64	56	0.076923
64	61	0.062500
64	83	0.100000
64	109	0.125000
64	122	0.142857
64	125	0.111111
64	176	0.142857
65	3	0.037037
65	9	0.021277
65	15	0.043478
65	18	0.025000
65	42	0.083333
65	58	0.058824
65	61	0.062500
65	74	0.076923
65	77	0.083333
65	152	0.111111
65	159	0.142857
65	164	0.125000
66	8	0.019231
66	10	0.035714
66	11	0.016129
66	27	0.052632
66	36	0.062500
66	57	0.058824
66	61	0.062500
66	102	0.111111
66	125	0.111111
66	140	0.142857
67	7	0.050000
67	12	0.022222
67	13	0.028571
67	18	0.025000
67	23	0.052632
67	41	0.071429
67	48	0.083333
67	83	0.100000
67	85	0.076923
67	92	0.100000
67	110	0.090909
67	112	0.100000
67	123	0.100000
67	124	0.066667
67	128	0.090909
67	142	0.142857
67	150	0.142857
67	161	0.125000
68	0	0.023256
68	11	0.016129
68	31	0.050000
68	35	0.071429
68	48	0.083333
68	58	0.058824
68	59	0.040000
68	106	0.125000
68	134	0.111111
68	138	0.142857
69	0	0.023256
69	3	0.037037
69	18	0.025000
69	22	0.043478
69	31	0.050000
69	32	0.043478
69	63	0.071429
69	73	0.090909
69	74	0.076923
69	131	0.100000
69	173	0.142857
70	18	0.025000
70	24	0.047619
70	25	0.066667
70	31	0.050000
70	34	0.066667
70	52	0.047619
70	57	0.058824
70	72	0.062500
70	85	0.076923
70	96	0.100000
70	102	0.111111
70	120	0.111111
70	137	0.125000
70	150	0.142857
70	154	0.142857
70	159	0.142857
70	166	0.125000
70	172	0.142857
70	180	0.142857
71	9	0.021277
71	11	0.016129
71	19	0.035714
71	30	0.062500
71	39	0.076923
71	44	0.083333
71	63	0.071429
71	78	0.062500
71	89	0.090909
71	106	0.125000
71	121	0.142857
72	0	0.023256
72	19	0.035714
72	40	0.047619
72	53	0.071429
72	57	0.058824
72	59	0.040000
72	70	0.052632
72	81	0.076923
72	94	0.142857
72	111	0.125000
72	112	0.100000
72	127	0.100000
72	138	0.142857
72	162	0.142857
72	168	0.142857
72	181	0.125000
73	11	0.016129
73	16	0.032258
73	26	0.033333
73	28	0.052632
73	30	0.062500
73	39	0.076923
73	69	0.090909
73	86	0.083333
73	93	0.111111
73	161	0.125000
73	174	0.142857
74	6	0.125000
74	13	0.028571
74	31	0.050000
74	38	0.050000
74	60	0.071429
74	65	0.083333
74	69	0.090909
74	88	0.076923
74	100	0.100000
74	133	0.142857
74	134	0.111111
74	165	0.142857
74	171	0.125000
75	8	0.019231
75	9	0.021277
75	11	0.016129
75	12	0.022222
75	22	0.043478
75	26	0.033333
75	58	0.058824
75	78	0.062500
75	88	0.076923
75	104	0.125000
75	116	0.111111
75	147	0.111111
75	158	0.125000
75	159	0.142857
75	162	0.142857
75	166	0.125000
75	168	0.142857
75	182	0.142857
76	0	0.023256
76	16	0.032258
76	28	0.052632
76	35	0.071429
76	42	0.083333
76	56	0.076923
76	62	0.090909
76	86	0.083333
76	114	0.083333
76	117	0.100000
76	165	0.142857
76	183	0.142857
77	8	0.019231
77	9	0.021277
77	46	0.100000
77	59	0.040000
77	60	0.071429
77	63	0.071429
77	65	0.083333
77	84	0.111111
77	134	0.111111
77	138	0.142857
77	154	0.142857
77	167	0.142857
78	17	0.029412
78	18	0.025000
78	20	0.028571
78	26	0.033333
78	56	0.076923
78	71	0.090909
78	75	0.055556
78	82	0.111111
78	86	0.083333
78	91	0.125000
78	110	0.090909
78	119	0.111111
78	139	0.142857
78	143	0.142857
78	172	0.142857
78	174	0.142857
79	3	0.037037
79	11	0.016129
79	18	0.025000
79	23	0.052632
79	26	0.033333
79	36	0.062500
79	58	0.058824
79	96	0.100000
79	109	0.125000
79	161	0.125000
79	164	0.125000
80	7	0.050000
80	9	0.021277
80	40	0.047619
80	42	0.083333
80	53	0.071429
80	56	0.076923
80	60	0.071429
80	85	0.076923
80	87	0.083333
80	147	0.111111
80	159	0.142857
80	165	0.142857
80	176	0.142857
81	9	0.021277
81	16	0.032258
81	22	0.043478
81	26	0.033333
81	32	0.043478
81	63	0.071429
81	72	0.062500
81	91	0.125000
81	101	0.100000
81	122	0.142857
81	142	0.142857
81	151	0.142857
81	183	0.142857
82	8	0.019231
82	13	0.028571
82	32	0.043478
82	47	0.055556
82	49	0.071429
82	56	0.076923
82	78	0.062500
82	108	0.111111
82	136	0.125000
83	5	0.033333
83	12	0.022222
83	24	0.047619
83	26	0.033333
83	32	0.043478
83	64	0.083333
83	67	0.055556
83	95	0.071429
83	139	0.142857
83	158	0.125000
84	3	0.037037
84	7	0.050000
84	8	0.019231
84	9	0.021277
84	20	0.028571
84	59	0.040000
84	77	0.083333
84	93	0.111111
84	136	0.125000
85	8	0.019231
85	11	0.016129
85	17	0.029412
85	29	0.090909
85	67	0.055556
85	70	0.052632
85	80	0.076923
85	92	0.100000
85	126	0.125000
85	131	0.100000
85	132	0.090909
85	167	0.142857
85	168	0.142857
86	8	0.019231
86	11	0.016129
86	12	0.022222
86	63	0.071429
86	73	0.090909
86	76	0.083333
86	78	0.062500
86	102	0.111111
86	127	0.100000
86	163	0.142857
86	169	0.142857
86	172	0.142857
87	8	0.019231
87	11	0.016129
87	15	0.043478
87	16	0.032258
87	32	0.043478
87	40	0.047619
87	80	0.076923
87	88	0.076923
87	102	0.111111
87	136	0.125000
87	146	0.125000
87	160	0.125000
88	2	0.038462
88	4	0.050000
88	32	0.043478
88	54	0.090909
88	74	0.076923
88	75	0.055556
88	87	0.083333
88	94	0.142857
88	101	0.100000
88	144	0.142857
88	148	0.111111
88	156	0.142857
88	177	0.142857
89	5	0.033333
89	17	0.029412
89	19	0.035714
89	26	0.033333
89	34	0.066667
89	50	0.100000
89	71	0.090909
89	105	0.111111
89	127	0.100000
89	147	0.111111
89	161	0.125000
90	13	0.028571
90	18	0.025000
90	40	0.047619
90	44	0.083333
90	47	0.055556
90	52	0.047619
90	53	0.071429
91	7	0.050000
91	14	0.035714
91	28	0.052632
91	33	0.050000
91	57	0.058824
91	78	0.062500
91	81	0.076923
91	182	0.142857
92	1	0.043478
92	11	0.016129
92	31	0.050000
92	52	0.047619
92	60	0.071429
92	67	0.055556
92	85	0.076923
92	93	0.111111
92	143	0.142857
92	175	0.142857
93	0	0.023256
93	2	0.038462
93	18	0.025000
93	27	0.052632
93	73	0.090909
93	84	0.111111
93	92	0.100000
93	98	0.083333
93	151	0.142857
94	8	0.019231
94	10	0.035714
94	26	0.033333
94	54	0.090909
94	55	0.052632
94	72	0.062500
94	88	0.076923
95	0	0.023256
95	11	0.016129
95	41	0.071429
95	59	0.040000
95	61	0.062500
95	63	0.071429
95	83	0.100000
95	96	0.100000
95	107	0.111111
95	119	0.111111
95	126	0.125000
95	145	0.111111
95	157	0.125000
95	171	0.125000
96	1	0.043478
96	12	0.022222
96	30	0.062500
96	58	0.058824
96	70	0.052632
96	79	0.090909
96	95	0.071429
96	116	0.111111
96	118	0.090909
96	157	0.125000
97	0	0.023256
97	11	0.016129
97	12	0.022222
97	16	0.032258
97	17	0.029412
97	22	0.043478
97	41	0.071429
98	0	0.023256
98	8	0.019231
98	11	0.016129
98	13	0.028571
98	22	0.043478
98	32	0.043478
98	93	0.111111
98	109	0.125000
98	134	0.111111
98	162	0.142857
98	176	0.142857
98	185	0.142857
99	0	0.023256
99	1	0.043478
99	4	0.050000
99	11	0.016129
99	16	0.032258
99	58	0.058824
99	59	0.040000
100	12	0.022222
100	13	0.028571
100	27	0.052632
100	31	0.050000
100	55	0.052632
100	62	0.090909
100	74	0.076923
100	115	0.083333
100	144	0.142857
100	172	0.142857
101	5	0.033333
101	8	0.019231
101	10	0.035714
101	20	0.028571
101	40	0.047619
101	81	0.076923
101	88	0.076923
101	108	0.111111
101	159	0.142857
101	175	0.142857
102	2	0.038462
102	23	0.052632
102	51	0.100000
102	66	0.100000
102	70	0.052632
102	86	0.083333
102	87	0.083333
102	128	0.090909
102	177	0.142857
103	8	0.019231
103	9	0.021277
103	11	0.016129
103	12	0.022222
103	19	0.035714
103	28	0.052632
103	31	0.050000
103	110	0.090909
103	130	0.125000
104	8	0.019231
104	10	0.035714
104	11	0.016129
104	15	0.043478
104	26	0.033333
104	59	0.040000
104	75	0.055556
104	121	0.142857
105	8	0.019231
105	12	0.022222
105	30	0.062500
105	36	0.062500
105	59	0.040000
105	62	0.090909
105	89	0.090909
105	122	0.142857
105	153	0.142857
106	0	0.023256
106	1	0.043478
106	8	0.019231
106	15	0.043478
106	58	0.058824
106	68	0.100000
106	71	0.090909
106	143	0.142857
107	16	0.032258
107	20	0.028571
107	29	0.090909
107	49	0.071429
107	55	0.052632
107	57	0.058824
107	95	0.071429
107	154	0.142857
107	176	0.142857
108	3	0.037037
108	5	0.033333
108	10	0.035714
108	18	0.025000
108	59	0.040000
108	82	0.111111
108	101	0.100000
108	115	0.083333
108	146	0.125000
109	9	0.021277
109	12	0.022222
109	26	0.033333
109	29	0.090909
109	64	0.083333
109	79	0.090909
109	98	0.083333
109	181	0.125000
110	7	0.050000
110	19	0.035714
110	40	0.047619
110	55	0.052632
110	67	0.055556
110	78	0.062500
110	103	0.111111
110	141	0.111111
110	155	0.142857
110	167	0.142857
110	178	0.142857
111	18	0.025000
111	19	0.035714
111	28	0.052632
111	34	0.066667
111	40	0.047619
111	55	0.052632
111	72	0.062500
111	137	0.125000
112	10	0.035714
112	16	0.032258
112	17	0.029412
112	19	0.035714
112	20	0.028571
112	67	0.055556
112	72	0.062500
112	117	0.100000
112	128	0.090909
112	149	0.111111
113	4	0.050000
113	5	0.033333
113	12	0.022222
113	20	0.028571
113	33	0.050000
113	38	0.050000
113	58	0.058824
113	143	0.142857
113	152	0.111111
113	157	0.125000
113	185	0.142857
114	7	0.050000
114	8	0.019231
114	12	0.022222
114	16	0.032258
114	32	0.043478
114	61	0.062500
114	76	0.083333
114	121	0.142857
114	145	0.111111
114	160	0.125000
114	163	0.142857
114	173	0.142857
115	9	0.021277
115	12	0.022222
115	18	0.025000
115	38	0.050000
115	56	0.076923
115	100	0.100000
115	108	0.111111
115	118	0.090909
115	120	0.111111
115	123	0.100000
115	139	0.142857
115	145	0.111111
116	15	0.043478
116	27	0.052632
116	36	0.062500
116	45	0.090909
116	59	0.040000
116	75	0.055556
116	96	0.100000
116	153	0.142857
116	163	0.142857
117	2	0.038462
117	6	0.125000
117	46	0.100000
117	48	0.083333
117	52	0.047619
117	76	0.083333
117	112	0.100000
117	149	0.111111
117	153	0.142857
117	172	0.142857
118	8	0.019231
118	9	0.021277
118	18	0.025000
118	26	0.033333
118	55	0.052632
118	96	0.100000
118	115	0.083333
118	123	0.100000
118	134	0.111111
118	146	0.125000
118	162	0.142857
119	4	0.050000
119	10	0.035714
119	15	0.043478
119	16	0.032258
119	57	0.058824
119	78	0.062500
119	95	0.071429
119	121	0.142857
119	139	0.142857
120	7	0.050000
120	11	0.016129
120	14	0.035714
120	20	0.028571
120	43	0.076923
120	70	0.052632
120	115	0.083333
120	154	0.142857
120	182	0.142857
121	0	0.023256
121	47	0.055556
121	55	0.052632
121	71	0.090909
121	104	0.125000
121	114	0.083333
121	119	0.111111
122	12	0.022222
122	22	0.043478
122	38	0.050000
122	53	0.071429
122	64	0.083333
122	81	0.076923
122	105	0.111111
123	0	0.023256
123	1	0.043478
123	34	0.066667
123	43	0.076923
123	67	0.055556
123	115	0.083333
123	118	0.090909
123	130	0.125000
123	156	0.142857
123	184	0.142857
124	0	0.023256
124	9	0.021277
124	11	0.016129
124	12	0.022222
124	21	0.083333
124	37	0.066667
124	67	0.055556
124	126	0.125000
124	132	0.090909
124	141	0.111111
124	151	0.142857
124	161	0.125000
124	177	0.142857
124	178	0.142857
124	181	0.125000
125	7	0.050000
125	11	0.016129
125	16	0.032258
125	28	0.052632
125	47	0.055556
125	64	0.083333
125	66	0.100000
125	136	0.125000
125	168	0.142857
126	22	0.043478
126	32	0.043478
126	47	0.055556
126	60	0.071429
126	85	0.076923
126	95	0.071429
126	124	0.066667
126	151	0.142857
127	13	0.028571
127	17	0.029412
127	35	0.071429
127	42	0.083333
127	72	0.062500
127	86	0.083333
127	89	0.090909
127	133	0.142857
127	181	0.125000
127	185	0.142857
128	0	0.023256
128	1	0.043478
128	11	0.016129
128	41	0.071429
128	67	0.055556
128	102	0.111111
128	112	0.100000
128	142	0.142857
128	148	0.111111
128	164	0.125000
128	171	0.125000
129	0	0.023256
129	7	0.050000
129	20	0.028571
129	23	0.052632
129	31	0.050000
129	47	0.055556
129	59	0.040000
129	155	0.142857
129	167	0.142857
130	3	0.037037
130	9	0.021277
130	10	0.035714
130	17	0.029412
130	52	0.047619
130	103	0.111111
130	123	0.100000
130	142	0.142857
131	0	0.023256
131	55	0.052632
131	58	0.058824
131	60	0.071429
131	61	0.062500
131	69	0.090909
131	85	0.076923
131	135	0.125000
131	169	0.142857
131	177	0.142857
132	16	0.032258
132	33	0.050000
132	34	0.066667
132	37	0.066667
132	48	0.083333
132	85	0.076923
132	124	0.066667
132	143	0.142857
132	156	0.142857
132	165	0.142857
132	183	0.142857
133	9	0.021277
133	17	0.029412
133	18	0.025000
133	23	0.052632
133	49	0.071429
133	74	0.076923
133	127	0.100000
134	25	0.066667
134	55	0.052632
134	68	0.100000
134	74	0.076923
134	77	0.083333
134	98	0.083333
134	118	0.090909
134	164	0.125000
134	181	0.125000
135	2	0.038462
135	14	0.035714
135	18	0.025000
135	27	0.052632
135	30	0.062500
135	52	0.047619
135	131	0.100000
135	137	0.125000
136	4	0.050000
136	16	0.032258
136	32	0.043478
136	82	0.111111
136	84	0.111111
136	87	0.083333
136	125	0.111111
136	163	0.142857
137	20	0.028571
137	37	0.066667
137	41	0.071429
137	49	0.071429
137	70	0.052632
137	111	0.125000
137	135	0.125000
137	166	0.125000
138	19	0.035714
138	26	0.033333
138	47	0.055556
138	60	0.071429
138	68	0.100000
138	72	0.062500
138	77	0.083333
139	0	0.023256
139	26	0.033333
139	57	0.058824
139	78	0.062500
139	83	0.100000
139	115	0.083333
139	119	0.111111
140	8	0.019231
140	24	0.047619
140	47	0.055556
140	51	0.100000
140	52	0.047619
140	54	0.090909
140	66	0.100000
141	4	0.050000
141	15	0.043478
141	21	0.083333
141	32	0.043478
141	55	0.052632
141	110	0.090909
141	124	0.066667
141	158	0.125000
141	179	0.142857
142	2	0.038462
142	3	0.037037
142	17	0.029412
142	67	0.055556
142	81	0.076923
142	128	0.090909
142	130	0.125000
143	1	0.043478
143	20	0.028571
143	78	0.062500
143	92	0.100000
143	106	0.125000
143	113	0.090909
143	132	0.090909
144	11	0.016129
144	24	0.047619
144	38	0.050000
144	45	0.090909
144	57	0.058824
144	88	0.076923
144	100	0.100000
145	17	0.029412
145	26	0.033333
145	36	0.062500
145	37	0.066667
145	95	0.071429
145	114	0.083333
145	115	0.083333
145	151	0.142857
145	172	0.142857
146	3	0.037037
146	21	0.083333
146	28	0.052632
146	61	0.062500
146	87	0.083333
146	108	0.111111
146	118	0.090909
146	163	0.142857
147	2	0.038462
147	11	0.016129
147	32	0.043478
147	42	0.083333
147	75	0.055556
147	80	0.076923
147	89	0.090909
147	156	0.142857
147	176	0.142857
148	0	0.023256
148	17	0.029412
148	18	0.025000
148	20	0.028571
148	45	0.090909
148	88	0.076923
148	128	0.090909
148	149	0.111111
148	157	0.125000
149	2	0.038462
149	12	0.022222
149	26	0.033333
149	62	0.090909
149	112	0.100000
149	117	0.100000
149	148	0.111111
149	155	0.142857
149	165	0.142857
150	3	0.037037
150	6	0.125000
150	11	0.016129
150	27	0.052632
150	40	0.047619
150	67	0.055556
150	70	0.052632
151	15	0.043478
151	38	0.050000
151	81	0.076923
151	93	0.111111
151	124	0.066667
151	126	0.125000
151	145	0.111111
152	0	0.023256
152	2	0.038462
152	12	0.022222
152	14	0.035714
152	19	0.035714
152	65	0.083333
152	113	0.090909
152	153	0.142857
152	179	0.142857
153	5	0.033333
153	9	0.021277
153	17	0.029412
153	105	0.111111
153	116	0.111111
153	117	0.100000
153	152	0.111111
154	1	0.043478
154	12	0.022222
154	15	0.043478
154	70	0.052632
154	77	0.083333
154	107	0.111111
154	120	0.111111
155	14	0.035714
155	18	0.025000
155	20	0.028571
155	59	0.040000
155	110	0.090909
155	129	0.111111
155	149	0.111111
156	2	0.038462
156	18	0.025000
156	55	0.052632
156	88	0.076923
156	123	0.100000
156	132	0.090909
156	147	0.111111
157	12	0.022222
157	34	0.066667
157	59	0.040000
157	95	0.071429
157	96	0.100000
157	113	0.090909
157	148	0.111111
157	173	0.142857
158	5	0.033333
158	7	0.050000
158	53	0.071429
158	57	0.058824
158	75	0.055556
158	83	0.100000
158	141	0.111111
158	164	0.125000
159	5	0.033333
159	19	0.035714
159	65	0.083333
159	70	0.052632
159	75	0.055556
159	80	0.076923
159	101	0.100000
160	8	0.019231
160	17	0.029412
160	26	0.033333
160	39	0.076923
160	43	0.076923
160	87	0.083333
160	114	0.083333
160	162	0.142857
161	2	0.038462
161	13	0.028571
161	67	0.055556
161	73	0.090909
161	79	0.090909
161	89	0.090909
161	124	0.066667
161	174	0.142857
162	33	0.050000
162	41	0.071429
162	72	0.062500
162	75	0.055556
162	98	0.083333
162	118	0.090909
162	160	0.125000
163	16	0.032258
163	43	0.076923
163	86	0.083333
163	114	0.083333
163	116	0.111111
163	136	0.125000
163	146	0.125000
164	9	0.021277
164	61	0.062500
164	65	0.083333
164	79	0.090909
164	128	0.090909
164	134	0.111111
164	158	0.125000
164	181	0.125000
165	13	0.028571
165	31	0.050000
165	74	0.076923
165	76	0.083333
165	80	0.076923
165	132	0.090909
165	149	0.111111
166	5	0.033333
166	16	0.032258
166	28	0.052632
166	40	0.047619
166	70	0.052632
166	75	0.055556
166	137	0.125000
166	169	0.142857
167	23	0.052632
167	53	0.071429
167	59	0.040000
167	77	0.083333
167	85	0.076923
167	110	0.090909
167	129	0.111111
168	12	0.022222
168	19	0.035714
168	32	0.043478
168	72	0.062500
168	75	0.055556
168	85	0.076923
168	125	0.111111
169	12	0.022222
169	14	0.035714
169	20	0.028571
169	38	0.050000
169	86	0.083333
169	131	0.100000
169	166	0.125000
170	9	0.021277
170	12	0.022222
170	14	0.035714
170	25	0.066667
170	26	0.033333
170	40	0.047619
170	47	0.055556
171	1	0.043478
171	16	0.032258
171	59	0.040000
171	63	0.071429
171	74	0.076923
171	95	0.071429
171	128	0.090909
171	185	0.142857
172	57	0.058824
172	70	0.052632
172	78	0.062500
172	86	0.083333
172	100	0.100000
172	117	0.100000
172	145	0.111111
173	2	0.038462
173	8	0.019231
173	26	0.033333
173	59	0.040000
173	69	0.090909
173	114	0.083333
173	157	0.125000
174	2	0.038462
174	11	0.016129
174	20	0.028571
174	46	0.100000
174	73	0.090909
174	78	0.062500
174	161	0.125000
175	5	0.033333
175	11	0.016129
175	13	0.028571
175	18	0.025000
175	47	0.055556
175	92	0.100000
175	101	0.100000
176	11	0.016129
176	19	0.035714
176	64	0.083333
176	80	0.076923
176	98	0.083333
176	107	0.111111
176	147	0.111111
177	4	0.050000
177	14	0.035714
177	47	0.055556
177	88	0.076923
177	102	0.111111
177	124	0.066667
177	131	0.100000
178	9	0.021277
178	16	0.032258
178	17	0.029412
178	33	0.050000
178	38	0.050000
178	110	0.090909
178	124	0.066667
179	8	0.019231
179	14	0.035714
179	18	0.025000
179	36	0.062500
179	52	0.047619
179	141	0.111111
179	152	0.111111
180	3	0.037037
180	14	0.035714
180	35	0.071429
180	37	0.066667
180	38	0.050000
180	49	0.071429
180	70	0.052632
181	22	0.043478
181	72	0.062500
181	109	0.125000
181	124	0.066667
181	127	0.100000
181	134	0.111111
181	164	0.125000
181	182	0.142857
182	40	0.047619
182	58	0.058824
182	59	0.040000
182	75	0.055556
182	91	0.125000
182	120	0.111111
182	181	0.125000
183	24	0.047619
183	38	0.050000
183	44	0.083333
183	49	0.071429
183	76	0.083333
183	81	0.076923
183	132	0.090909
184	0	0.023256
184	5	0.033333
184	7	0.050000
184	38	0.050000
184	43	0.076923
184	44	0.083333
184	123	0.100000
185	8	0.019231
185	13	0.028571
185	31	0.050000
185	98	0.083333
185	113	0.090909
185	127	0.100000
185	171	0.125000
