199	2678
0	7	0.019608
0	8	0.018519
0	9	0.031250
0	10	0.022222
0	14	0.016949
0	18	0.052632
0	21	0.038462
0	26	0.090909
0	28	0.050000
0	29	0.066667
0	35	0.040000
0	38	0.066667
0	53	0.076923
0	55	0.083333
0	59	0.100000
0	60	0.100000
0	69	0.090909
0	71	0.100000
0	77	0.111111
0	96	0.083333
0	99	0.111111
0	102	0.100000
0	104	0.125000
0	111	0.083333
0	113	0.111111
0	124	0.100000
0	131	0.090909
0	134	0.125000
0	151	0.111111
0	157	0.125000
0	165	0.125000
0	167	0.125000
0	168	0.142857
0	178	0.142857
0	188	0.142857
0	190	0.142857
1	7	0.019608
1	8	0.018519
1	9	0.031250
1	10	0.022222
1	11	0.023256
1	12	0.025641
1	14	0.016949
1	15	0.031250
1	17	0.031250
1	18	0.052632
1	19	0.040000
1	21	0.038462
1	22	0.033333
1	26	0.090909
1	27	0.071429
1	28	0.050000
1	35	0.040000
1	36	0.062500
1	39	0.062500
1	49	0.045455
1	52	0.076923
1	58	0.142857
1	60	0.100000
1	63	0.083333
1	70	0.100000
1	72	0.071429
1	78	0.090909
1	80	0.090909
1	82	0.100000
1	100	0.100000
1	105	0.111111
1	107	0.125000
1	109	0.142857
1	113	0.111111
1	115	0.142857
1	124	0.100000
1	140	0.111111
1	164	0.111111
1	174	0.125000
2	7	0.019608
2	8	0.018519
2	9	0.031250
2	10	0.022222
2	12	0.025641
2	13	0.038462
2	14	0.016949
2	15	0.031250
2	20	0.038462
2	24	0.043478
2	28	0.050000
2	29	0.066667
2	30	0.076923
2	32	0.034483
2	34	0.071429
2	39	0.062500
2	43	0.071429
2	47	0.058824
2	48	0.062500
2	58	0.142857
2	59	0.100000
2	66	0.050000
2	73	0.111111
2	76	0.100000
2	78	0.090909
2	84	0.076923
2	107	0.125000
2	109	0.142857
2	122	0.125000
2	125	0.111111
2	137	0.111111
2	153	0.125000
2	155	0.142857
2	162	0.142857
2	168	0.142857
2	170	0.142857
2	174	0.125000
2	180	0.142857
2	186	0.142857
3	7	0.019608
3	8	0.018519
3	9	0.031250
3	11	0.023256
3	13	0.038462
3	16	0.028571
3	20	0.038462
3	22	0.033333
3	23	0.058824
3	25	0.058824
3	27	0.071429
3	29	0.066667
3	31	0.125000
3	33	0.031250
3	41	0.066667
3	49	0.045455
3	51	0.041667
3	58	0.142857
3	61	0.125000
3	67	0.071429
3	70	0.100000
3	75	0.100000
3	83	0.100000
3	90	0.111111
3	92	0.111111
3	94	0.111111
3	95	0.111111
3	97	0.083333
3	103	0.100000
3	119	0.111111
3	126	0.142857
3	133	0.111111
3	135	0.142857
3	166	0.142857
3	172	0.142857
3	186	0.142857
4	7	0.019608
4	8	0.018519
4	9	0.031250
4	11	0.023256
4	12	0.025641
4	13	0.038462
4	15	0.031250
4	20	0.038462
4	21	0.038462
4	24	0.043478
4	27	0.071429
4	30	0.076923
4	33	0.031250
4	36	0.062500
4	38	0.066667
4	47	0.058824
4	50	0.066667
4	54	0.076923
4	61	0.125000
4	68	0.090909
4	72	0.071429
4	79	0.111111
4	82	0.100000
4	88	0.071429
4	89	0.090909
4	98	0.083333
4	103	0.100000
4	106	0.083333
4	120	0.142857
4	130	0.125000
4	135	0.142857
4	144	0.125000
4	145	0.111111
4	146	0.142857
4	170	0.142857
4	176	0.125000
4	181	0.142857
4	184	0.142857
5	7	0.019608
5	8	0.018519
5	9	0.031250
5	10	0.022222
5	11	0.023256
5	12	0.025641
5	14	0.016949
5	16	0.028571
5	18	0.052632
5	19	0.040000
5	21	0.038462
5	23	0.058824
5	25	0.058824
5	28	0.050000
5	34	0.071429
5	37	0.043478
5	39	0.062500
5	42	0.055556
5	50	0.066667
5	51	0.041667
5	54	0.076923
5	57	0.090909
5	60	0.100000
5	63	0.083333
5	69	0.090909
5	78	0.090909
5	80	0.090909
5	86	0.111111
5	90	0.111111
5	94	0.111111
5	97	0.083333
5	110	0.071429
5	112	0.090909
5	120	0.142857
5	132	0.111111
5	136	0.076923
5	144	0.125000
5	148	0.125000
5	149	0.125000
5	150	0.142857
5	157	0.125000
5	165	0.125000
5	177	0.142857
5	181	0.142857
6	7	0.019608
6	13	0.038462
6	14	0.016949
6	16	0.028571
6	26	0.090909
6	39	0.062500
6	40	0.076923
6	44	0.047619
6	57	0.090909
6	64	0.052632
6	72	0.071429
6	75	0.100000
6	92	0.111111
6	96	0.083333
6	98	0.083333
6	101	0.090909
6	120	0.142857
6	121	0.100000
6	128	0.142857
6	141	0.083333
6	148	0.125000
6	188	0.142857
6	192	0.125000
7	0	0.027778
7	1	0.025641
7	2	0.025641
7	3	0.027778
7	4	0.026316
7	5	0.022727
7	6	0.043478
7	8	0.018519
7	9	0.031250
7	10	0.022222
7	11	0.023256
7	13	0.038462
7	14	0.016949
7	18	0.052632
7	21	0.038462
7	24	0.043478
7	25	0.058824
7	26	0.090909
7	27	0.071429
7	31	0.125000
7	33	0.031250
7	36	0.062500
7	39	0.062500
7	47	0.058824
7	49	0.045455
7	61	0.125000
7	65	0.083333
7	68	0.090909
7	75	0.100000
7	76	0.100000
7	81	0.090909
7	82	0.100000
7	83	0.100000
7	89	0.090909
7	91	0.125000
7	94	0.111111
7	104	0.125000
7	107	0.125000
7	118	0.125000
7	125	0.111111
7	128	0.142857
7	131	0.090909
7	138	0.125000
7	143	0.125000
7	150	0.142857
7	154	0.166667
7	160	0.142857
7	179	0.142857
7	181	0.142857
7	188	0.142857
7	196	0.142857
8	0	0.027778
8	1	0.025641
8	2	0.025641
8	3	0.027778
8	4	0.026316
8	5	0.022727
8	7	0.019608
8	10	0.022222
8	11	0.023256
8	12	0.025641
8	13	0.038462
8	15	0.031250
8	17	0.031250
8	18	0.052632
8	19	0.040000
8	22	0.033333
8	25	0.058824
8	28	0.050000
8	32	0.034483
8	38	0.066667
8	40	0.076923
8	41	0.066667
8	42	0.055556
8	43	0.071429
8	45	0.062500
8	48	0.062500
8	50	0.066667
8	54	0.076923
8	60	0.100000
8	62	0.090909
8	65	0.083333
8	69	0.090909
8	79	0.111111
8	81	0.090909
8	82	0.100000
8	83	0.100000
8	95	0.111111
8	98	0.083333
8	116	0.083333
8	123	0.142857
8	128	0.142857
8	129	0.142857
8	131	0.090909
8	133	0.111111
8	134	0.125000
8	136	0.076923
8	140	0.111111
8	142	0.142857
8	156	0.142857
8	161	0.125000
8	162	0.142857
8	168	0.142857
8	180	0.142857
8	188	0.142857
9	0	0.027778
9	1	0.025641
9	2	0.025641
9	3	0.027778
9	4	0.026316
9	5	0.022727
9	7	0.019608
9	10	0.022222
9	11	0.023256
9	15	0.031250
9	25	0.058824
9	27	0.071429
9	37	0.043478
9	42	0.055556
9	53	0.076923
9	58	0.142857
9	61	0.125000
9	69	0.090909
9	82	0.100000
9	89	0.090909
9	96	0.083333
9	107	0.125000
9	108	0.090909
9	124	0.100000
9	129	0.142857
9	137	0.111111
9	158	0.142857
9	161	0.125000
9	168	0.142857
9	170	0.142857
9	173	0.125000
9	175	0.111111
10	0	0.027778
10	1	0.025641
10	2	0.025641
10	5	0.022727
10	7	0.019608
10	8	0.018519
10	9	0.031250
10	12	0.025641
10	15	0.031250
10	19	0.040000
10	21	0.038462
10	24	0.043478
10	30	0.076923
10	32	0.034483
10	33	0.031250
10	34	0.071429
10	35	0.040000
10	43	0.071429
10	44	0.047619
10	46	0.055556
10	53	0.076923
10	55	0.083333
10	57	0.090909
10	58	0.142857
10	64	0.052632
10	66	0.050000
10	73	0.111111
10	77	0.111111
10	79	0.111111
10	80	0.090909
10	81	0.090909
10	87	0.142857
10	92	0.111111
10	93	0.142857
10	97	0.083333
10	99	0.111111
10	101	0.090909
10	108	0.090909
10	113	0.111111
10	126	0.142857
10	129	0.142857
10	133	0.111111
10	160	0.142857
10	171	0.142857
10	179	0.142857
11	1	0.025641
11	3	0.027778
11	4	0.026316
11	5	0.022727
11	7	0.019608
11	8	0.018519
11	9	0.031250
11	12	0.025641
11	13	0.038462
11	20	0.038462
11	22	0.033333
11	23	0.058824
11	24	0.043478
11	31	0.125000
11	37	0.043478
11	40	0.076923
11	43	0.071429
11	44	0.047619
11	46	0.055556
11	48	0.062500
11	56	0.090909
11	67	0.071429
11	79	0.111111
11	80	0.090909
11	81	0.090909
11	86	0.111111
11	90	0.111111
11	94	0.111111
11	99	0.111111
11	104	0.125000
11	107	0.125000
11	122	0.125000
11	127	0.142857
11	137	0.111111
11	138	0.125000
11	141	0.083333
11	155	0.142857
11	156	0.142857
11	166	0.142857
11	168	0.142857
11	178	0.142857
11	181	0.142857
11	198	0.142857
12	1	0.025641
12	2	0.025641
12	4	0.026316
12	5	0.022727
12	8	0.018519
12	10	0.022222
12	11	0.023256
12	16	0.028571
12	17	0.031250
12	18	0.052632
12	20	0.038462
12	21	0.038462
12	29	0.066667
12	34	0.071429
12	36	0.062500
12	37	0.043478
12	39	0.062500
12	40	0.076923
12	42	0.055556
12	49	0.045455
12	50	0.066667
12	56	0.090909
12	60	0.100000
12	62	0.090909
12	63	0.083333
12	68	0.090909
12	71	0.100000
12	76	0.100000
12	78	0.090909
12	94	0.111111
12	110	0.071429
12	115	0.142857
12	117	0.090909
12	123	0.142857
12	124	0.100000
12	138	0.125000
12	148	0.125000
12	156	0.142857
12	180	0.142857
13	2	0.025641
13	3	0.027778
13	4	0.026316
13	6	0.043478
13	7	0.019608
13	8	0.018519
13	11	0.023256
13	16	0.028571
13	17	0.031250
13	19	0.040000
13	25	0.058824
13	35	0.040000
13	51	0.041667
13	75	0.100000
13	83	0.100000
13	87	0.142857
13	97	0.083333
13	100	0.100000
13	133	0.111111
13	138	0.125000
13	139	0.100000
13	145	0.111111
13	169	0.125000
13	177	0.142857
13	179	0.142857
13	191	0.142857
14	0	0.027778
14	1	0.025641
14	2	0.025641
14	5	0.022727
14	6	0.043478
14	7	0.019608
14	15	0.031250
14	16	0.028571
14	17	0.031250
14	22	0.033333
14	26	0.090909
14	27	0.071429
14	29	0.066667
14	31	0.125000
14	32	0.034483
14	33	0.031250
14	34	0.071429
14	37	0.043478
14	38	0.066667
14	39	0.062500
14	40	0.076923
14	41	0.066667
14	44	0.047619
14	45	0.062500
14	46	0.055556
14	54	0.076923
14	56	0.090909
14	57	0.090909
14	59	0.100000
14	60	0.100000
14	62	0.090909
14	64	0.052632
14	67	0.071429
14	68	0.090909
14	69	0.090909
14	75	0.100000
14	76	0.100000
14	77	0.111111
14	85	0.142857
14	86	0.111111
14	87	0.142857
14	89	0.090909
14	90	0.111111
14	93	0.142857
14	94	0.111111
14	104	0.125000
14	113	0.111111
14	115	0.142857
14	118	0.125000
14	134	0.125000
14	142	0.142857
14	154	0.166667
14	156	0.142857
14	162	0.142857
14	172	0.142857
14	183	0.142857
14	191	0.142857
14	196	0.142857
14	198	0.142857
15	1	0.025641
15	2	0.025641
15	4	0.026316
15	8	0.018519
15	9	0.031250
15	10	0.022222
15	14	0.016949
15	16	0.028571
15	17	0.031250
15	18	0.052632
15	32	0.034483
15	41	0.066667
15	46	0.055556
15	51	0.041667
15	52	0.076923
15	53	0.076923
15	55	0.083333
15	61	0.125000
15	84	0.076923
15	95	0.111111
15	112	0.090909
15	122	0.125000
15	135	0.142857
15	141	0.083333
15	147	0.142857
15	156	0.142857
15	162	0.142857
15	165	0.125000
15	177	0.142857
15	179	0.142857
15	195	0.142857
15	198	0.142857
16	3	0.027778
16	5	0.022727
16	6	0.043478
16	12	0.025641
16	13	0.038462
16	14	0.016949
16	15	0.031250
16	17	0.031250
16	19	0.040000
16	22	0.033333
16	33	0.031250
16	36	0.062500
16	49	0.045455
16	52	0.076923
16	61	0.125000
16	71	0.100000
16	72	0.071429
16	84	0.076923
16	86	0.111111
16	87	0.142857
16	88	0.071429
16	92	0.111111
16	95	0.111111
16	103	0.100000
16	106	0.083333
16	121	0.100000
16	130	0.125000
16	142	0.142857
16	149	0.125000
16	161	0.125000
16	164	0.111111
16	168	0.142857
16	175	0.111111
16	178	0.142857
16	181	0.142857
17	1	0.025641
17	8	0.018519
17	12	0.025641
17	13	0.038462
17	14	0.016949
17	15	0.031250
17	16	0.028571
17	19	0.040000
17	20	0.038462
17	24	0.043478
17	29	0.066667
17	32	0.034483
17	35	0.040000
17	48	0.062500
17	64	0.052632
17	72	0.071429
17	81	0.090909
17	84	0.076923
17	90	0.111111
17	98	0.083333
17	114	0.142857
17	116	0.083333
17	119	0.111111
17	120	0.142857
17	123	0.142857
17	137	0.111111
17	143	0.125000
17	161	0.125000
17	165	0.125000
17	171	0.142857
17	179	0.142857
17	193	0.125000
18	0	0.027778
18	1	0.025641
18	5	0.022727
18	7	0.019608
18	8	0.018519
18	12	0.025641
18	15	0.031250
18	20	0.038462
18	24	0.043478
18	26	0.090909
18	27	0.071429
18	31	0.125000
18	37	0.043478
18	42	0.055556
18	65	0.083333
18	66	0.050000
18	84	0.076923
18	85	0.142857
18	106	0.083333
19	1	0.025641
19	5	0.022727
19	8	0.018519
19	10	0.022222
19	13	0.038462
19	16	0.028571
19	17	0.031250
19	22	0.033333
19	23	0.058824
19	25	0.058824
19	43	0.071429
19	57	0.090909
19	65	0.083333
19	78	0.090909
19	85	0.142857
19	87	0.142857
19	96	0.083333
19	119	0.111111
19	142	0.142857
19	149	0.125000
19	151	0.111111
19	154	0.166667
19	155	0.142857
19	169	0.125000
19	190	0.142857
20	2	0.025641
20	3	0.027778
20	4	0.026316
20	11	0.023256
20	12	0.025641
20	17	0.031250
20	18	0.052632
20	23	0.058824
20	31	0.125000
20	32	0.034483
20	38	0.066667
20	45	0.062500
20	46	0.055556
20	54	0.076923
20	71	0.100000
20	77	0.111111
20	86	0.111111
20	92	0.111111
20	114	0.142857
20	121	0.100000
20	143	0.125000
20	150	0.142857
20	157	0.125000
20	163	0.125000
20	165	0.125000
20	187	0.142857
21	0	0.027778
21	1	0.025641
21	4	0.026316
21	5	0.022727
21	7	0.019608
21	10	0.022222
21	12	0.025641
21	23	0.058824
21	30	0.076923
21	35	0.040000
21	44	0.047619
21	64	0.052632
21	65	0.083333
21	67	0.071429
21	70	0.100000
21	80	0.090909
21	90	0.111111
21	91	0.125000
21	97	0.083333
21	101	0.090909
21	102	0.100000
21	111	0.083333
21	154	0.166667
21	157	0.125000
21	175	0.111111
21	196	0.142857
22	1	0.025641
22	3	0.027778
22	8	0.018519
22	11	0.023256
22	14	0.016949
22	16	0.028571
22	19	0.040000
22	23	0.058824
22	30	0.076923
22	33	0.031250
22	34	0.071429
22	43	0.071429
22	46	0.055556
22	47	0.058824
22	53	0.076923
22	61	0.125000
22	66	0.050000
22	76	0.100000
22	82	0.100000
22	84	0.076923
22	97	0.083333
22	108	0.090909
22	113	0.111111
22	114	0.142857
22	118	0.125000
22	125	0.111111
22	131	0.090909
22	135	0.142857
22	137	0.111111
22	145	0.111111
23	3	0.027778
23	5	0.022727
23	11	0.023256
23	19	0.040000
23	20	0.038462
23	21	0.038462
23	22	0.033333
23	28	0.050000
23	30	0.076923
23	43	0.071429
23	45	0.062500
23	78	0.090909
23	99	0.111111
23	127	0.142857
23	134	0.125000
23	142	0.142857
23	194	0.142857
24	2	0.025641
24	4	0.026316
24	7	0.019608
24	10	0.022222
24	11	0.023256
24	17	0.031250
24	18	0.052632
24	26	0.090909
24	29	0.066667
24	58	0.142857
24	66	0.050000
24	73	0.111111
24	74	0.100000
24	89	0.090909
24	130	0.125000
24	137	0.111111
24	145	0.111111
24	151	0.111111
24	152	0.111111
24	159	0.142857
24	193	0.125000
24	195	0.142857
24	197	0.142857
25	3	0.027778
25	5	0.022727
25	7	0.019608
25	8	0.018519
25	9	0.031250
25	13	0.038462
25	19	0.040000
25	30	0.076923
25	36	0.062500
25	68	0.090909
25	116	0.083333
25	126	0.142857
25	130	0.125000
25	139	0.100000
25	141	0.083333
25	152	0.111111
25	196	0.142857
26	0	0.027778
26	1	0.025641
26	6	0.043478
26	7	0.019608
26	14	0.016949
26	18	0.052632
26	24	0.043478
26	76	0.100000
26	119	0.111111
26	136	0.076923
26	145	0.111111
27	1	0.025641
27	3	0.027778
27	4	0.026316
27	7	0.019608
27	9	0.031250
27	14	0.016949
27	18	0.052632
27	28	0.050000
27	31	0.125000
27	66	0.050000
27	115	0.142857
27	118	0.125000
27	125	0.111111
27	190	0.142857
28	0	0.027778
28	1	0.025641
28	2	0.025641
28	5	0.022727
28	8	0.018519
28	23	0.058824
28	27	0.071429
28	37	0.043478
28	44	0.047619
28	55	0.083333
28	65	0.083333
28	70	0.100000
28	74	0.100000
28	105	0.111111
28	110	0.071429
28	129	0.142857
28	130	0.125000
28	147	0.142857
28	148	0.125000
28	178	0.142857
29	0	0.027778
29	2	0.025641
29	3	0.027778
29	12	0.025641
29	14	0.016949
29	17	0.031250
29	24	0.043478
29	48	0.062500
29	85	0.142857
29	91	0.125000
29	93	0.142857
29	116	0.083333
29	127	0.142857
29	147	0.142857
29	191	0.142857
30	2	0.025641
30	4	0.026316
30	10	0.022222
30	21	0.038462
30	22	0.033333
30	23	0.058824
30	25	0.058824
30	41	0.066667
30	50	0.066667
30	52	0.076923
30	73	0.111111
30	92	0.111111
30	184	0.142857
31	3	0.027778
31	7	0.019608
31	11	0.023256
31	14	0.016949
31	18	0.052632
31	20	0.038462
31	27	0.071429
31	152	0.111111
32	2	0.025641
32	8	0.018519
32	10	0.022222
32	14	0.016949
32	15	0.031250
32	17	0.031250
32	20	0.038462
32	35	0.040000
32	41	0.066667
32	42	0.055556
32	45	0.062500
32	59	0.100000
32	70	0.100000
32	71	0.100000
32	74	0.100000
32	79	0.111111
32	105	0.111111
32	129	0.142857
32	139	0.100000
32	141	0.083333
32	144	0.125000
32	146	0.142857
32	150	0.142857
32	151	0.111111
32	166	0.142857
32	167	0.125000
32	174	0.125000
32	176	0.125000
32	197	0.142857
33	3	0.027778
33	4	0.026316
33	7	0.019608
33	10	0.022222
33	14	0.016949
33	16	0.028571
33	22	0.033333
33	34	0.071429
33	36	0.062500
33	38	0.066667
33	41	0.066667
33	47	0.058824
33	50	0.066667
33	55	0.083333
33	58	0.142857
33	62	0.090909
33	71	0.100000
33	100	0.100000
33	102	0.100000
33	103	0.100000
33	108	0.090909
33	117	0.090909
33	143	0.125000
33	159	0.142857
33	162	0.142857
33	164	0.111111
33	170	0.142857
33	172	0.142857
33	185	0.111111
33	193	0.125000
33	195	0.142857
33	197	0.142857
34	2	0.025641
34	5	0.022727
34	10	0.022222
34	12	0.025641
34	14	0.016949
34	22	0.033333
34	33	0.031250
34	40	0.076923
34	46	0.055556
34	51	0.041667
34	60	0.100000
34	114	0.142857
34	174	0.125000
34	193	0.125000
35	0	0.027778
35	1	0.025641
35	10	0.022222
35	13	0.038462
35	17	0.031250
35	21	0.038462
35	32	0.034483
35	42	0.055556
35	45	0.062500
35	48	0.062500
35	51	0.041667
35	52	0.076923
35	63	0.083333
35	67	0.071429
35	68	0.090909
35	75	0.100000
35	103	0.100000
35	111	0.083333
35	126	0.142857
35	132	0.111111
35	143	0.125000
35	152	0.111111
35	167	0.125000
35	176	0.125000
35	188	0.142857
36	1	0.025641
36	4	0.026316
36	7	0.019608
36	12	0.025641
36	16	0.028571
36	25	0.058824
36	33	0.031250
36	38	0.066667
36	44	0.047619
36	47	0.058824
36	59	0.100000
36	64	0.052632
36	121	0.100000
36	140	0.111111
36	150	0.142857
36	172	0.142857
37	5	0.022727
37	9	0.031250
37	11	0.023256
37	12	0.025641
37	14	0.016949
37	18	0.052632
37	28	0.050000
37	40	0.076923
37	55	0.083333
37	56	0.090909
37	75	0.100000
37	77	0.111111
37	83	0.100000
37	93	0.142857
37	104	0.125000
37	105	0.111111
37	127	0.142857
37	150	0.142857
37	156	0.142857
37	164	0.111111
37	173	0.125000
37	177	0.142857
37	180	0.142857
38	0	0.027778
38	4	0.026316
38	8	0.018519
38	14	0.016949
38	20	0.038462
38	33	0.031250
38	36	0.062500
38	50	0.066667
38	62	0.090909
38	104	0.125000
38	153	0.125000
38	160	0.142857
38	171	0.142857
38	181	0.142857
38	190	0.142857
39	1	0.025641
39	2	0.025641
39	5	0.022727
39	6	0.043478
39	7	0.019608
39	12	0.025641
39	14	0.016949
39	54	0.076923
39	57	0.090909
39	62	0.090909
39	113	0.111111
39	151	0.111111
39	156	0.142857
39	159	0.142857
39	178	0.142857
39	194	0.142857
40	6	0.043478
40	8	0.018519
40	11	0.023256
40	12	0.025641
40	14	0.016949
40	34	0.071429
40	37	0.043478
40	56	0.090909
40	63	0.083333
40	66	0.050000
40	92	0.111111
40	98	0.083333
40	167	0.125000
41	3	0.027778
41	8	0.018519
41	14	0.016949
41	15	0.031250
41	30	0.076923
41	32	0.034483
41	33	0.031250
41	52	0.076923
41	56	0.090909
41	72	0.071429
41	74	0.100000
41	95	0.111111
41	102	0.100000
41	124	0.100000
41	126	0.142857
42	5	0.022727
42	8	0.018519
42	9	0.031250
42	12	0.025641
42	18	0.052632
42	32	0.034483
42	35	0.040000
42	45	0.062500
42	49	0.045455
42	53	0.076923
42	73	0.111111
42	74	0.100000
42	93	0.142857
42	110	0.071429
42	112	0.090909
42	125	0.111111
42	136	0.076923
42	158	0.142857
43	2	0.025641
43	8	0.018519
43	10	0.022222
43	11	0.023256
43	19	0.040000
43	22	0.033333
43	23	0.058824
43	56	0.090909
43	83	0.100000
43	87	0.142857
43	159	0.142857
43	165	0.125000
43	169	0.125000
43	182	0.166667
44	6	0.043478
44	10	0.022222
44	11	0.023256
44	14	0.016949
44	21	0.038462
44	28	0.050000
44	36	0.062500
44	49	0.045455
44	59	0.100000
44	62	0.090909
44	67	0.071429
44	86	0.111111
44	88	0.071429
44	100	0.100000
44	120	0.142857
44	122	0.125000
44	138	0.125000
44	139	0.100000
44	148	0.125000
44	162	0.142857
44	179	0.142857
45	8	0.018519
45	14	0.016949
45	20	0.038462
45	23	0.058824
45	32	0.034483
45	35	0.040000
45	42	0.055556
45	57	0.090909
45	91	0.125000
45	114	0.142857
45	115	0.142857
45	128	0.142857
45	131	0.090909
45	189	0.142857
45	192	0.125000
45	194	0.142857
46	10	0.022222
46	11	0.023256
46	14	0.016949
46	15	0.031250
46	20	0.038462
46	22	0.033333
46	34	0.071429
46	47	0.058824
46	48	0.062500
46	106	0.083333
46	109	0.142857
46	117	0.090909
46	122	0.125000
46	132	0.111111
46	141	0.083333
46	178	0.142857
46	186	0.142857
46	198	0.142857
47	2	0.025641
47	4	0.026316
47	7	0.019608
47	22	0.033333
47	33	0.031250
47	36	0.062500
47	46	0.055556
47	64	0.052632
47	76	0.100000
47	93	0.142857
47	95	0.111111
47	115	0.142857
47	128	0.142857
47	165	0.125000
47	169	0.125000
47	170	0.142857
47	182	0.166667
48	2	0.025641
48	8	0.018519
48	11	0.023256
48	17	0.031250
48	29	0.066667
48	35	0.040000
48	46	0.055556
48	51	0.041667
48	86	0.111111
48	101	0.090909
48	103	0.100000
48	107	0.125000
48	117	0.090909
48	133	0.111111
48	167	0.125000
48	183	0.142857
49	1	0.025641
49	3	0.027778
49	7	0.019608
49	12	0.025641
49	16	0.028571
49	42	0.055556
49	44	0.047619
49	52	0.076923
49	71	0.100000
49	85	0.142857
49	88	0.071429
49	101	0.090909
49	109	0.142857
49	110	0.071429
49	117	0.090909
49	119	0.111111
49	132	0.111111
49	159	0.142857
49	164	0.111111
49	169	0.125000
49	173	0.125000
49	185	0.111111
50	4	0.026316
50	5	0.022727
50	8	0.018519
50	12	0.025641
50	30	0.076923
50	33	0.031250
50	38	0.066667
50	85	0.142857
50	95	0.111111
50	105	0.111111
50	111	0.083333
50	118	0.125000
50	123	0.142857
50	171	0.142857
50	185	0.111111
51	3	0.027778
51	5	0.022727
51	13	0.038462
51	15	0.031250
51	34	0.071429
51	35	0.040000
51	48	0.062500
51	53	0.076923
51	54	0.076923
51	67	0.071429
51	81	0.090909
51	85	0.142857
51	90	0.111111
51	91	0.125000
51	98	0.083333
51	101	0.090909
51	108	0.090909
51	116	0.083333
51	119	0.111111
51	145	0.111111
51	148	0.125000
51	150	0.142857
51	163	0.125000
51	187	0.142857
52	1	0.025641
52	15	0.031250
52	16	0.028571
52	30	0.076923
52	35	0.040000
52	41	0.066667
52	49	0.045455
52	74	0.100000
52	79	0.111111
52	97	0.083333
52	132	0.111111
52	135	0.142857
52	193	0.125000
53	0	0.027778
53	9	0.031250
53	10	0.022222
53	15	0.031250
53	22	0.033333
53	42	0.055556
53	51	0.041667
53	55	0.083333
53	73	0.111111
53	88	0.071429
53	91	0.125000
53	110	0.071429
53	129	0.142857
54	4	0.026316
54	5	0.022727
54	8	0.018519
54	14	0.016949
54	20	0.038462
54	39	0.062500
54	51	0.041667
54	63	0.083333
54	99	0.111111
54	118	0.125000
54	121	0.100000
54	127	0.142857
54	183	0.142857
55	0	0.027778
55	10	0.022222
55	15	0.031250
55	28	0.050000
55	33	0.031250
55	37	0.043478
55	53	0.076923
55	80	0.090909
55	102	0.100000
55	131	0.090909
55	135	0.142857
55	193	0.125000
56	11	0.023256
56	12	0.025641
56	14	0.016949
56	37	0.043478
56	40	0.076923
56	41	0.066667
56	43	0.071429
56	65	0.083333
56	112	0.090909
56	177	0.142857
56	186	0.142857
57	5	0.022727
57	6	0.043478
57	10	0.022222
57	14	0.016949
57	19	0.040000
57	39	0.062500
57	45	0.062500
57	63	0.083333
57	108	0.090909
57	113	0.111111
57	183	0.142857
58	1	0.025641
58	2	0.025641
58	3	0.027778
58	9	0.031250
58	10	0.022222
58	24	0.043478
58	33	0.031250
59	0	0.027778
59	2	0.025641
59	14	0.016949
59	32	0.034483
59	36	0.062500
59	44	0.047619
59	88	0.071429
59	121	0.100000
59	171	0.142857
59	179	0.142857
60	0	0.027778
60	1	0.025641
60	5	0.022727
60	8	0.018519
60	12	0.025641
60	14	0.016949
60	34	0.071429
60	73	0.111111
60	81	0.090909
60	106	0.083333
61	3	0.027778
61	4	0.026316
61	7	0.019608
61	9	0.031250
61	15	0.031250
61	16	0.028571
61	22	0.033333
61	175	0.111111
62	8	0.018519
62	12	0.025641
62	14	0.016949
62	33	0.031250
62	38	0.066667
62	39	0.062500
62	44	0.047619
62	91	0.125000
62	136	0.076923
62	175	0.111111
62	189	0.142857
63	1	0.025641
63	5	0.022727
63	12	0.025641
63	35	0.040000
63	40	0.076923
63	54	0.076923
63	57	0.090909
63	68	0.090909
63	94	0.111111
63	96	0.083333
63	134	0.125000
63	186	0.142857
64	6	0.043478
64	10	0.022222
64	14	0.016949
64	17	0.031250
64	21	0.038462
64	36	0.062500
64	47	0.058824
64	77	0.111111
64	93	0.142857
64	102	0.100000
64	111	0.083333
64	119	0.111111
64	120	0.142857
64	142	0.142857
64	155	0.142857
64	166	0.142857
64	176	0.125000
64	180	0.142857
64	190	0.142857
65	7	0.019608
65	8	0.018519
65	18	0.052632
65	19	0.040000
65	21	0.038462
65	28	0.050000
65	56	0.090909
65	72	0.071429
65	77	0.111111
65	133	0.111111
65	151	0.111111
65	172	0.142857
66	2	0.025641
66	10	0.022222
66	18	0.052632
66	22	0.033333
66	24	0.043478
66	27	0.071429
66	40	0.076923
66	84	0.076923
66	88	0.071429
66	96	0.083333
66	99	0.111111
66	100	0.100000
66	106	0.083333
66	126	0.142857
66	132	0.111111
66	152	0.111111
66	155	0.142857
66	174	0.125000
66	182	0.166667
66	195	0.142857
67	3	0.027778
67	11	0.023256
67	14	0.016949
67	21	0.038462
67	35	0.040000
67	44	0.047619
67	51	0.041667
67	69	0.090909
67	70	0.100000
67	111	0.083333
67	112	0.090909
67	129	0.142857
67	133	0.111111
67	192	0.125000
68	4	0.026316
68	7	0.019608
68	12	0.025641
68	14	0.016949
68	25	0.058824
68	35	0.040000
68	63	0.083333
68	69	0.090909
68	70	0.100000
68	138	0.125000
68	146	0.142857
69	0	0.027778
69	5	0.022727
69	8	0.018519
69	9	0.031250
69	14	0.016949
69	67	0.071429
69	68	0.090909
69	107	0.125000
69	161	0.125000
69	169	0.125000
69	180	0.142857
70	1	0.025641
70	3	0.027778
70	21	0.038462
70	28	0.050000
70	32	0.034483
70	67	0.071429
70	68	0.090909
70	80	0.090909
70	146	0.142857
70	182	0.166667
71	0	0.027778
71	12	0.025641
71	16	0.028571
71	20	0.038462
71	32	0.034483
71	33	0.031250
71	49	0.045455
71	112	0.090909
71	123	0.142857
71	128	0.142857
72	1	0.025641
72	4	0.026316
72	6	0.043478
72	16	0.028571
72	17	0.031250
72	41	0.066667
72	65	0.083333
72	74	0.100000
72	82	0.100000
72	87	0.142857
72	103	0.100000
72	183	0.142857
72	187	0.142857
72	189	0.142857
73	2	0.025641
73	10	0.022222
73	24	0.043478
73	30	0.076923
73	42	0.055556
73	53	0.076923
73	60	0.100000
73	79	0.111111
73	153	0.125000
74	24	0.043478
74	28	0.050000
74	32	0.034483
74	41	0.066667
74	42	0.055556
74	52	0.076923
74	72	0.071429
74	78	0.090909
74	110	0.071429
74	124	0.100000
75	3	0.027778
75	6	0.043478
75	7	0.019608
75	13	0.038462
75	14	0.016949
75	35	0.040000
75	37	0.043478
75	104	0.125000
75	140	0.111111
75	152	0.111111
76	2	0.025641
76	7	0.019608
76	12	0.025641
76	14	0.016949
76	22	0.033333
76	26	0.090909
76	47	0.058824
76	111	0.083333
76	122	0.125000
76	181	0.142857
77	0	0.027778
77	10	0.022222
77	14	0.016949
77	20	0.038462
77	37	0.043478
77	64	0.052632
77	65	0.083333
77	123	0.142857
77	139	0.100000
78	1	0.025641
78	2	0.025641
78	5	0.022727
78	12	0.025641
78	19	0.040000
78	23	0.058824
78	74	0.100000
78	99	0.111111
78	125	0.111111
78	185	0.111111
78	190	0.142857
79	4	0.026316
79	8	0.018519
79	10	0.022222
79	11	0.023256
79	32	0.034483
79	52	0.076923
79	73	0.111111
79	118	0.125000
79	166	0.142857
80	1	0.025641
80	5	0.022727
80	10	0.022222
80	11	0.023256
80	21	0.038462
80	55	0.083333
80	70	0.100000
80	83	0.100000
80	102	0.100000
80	160	0.142857
80	167	0.125000
81	7	0.019608
81	8	0.018519
81	10	0.022222
81	11	0.023256
81	17	0.031250
81	51	0.041667
81	60	0.100000
81	127	0.142857
81	140	0.111111
81	157	0.125000
81	184	0.142857
82	1	0.025641
82	4	0.026316
82	7	0.019608
82	8	0.018519
82	9	0.031250
82	22	0.033333
82	72	0.071429
82	89	0.090909
82	128	0.142857
82	161	0.125000
83	3	0.027778
83	7	0.019608
83	8	0.018519
83	13	0.038462
83	37	0.043478
83	43	0.071429
83	80	0.090909
83	160	0.142857
83	187	0.142857
83	195	0.142857
84	2	0.025641
84	15	0.031250
84	16	0.028571
84	17	0.031250
84	18	0.052632
84	22	0.033333
84	66	0.050000
84	96	0.083333
84	98	0.083333
84	120	0.142857
84	163	0.125000
84	170	0.142857
84	187	0.142857
85	14	0.016949
85	18	0.052632
85	19	0.040000
85	29	0.066667
85	49	0.045455
85	50	0.066667
85	51	0.041667
86	5	0.022727
86	11	0.023256
86	14	0.016949
86	16	0.028571
86	20	0.038462
86	44	0.047619
86	48	0.062500
86	100	0.100000
86	163	0.125000
87	10	0.022222
87	13	0.038462
87	14	0.016949
87	16	0.028571
87	19	0.040000
87	43	0.071429
87	72	0.071429
88	4	0.026316
88	16	0.028571
88	44	0.047619
88	49	0.045455
88	53	0.076923
88	59	0.100000
88	66	0.050000
88	89	0.090909
88	101	0.090909
88	108	0.090909
88	117	0.090909
88	122	0.125000
88	125	0.111111
88	163	0.125000
89	4	0.026316
89	7	0.019608
89	9	0.031250
89	14	0.016949
89	24	0.043478
89	82	0.100000
89	88	0.071429
89	134	0.125000
89	147	0.142857
89	158	0.142857
89	198	0.142857
90	3	0.027778
90	5	0.022727
90	11	0.023256
90	14	0.016949
90	17	0.031250
90	21	0.038462
90	51	0.041667
90	136	0.076923
90	196	0.142857
91	7	0.019608
91	21	0.038462
91	29	0.066667
91	45	0.062500
91	51	0.041667
91	53	0.076923
91	62	0.090909
91	194	0.142857
92	3	0.027778
92	6	0.043478
92	10	0.022222
92	16	0.028571
92	20	0.038462
92	30	0.076923
92	40	0.076923
92	114	0.142857
92	145	0.111111
93	10	0.022222
93	14	0.016949
93	29	0.066667
93	37	0.043478
93	42	0.055556
93	47	0.058824
93	64	0.052632
94	3	0.027778
94	5	0.022727
94	7	0.019608
94	11	0.023256
94	12	0.025641
94	14	0.016949
94	63	0.083333
94	105	0.111111
94	115	0.142857
95	3	0.027778
95	8	0.018519
95	15	0.031250
95	16	0.028571
95	41	0.066667
95	47	0.058824
95	50	0.066667
95	105	0.111111
95	117	0.090909
96	0	0.027778
96	6	0.043478
96	9	0.031250
96	19	0.040000
96	63	0.083333
96	66	0.050000
96	84	0.076923
96	106	0.083333
96	109	0.142857
96	149	0.125000
96	157	0.125000
96	163	0.125000
97	3	0.027778
97	5	0.022727
97	10	0.022222
97	13	0.038462
97	21	0.038462
97	22	0.033333
97	52	0.076923
97	100	0.100000
97	109	0.142857
97	114	0.142857
97	166	0.142857
97	184	0.142857
98	4	0.026316
98	6	0.043478
98	8	0.018519
98	17	0.031250
98	40	0.076923
98	51	0.041667
98	84	0.076923
98	116	0.083333
98	141	0.083333
98	161	0.125000
98	163	0.125000
98	174	0.125000
99	0	0.027778
99	10	0.022222
99	11	0.023256
99	23	0.058824
99	54	0.076923
99	66	0.050000
99	78	0.090909
99	149	0.125000
99	172	0.142857
100	1	0.025641
100	13	0.038462
100	33	0.031250
100	44	0.047619
100	66	0.050000
100	86	0.111111
100	97	0.083333
100	121	0.100000
100	140	0.111111
100	173	0.125000
101	6	0.043478
101	10	0.022222
101	21	0.038462
101	48	0.062500
101	49	0.045455
101	51	0.041667
101	88	0.071429
101	124	0.100000
101	153	0.125000
101	166	0.142857
101	183	0.142857
102	0	0.027778
102	21	0.038462
102	33	0.031250
102	41	0.066667
102	55	0.083333
102	64	0.052632
102	80	0.090909
102	123	0.142857
102	151	0.111111
102	158	0.142857
103	3	0.027778
103	4	0.026316
103	16	0.028571
103	33	0.031250
103	35	0.040000
103	48	0.062500
103	72	0.071429
103	155	0.142857
103	162	0.142857
103	194	0.142857
104	0	0.027778
104	7	0.019608
104	11	0.023256
104	14	0.016949
104	37	0.043478
104	38	0.066667
104	75	0.100000
104	158	0.142857
105	1	0.025641
105	28	0.050000
105	32	0.034483
105	37	0.043478
105	50	0.066667
105	94	0.111111
105	95	0.111111
105	112	0.090909
105	147	0.142857
106	4	0.026316
106	16	0.028571
106	18	0.052632
106	46	0.055556
106	60	0.100000
106	66	0.050000
106	96	0.083333
106	109	0.142857
106	116	0.083333
106	146	0.142857
106	184	0.142857
106	191	0.142857
107	1	0.025641
107	2	0.025641
107	7	0.019608
107	9	0.031250
107	11	0.023256
107	48	0.062500
107	69	0.090909
107	164	0.111111
108	9	0.031250
108	10	0.022222
108	22	0.033333
108	33	0.031250
108	51	0.041667
108	57	0.090909
108	88	0.071429
108	186	0.142857
108	189	0.142857
108	195	0.142857
108	198	0.142857
109	1	0.025641
109	2	0.025641
109	46	0.055556
109	49	0.045455
109	96	0.083333
109	97	0.083333
109	106	0.083333
110	5	0.022727
110	12	0.025641
110	28	0.050000
110	42	0.055556
110	49	0.045455
110	53	0.076923
110	74	0.100000
110	130	0.125000
110	136	0.076923
110	143	0.125000
110	158	0.142857
110	178	0.142857
110	187	0.142857
110	195	0.142857
111	0	0.027778
111	21	0.038462
111	35	0.040000
111	50	0.066667
111	64	0.052632
111	67	0.071429
111	76	0.100000
111	131	0.090909
111	139	0.100000
111	144	0.125000
111	176	0.125000
111	185	0.111111
112	5	0.022727
112	15	0.031250
112	42	0.055556
112	56	0.090909
112	67	0.071429
112	71	0.100000
112	105	0.111111
112	130	0.125000
112	144	0.125000
112	157	0.125000
112	192	0.125000
113	0	0.027778
113	1	0.025641
113	10	0.022222
113	14	0.016949
113	22	0.033333
113	39	0.062500
113	57	0.090909
113	176	0.125000
113	197	0.142857
114	17	0.031250
114	20	0.038462
114	22	0.033333
114	34	0.071429
114	45	0.062500
114	92	0.111111
114	97	0.083333
115	1	0.025641
115	12	0.025641
115	14	0.016949
115	27	0.071429
115	45	0.062500
115	47	0.058824
115	94	0.111111
116	8	0.018519
116	17	0.031250
116	25	0.058824
116	29	0.066667
116	51	0.041667
116	98	0.083333
116	106	0.083333
116	127	0.142857
116	149	0.125000
116	153	0.125000
116	177	0.142857
116	191	0.142857
117	12	0.025641
117	33	0.031250
117	46	0.055556
117	48	0.062500
117	49	0.045455
117	88	0.071429
117	95	0.111111
117	132	0.111111
117	135	0.142857
117	149	0.125000
117	186	0.142857
118	7	0.019608
118	14	0.016949
118	22	0.033333
118	27	0.071429
118	50	0.066667
118	54	0.076923
118	79	0.111111
118	153	0.125000
119	3	0.027778
119	17	0.031250
119	19	0.040000
119	26	0.090909
119	49	0.045455
119	51	0.041667
119	64	0.052632
119	134	0.125000
119	154	0.166667
120	4	0.026316
120	5	0.022727
120	6	0.043478
120	17	0.031250
120	44	0.047619
120	64	0.052632
120	84	0.076923
121	6	0.043478
121	16	0.028571
121	20	0.038462
121	36	0.062500
121	54	0.076923
121	59	0.100000
121	100	0.100000
121	140	0.111111
121	184	0.142857
121	187	0.142857
122	2	0.025641
122	11	0.023256
122	15	0.031250
122	44	0.047619
122	46	0.055556
122	76	0.100000
122	88	0.071429
122	164	0.111111
123	8	0.018519
123	12	0.025641
123	17	0.031250
123	50	0.066667
123	71	0.100000
123	77	0.111111
123	102	0.100000
124	0	0.027778
124	1	0.025641
124	9	0.031250
124	12	0.025641
124	41	0.066667
124	74	0.100000
124	101	0.090909
124	126	0.142857
124	158	0.142857
124	175	0.111111
125	2	0.025641
125	7	0.019608
125	22	0.033333
125	27	0.071429
125	42	0.055556
125	78	0.090909
125	88	0.071429
125	147	0.142857
125	148	0.125000
126	3	0.027778
126	10	0.022222
126	25	0.058824
126	35	0.040000
126	41	0.066667
126	66	0.050000
126	124	0.100000
127	11	0.023256
127	23	0.058824
127	29	0.066667
127	37	0.043478
127	54	0.076923
127	81	0.090909
127	116	0.083333
128	6	0.043478
128	7	0.019608
128	8	0.018519
128	45	0.062500
128	47	0.058824
128	71	0.100000
128	82	0.100000
129	8	0.018519
129	9	0.031250
129	10	0.022222
129	28	0.050000
129	32	0.034483
129	53	0.076923
129	67	0.071429
130	4	0.026316
130	16	0.028571
130	24	0.043478
130	25	0.058824
130	28	0.050000
130	110	0.071429
130	112	0.090909
130	143	0.125000
131	0	0.027778
131	7	0.019608
131	8	0.018519
131	22	0.033333
131	45	0.062500
131	55	0.083333
131	111	0.083333
131	137	0.111111
131	138	0.125000
131	189	0.142857
131	191	0.142857
132	5	0.022727
132	35	0.040000
132	46	0.055556
132	49	0.045455
132	52	0.076923
132	66	0.050000
132	117	0.090909
132	144	0.125000
132	159	0.142857
133	3	0.027778
133	8	0.018519
133	10	0.022222
133	13	0.038462
133	48	0.062500
133	65	0.083333
133	67	0.071429
133	146	0.142857
133	184	0.142857
134	0	0.027778
134	8	0.018519
134	14	0.016949
134	23	0.058824
134	63	0.083333
134	89	0.090909
134	119	0.111111
134	152	0.111111
135	3	0.027778
135	4	0.026316
135	15	0.031250
135	22	0.033333
135	52	0.076923
135	55	0.083333
135	117	0.090909
136	5	0.022727
136	8	0.018519
136	26	0.090909
136	42	0.055556
136	62	0.090909
136	90	0.111111
136	110	0.071429
136	139	0.100000
136	171	0.142857
136	173	0.125000
136	177	0.142857
136	189	0.142857
136	196	0.142857
137	2	0.025641
137	9	0.031250
137	11	0.023256
137	17	0.031250
137	22	0.033333
137	24	0.043478
137	131	0.090909
137	185	0.111111
137	197	0.142857
138	7	0.019608
138	11	0.023256
138	12	0.025641
138	13	0.038462
138	44	0.047619
138	68	0.090909
138	131	0.090909
138	144	0.125000
139	13	0.038462
139	25	0.058824
139	32	0.034483
139	44	0.047619
139	77	0.111111
139	111	0.083333
139	136	0.076923
139	160	0.142857
139	188	0.142857
139	189	0.142857
140	1	0.025641
140	8	0.018519
140	36	0.062500
140	75	0.100000
140	81	0.090909
140	100	0.100000
140	121	0.100000
140	168	0.142857
140	173	0.125000
141	6	0.043478
141	11	0.023256
141	15	0.031250
141	25	0.058824
141	32	0.034483
141	46	0.055556
141	98	0.083333
141	167	0.125000
141	174	0.125000
141	182	0.166667
141	194	0.142857
141	197	0.142857
142	8	0.018519
142	14	0.016949
142	16	0.028571
142	19	0.040000
142	23	0.058824
142	64	0.052632
142	154	0.166667
143	7	0.019608
143	17	0.031250
143	20	0.038462
143	33	0.031250
143	35	0.040000
143	110	0.071429
143	130	0.125000
143	147	0.142857
144	4	0.026316
144	5	0.022727
144	32	0.034483
144	111	0.083333
144	112	0.090909
144	132	0.111111
144	138	0.125000
144	146	0.142857
145	4	0.026316
145	13	0.038462
145	22	0.033333
145	24	0.043478
145	26	0.090909
145	51	0.041667
145	92	0.111111
145	153	0.125000
145	188	0.142857
146	4	0.026316
146	32	0.034483
146	68	0.090909
146	70	0.100000
146	106	0.083333
146	133	0.111111
146	144	0.125000
147	15	0.031250
147	28	0.050000
147	29	0.066667
147	89	0.090909
147	105	0.111111
147	125	0.111111
147	143	0.125000
148	5	0.022727
148	6	0.043478
148	12	0.025641
148	28	0.050000
148	44	0.047619
148	51	0.041667
148	125	0.111111
148	155	0.142857
149	5	0.022727
149	16	0.028571
149	19	0.040000
149	96	0.083333
149	99	0.111111
149	116	0.083333
149	117	0.090909
149	172	0.142857
150	5	0.022727
150	7	0.019608
150	20	0.038462
150	32	0.034483
150	36	0.062500
150	37	0.043478
150	51	0.041667
151	0	0.027778
151	19	0.040000
151	24	0.043478
151	32	0.034483
151	39	0.062500
151	65	0.083333
151	102	0.100000
151	160	0.142857
151	171	0.142857
152	24	0.043478
152	25	0.058824
152	31	0.125000
152	35	0.040000
152	66	0.050000
152	75	0.100000
152	134	0.125000
152	159	0.142857
152	197	0.142857
153	2	0.025641
153	38	0.066667
153	73	0.111111
153	101	0.090909
153	116	0.083333
153	118	0.125000
153	145	0.111111
153	191	0.142857
154	7	0.019608
154	14	0.016949
154	19	0.040000
154	21	0.038462
154	119	0.111111
154	142	0.142857
155	2	0.025641
155	11	0.023256
155	19	0.040000
155	64	0.052632
155	66	0.050000
155	103	0.100000
155	148	0.125000
156	8	0.018519
156	11	0.023256
156	12	0.025641
156	14	0.016949
156	15	0.031250
156	37	0.043478
156	39	0.062500
157	0	0.027778
157	5	0.022727
157	20	0.038462
157	21	0.038462
157	81	0.090909
157	96	0.083333
157	112	0.090909
157	190	0.142857
158	9	0.031250
158	42	0.055556
158	89	0.090909
158	102	0.100000
158	104	0.125000
158	110	0.071429
158	124	0.100000
159	24	0.043478
159	33	0.031250
159	39	0.062500
159	43	0.071429
159	49	0.045455
159	132	0.111111
159	152	0.111111
160	7	0.019608
160	10	0.022222
160	38	0.066667
160	80	0.090909
160	83	0.100000
160	139	0.100000
160	151	0.111111
161	8	0.018519
161	9	0.031250
161	16	0.028571
161	17	0.031250
161	69	0.090909
161	82	0.100000
161	98	0.083333
161	180	0.142857
162	2	0.025641
162	8	0.018519
162	14	0.016949
162	15	0.031250
162	33	0.031250
162	44	0.047619
162	103	0.100000
163	20	0.038462
163	51	0.041667
163	84	0.076923
163	86	0.111111
163	88	0.071429
163	96	0.083333
163	98	0.083333
163	192	0.125000
164	1	0.025641
164	16	0.028571
164	33	0.031250
164	37	0.043478
164	49	0.045455
164	107	0.125000
164	122	0.125000
164	169	0.125000
164	173	0.125000
165	0	0.027778
165	5	0.022727
165	15	0.031250
165	17	0.031250
165	20	0.038462
165	43	0.071429
165	47	0.058824
165	182	0.166667
166	3	0.027778
166	11	0.023256
166	32	0.034483
166	64	0.052632
166	79	0.111111
166	97	0.083333
166	101	0.090909
167	0	0.027778
167	32	0.034483
167	35	0.040000
167	40	0.076923
167	48	0.062500
167	80	0.090909
167	141	0.083333
167	176	0.125000
168	0	0.027778
168	2	0.025641
168	8	0.018519
168	9	0.031250
168	11	0.023256
168	16	0.028571
168	140	0.111111
169	13	0.038462
169	19	0.040000
169	43	0.071429
169	47	0.058824
169	49	0.045455
169	69	0.090909
169	164	0.111111
169	170	0.142857
170	2	0.025641
170	4	0.026316
170	9	0.031250
170	33	0.031250
170	47	0.058824
170	84	0.076923
170	169	0.125000
171	10	0.022222
171	17	0.031250
171	38	0.066667
171	50	0.066667
171	59	0.100000
171	136	0.076923
171	151	0.111111
172	3	0.027778
172	14	0.016949
172	33	0.031250
172	36	0.062500
172	65	0.083333
172	99	0.111111
172	149	0.125000
173	9	0.031250
173	37	0.043478
173	49	0.045455
173	100	0.100000
173	136	0.076923
173	140	0.111111
173	164	0.111111
173	175	0.111111
174	1	0.025641
174	2	0.025641
174	32	0.034483
174	34	0.071429
174	66	0.050000
174	98	0.083333
174	141	0.083333
174	194	0.142857
175	9	0.031250
175	16	0.028571
175	21	0.038462
175	61	0.125000
175	62	0.090909
175	124	0.100000
175	173	0.125000
175	185	0.111111
175	192	0.125000
176	4	0.026316
176	32	0.034483
176	35	0.040000
176	64	0.052632
176	111	0.083333
176	113	0.111111
176	167	0.125000
176	183	0.142857
177	5	0.022727
177	13	0.038462
177	15	0.031250
177	37	0.043478
177	56	0.090909
177	116	0.083333
177	136	0.076923
178	0	0.027778
178	11	0.023256
178	16	0.028571
178	28	0.050000
178	39	0.062500
178	46	0.055556
178	110	0.071429
179	7	0.019608
179	10	0.022222
179	13	0.038462
179	15	0.031250
179	17	0.031250
179	44	0.047619
179	59	0.100000
180	2	0.025641
180	8	0.018519
180	12	0.025641
180	37	0.043478
180	64	0.052632
180	69	0.090909
180	161	0.125000
181	4	0.026316
181	5	0.022727
181	7	0.019608
181	11	0.023256
181	16	0.028571
181	38	0.066667
181	76	0.100000
182	43	0.071429
182	47	0.058824
182	66	0.050000
182	70	0.100000
182	141	0.083333
182	165	0.125000
183	14	0.016949
183	48	0.062500
183	54	0.076923
183	57	0.090909
183	72	0.071429
183	101	0.090909
183	176	0.125000
184	4	0.026316
184	30	0.076923
184	81	0.090909
184	97	0.083333
184	106	0.083333
184	121	0.100000
184	133	0.111111
185	33	0.031250
185	49	0.045455
185	50	0.066667
185	78	0.090909
185	111	0.083333
185	137	0.111111
185	175	0.111111
185	192	0.125000
185	193	0.125000
186	2	0.025641
186	3	0.027778
186	46	0.055556
186	56	0.090909
186	63	0.083333
186	108	0.090909
186	117	0.090909
187	20	0.038462
187	51	0.041667
187	72	0.071429
187	83	0.100000
187	84	0.076923
187	110	0.071429
187	121	0.100000
188	0	0.027778
188	6	0.043478
188	7	0.019608
188	8	0.018519
188	35	0.040000
188	139	0.100000
188	145	0.111111
189	45	0.062500
189	62	0.090909
189	72	0.071429
189	108	0.090909
189	131	0.090909
189	136	0.076923
189	139	0.100000
190	0	0.027778
190	19	0.040000
190	27	0.071429
190	38	0.066667
190	64	0.052632
190	78	0.090909
190	157	0.125000
191	13	0.038462
191	14	0.016949
191	29	0.066667
191	106	0.083333
191	116	0.083333
191	131	0.090909
191	153	0.125000
192	6	0.043478
192	45	0.062500
192	67	0.071429
192	112	0.090909
192	163	0.125000
192	175	0.111111
192	185	0.111111
192	196	0.142857
193	17	0.031250
193	24	0.043478
193	33	0.031250
193	34	0.071429
193	52	0.076923
193	55	0.083333
193	185	0.111111
193	198	0.142857
194	23	0.058824
194	39	0.062500
194	45	0.062500
194	91	0.125000
194	103	0.100000
194	141	0.083333
194	174	0.125000
195	15	0.031250
195	24	0.043478
195	33	0.031250
195	66	0.050000
195	83	0.100000
195	108	0.090909
195	110	0.071429
196	7	0.019608
196	14	0.016949
196	21	0.038462
196	25	0.058824
196	90	0.111111
196	136	0.076923
196	192	0.125000
197	24	0.043478
197	32	0.034483
197	33	0.031250
197	113	0.111111
197	137	0.111111
197	141	0.083333
197	152	0.111111
198	11	0.023256
198	14	0.016949
198	15	0.031250
198	46	0.055556
198	89	0.090909
198	108	0.090909
198	193	0.125000
