180	2408
0	7	0.015625
0	8	0.017857
0	9	0.020833
0	10	0.018868
0	11	0.025641
0	16	0.034483
0	19	0.037037
0	22	0.043478
0	25	0.058824
0	26	0.090909
0	29	0.090909
0	32	0.066667
0	33	0.035714
0	40	0.083333
0	41	0.047619
0	45	0.062500
0	46	0.035714
0	50	0.100000
0	51	0.066667
0	57	0.100000
0	66	0.100000
0	76	0.083333
0	82	0.142857
0	93	0.142857
0	104	0.125000
0	127	0.111111
0	146	0.100000
0	153	0.142857
1	7	0.015625
1	8	0.017857
1	9	0.020833
1	11	0.025641
1	12	0.031250
1	13	0.022727
1	14	0.040000
1	15	0.038462
1	16	0.034483
1	18	0.038462
1	20	0.055556
1	21	0.066667
1	24	0.076923
1	27	0.055556
1	28	0.050000
1	30	0.090909
1	31	0.040000
1	41	0.047619
1	42	0.058824
1	48	0.076923
1	50	0.100000
1	57	0.100000
1	58	0.111111
1	70	0.071429
1	71	0.071429
1	75	0.125000
1	77	0.111111
1	79	0.111111
1	89	0.125000
1	91	0.090909
1	93	0.142857
1	96	0.142857
1	99	0.100000
1	118	0.125000
1	120	0.125000
1	127	0.111111
1	128	0.083333
1	129	0.142857
1	139	0.142857
1	145	0.100000
1	146	0.100000
1	158	0.142857
1	160	0.125000
1	168	0.142857
1	170	0.142857
1	171	0.142857
1	175	0.125000
2	7	0.015625
2	8	0.017857
2	9	0.020833
2	10	0.018868
2	11	0.025641
2	12	0.031250
2	13	0.022727
2	14	0.040000
2	16	0.034483
2	17	0.055556
2	20	0.055556
2	21	0.066667
2	23	0.071429
2	24	0.076923
2	25	0.058824
2	28	0.050000
2	32	0.066667
2	33	0.035714
2	35	0.071429
2	41	0.047619
2	65	0.090909
2	67	0.083333
2	69	0.100000
2	73	0.052632
2	81	0.071429
2	83	0.083333
2	86	0.125000
2	95	0.100000
2	98	0.083333
2	109	0.100000
2	110	0.100000
2	113	0.083333
2	118	0.125000
2	139	0.142857
2	144	0.125000
2	152	0.125000
2	169	0.142857
3	7	0.015625
3	8	0.017857
3	9	0.020833
3	11	0.025641
3	13	0.022727
3	18	0.038462
3	19	0.037037
3	21	0.066667
3	22	0.043478
3	27	0.055556
3	30	0.090909
3	32	0.066667
3	43	0.055556
3	44	0.100000
3	47	0.066667
3	50	0.100000
3	55	0.090909
3	63	0.125000
3	64	0.100000
3	65	0.090909
3	72	0.083333
3	77	0.111111
3	79	0.111111
3	88	0.083333
3	99	0.100000
3	104	0.125000
3	105	0.125000
3	113	0.083333
3	116	0.090909
3	118	0.125000
3	120	0.125000
3	123	0.142857
3	124	0.125000
3	128	0.083333
3	133	0.142857
3	135	0.100000
3	142	0.111111
3	146	0.100000
3	148	0.142857
3	156	0.125000
3	160	0.125000
3	161	0.125000
3	162	0.125000
3	170	0.142857
3	176	0.142857
3	178	0.142857
3	179	0.142857
4	7	0.015625
4	8	0.017857
4	9	0.020833
4	14	0.040000
4	21	0.066667
4	23	0.071429
4	33	0.035714
4	45	0.062500
4	49	0.076923
4	52	0.100000
4	66	0.100000
4	84	0.076923
4	102	0.111111
4	119	0.125000
4	123	0.142857
4	131	0.142857
4	134	0.125000
4	136	0.142857
4	138	0.125000
4	154	0.142857
4	158	0.142857
4	162	0.125000
5	7	0.015625
5	8	0.017857
5	10	0.018868
5	11	0.025641
5	13	0.022727
5	26	0.090909
5	28	0.050000
5	40	0.083333
5	42	0.058824
5	72	0.083333
5	82	0.142857
5	91	0.090909
5	94	0.090909
5	95	0.100000
5	103	0.100000
5	109	0.100000
5	110	0.100000
5	115	0.125000
5	117	0.111111
5	122	0.111111
5	129	0.142857
5	142	0.111111
5	143	0.125000
5	163	0.142857
6	7	0.015625
6	10	0.018868
6	12	0.031250
6	18	0.038462
6	27	0.055556
6	29	0.090909
6	31	0.040000
6	41	0.047619
6	54	0.062500
6	57	0.100000
6	90	0.100000
6	102	0.111111
6	126	0.142857
6	158	0.142857
7	0	0.035714
7	1	0.021277
7	2	0.027027
7	3	0.021277
7	4	0.045455
7	5	0.041667
7	6	0.071429
7	8	0.017857
7	9	0.020833
7	10	0.018868
7	12	0.031250
7	13	0.022727
7	14	0.040000
7	15	0.038462
7	16	0.034483
7	17	0.055556
7	18	0.038462
7	22	0.043478
7	24	0.076923
7	25	0.058824
7	28	0.050000
7	30	0.090909
7	33	0.035714
7	35	0.071429
7	36	0.062500
7	37	0.066667
7	38	0.052632
7	46	0.035714
7	48	0.076923
7	51	0.066667
7	53	0.083333
7	55	0.090909
7	57	0.100000
7	58	0.111111
7	59	0.090909
7	60	0.100000
7	61	0.076923
7	65	0.090909
7	67	0.083333
7	70	0.071429
7	72	0.083333
7	74	0.066667
7	75	0.125000
7	76	0.083333
7	82	0.142857
7	88	0.083333
7	89	0.125000
7	93	0.142857
7	101	0.125000
7	106	0.111111
7	119	0.125000
7	123	0.142857
7	126	0.142857
7	134	0.125000
7	141	0.142857
7	143	0.125000
7	146	0.100000
7	151	0.125000
7	153	0.142857
7	161	0.125000
7	163	0.142857
7	166	0.142857
7	169	0.142857
7	179	0.142857
8	0	0.035714
8	1	0.021277
8	2	0.027027
8	3	0.021277
8	4	0.045455
8	5	0.041667
8	7	0.015625
8	9	0.020833
8	10	0.018868
8	12	0.031250
8	15	0.038462
8	16	0.034483
8	18	0.038462
8	19	0.037037
8	20	0.055556
8	21	0.066667
8	24	0.076923
8	25	0.058824
8	26	0.090909
8	28	0.050000
8	29	0.090909
8	31	0.040000
8	32	0.066667
8	34	0.055556
8	35	0.071429
8	40	0.083333
8	44	0.100000
8	50	0.100000
8	53	0.083333
8	55	0.090909
8	56	0.066667
8	61	0.076923
8	62	0.090909
8	63	0.125000
8	67	0.083333
8	70	0.071429
8	75	0.125000
8	79	0.111111
8	81	0.071429
8	86	0.125000
8	88	0.083333
8	92	0.125000
8	100	0.100000
8	106	0.111111
8	109	0.100000
8	119	0.125000
8	122	0.111111
8	129	0.142857
8	131	0.142857
8	142	0.111111
8	144	0.125000
8	148	0.142857
8	150	0.142857
8	153	0.142857
8	159	0.142857
8	170	0.142857
9	0	0.035714
9	1	0.021277
9	2	0.027027
9	3	0.021277
9	4	0.045455
9	7	0.015625
9	8	0.017857
9	11	0.025641
9	12	0.031250
9	13	0.022727
9	14	0.040000
9	15	0.038462
9	16	0.034483
9	19	0.037037
9	22	0.043478
9	25	0.058824
9	26	0.090909
9	31	0.040000
9	32	0.066667
9	34	0.055556
9	36	0.062500
9	37	0.066667
9	43	0.055556
9	44	0.100000
9	45	0.062500
9	46	0.035714
9	49	0.076923
9	76	0.083333
9	86	0.125000
9	91	0.090909
9	93	0.142857
9	95	0.100000
9	96	0.142857
9	97	0.090909
9	98	0.083333
9	103	0.100000
9	122	0.111111
9	123	0.142857
9	125	0.142857
9	137	0.125000
9	141	0.142857
9	143	0.125000
9	145	0.100000
9	147	0.111111
9	149	0.142857
9	159	0.142857
9	161	0.125000
9	168	0.142857
10	0	0.035714
10	2	0.027027
10	5	0.041667
10	6	0.071429
10	7	0.015625
10	8	0.017857
10	11	0.025641
10	17	0.055556
10	19	0.037037
10	20	0.055556
10	21	0.066667
10	22	0.043478
10	23	0.071429
10	24	0.076923
10	29	0.090909
10	31	0.040000
10	32	0.066667
10	34	0.055556
10	36	0.062500
10	37	0.066667
10	51	0.066667
10	53	0.083333
10	54	0.062500
10	59	0.090909
10	61	0.076923
10	62	0.090909
10	63	0.125000
10	70	0.071429
10	73	0.052632
10	74	0.066667
10	77	0.111111
10	78	0.083333
10	80	0.100000
10	84	0.076923
10	86	0.125000
10	89	0.125000
10	90	0.100000
10	92	0.125000
10	97	0.090909
10	99	0.100000
10	108	0.125000
10	117	0.111111
10	136	0.142857
10	137	0.125000
10	138	0.125000
10	150	0.142857
10	151	0.125000
10	152	0.125000
10	155	0.125000
10	157	0.142857
10	161	0.125000
10	163	0.142857
10	175	0.125000
11	0	0.035714
11	1	0.021277
11	2	0.027027
11	3	0.021277
11	5	0.041667
11	9	0.020833
11	10	0.018868
11	12	0.031250
11	14	0.040000
11	16	0.034483
11	17	0.055556
11	23	0.071429
11	24	0.076923
11	27	0.055556
11	31	0.040000
11	33	0.035714
11	37	0.066667
11	39	0.043478
11	44	0.100000
11	47	0.066667
11	50	0.100000
11	51	0.066667
11	59	0.090909
11	60	0.100000
11	64	0.100000
11	65	0.090909
11	66	0.100000
11	81	0.071429
11	95	0.100000
11	97	0.090909
11	118	0.125000
11	120	0.125000
11	126	0.142857
11	127	0.111111
11	134	0.125000
11	136	0.142857
11	155	0.125000
11	164	0.142857
11	172	0.142857
12	1	0.021277
12	2	0.027027
12	6	0.071429
12	7	0.015625
12	8	0.017857
12	9	0.020833
12	11	0.025641
12	14	0.040000
12	17	0.055556
12	18	0.038462
12	20	0.055556
12	26	0.090909
12	40	0.083333
12	45	0.062500
12	53	0.083333
12	56	0.066667
12	58	0.111111
12	60	0.100000
12	62	0.090909
12	73	0.052632
12	79	0.111111
12	97	0.090909
12	101	0.125000
12	111	0.100000
12	118	0.125000
12	120	0.125000
12	124	0.125000
12	132	0.142857
12	149	0.142857
12	165	0.125000
12	170	0.142857
12	171	0.142857
13	1	0.021277
13	2	0.027027
13	3	0.021277
13	5	0.041667
13	7	0.015625
13	9	0.020833
13	15	0.038462
13	17	0.055556
13	18	0.038462
13	19	0.037037
13	20	0.055556
13	21	0.066667
13	27	0.055556
13	29	0.090909
13	33	0.035714
13	34	0.055556
13	36	0.062500
13	38	0.052632
13	39	0.043478
13	41	0.047619
13	42	0.058824
13	43	0.055556
13	58	0.111111
13	59	0.090909
13	66	0.100000
13	67	0.083333
13	68	0.083333
13	69	0.100000
13	88	0.083333
13	90	0.100000
13	98	0.083333
13	105	0.125000
13	110	0.100000
13	117	0.111111
13	120	0.125000
13	123	0.142857
13	135	0.100000
13	144	0.125000
13	147	0.111111
13	159	0.142857
13	161	0.125000
13	170	0.142857
13	173	0.142857
13	178	0.142857
14	1	0.021277
14	2	0.027027
14	4	0.045455
14	7	0.015625
14	9	0.020833
14	11	0.025641
14	12	0.031250
14	15	0.038462
14	22	0.043478
14	28	0.050000
14	38	0.052632
14	39	0.043478
14	46	0.035714
14	48	0.076923
14	49	0.076923
14	60	0.100000
14	80	0.100000
14	88	0.083333
14	93	0.142857
14	109	0.100000
14	111	0.100000
14	132	0.142857
14	154	0.142857
14	163	0.142857
14	172	0.142857
15	1	0.021277
15	7	0.015625
15	8	0.017857
15	9	0.020833
15	13	0.022727
15	14	0.040000
15	22	0.043478
15	35	0.071429
15	36	0.062500
15	45	0.062500
15	54	0.062500
15	62	0.090909
15	63	0.125000
15	85	0.090909
15	90	0.100000
15	91	0.090909
15	95	0.100000
15	97	0.090909
15	106	0.111111
15	110	0.100000
15	111	0.100000
15	121	0.100000
15	122	0.111111
15	131	0.142857
15	148	0.142857
15	163	0.142857
16	0	0.035714
16	1	0.021277
16	2	0.027027
16	7	0.015625
16	8	0.017857
16	9	0.020833
16	11	0.025641
16	17	0.055556
16	19	0.037037
16	23	0.071429
16	38	0.052632
16	41	0.047619
16	45	0.062500
16	48	0.076923
16	52	0.100000
16	55	0.090909
16	57	0.100000
16	74	0.066667
16	78	0.083333
16	87	0.090909
16	90	0.100000
16	105	0.125000
16	113	0.083333
16	132	0.142857
16	135	0.100000
16	139	0.142857
16	140	0.142857
16	150	0.142857
16	164	0.142857
17	2	0.027027
17	7	0.015625
17	10	0.018868
17	11	0.025641
17	12	0.031250
17	13	0.022727
17	16	0.034483
17	40	0.083333
17	41	0.047619
17	42	0.058824
17	56	0.066667
17	68	0.083333
17	78	0.083333
17	89	0.125000
17	103	0.100000
17	128	0.083333
17	147	0.111111
17	150	0.142857
18	1	0.021277
18	3	0.021277
18	6	0.071429
18	7	0.015625
18	8	0.017857
18	12	0.031250
18	13	0.022727
18	23	0.071429
18	25	0.058824
18	27	0.055556
18	29	0.090909
18	30	0.090909
18	35	0.071429
18	36	0.062500
18	56	0.066667
18	59	0.090909
18	84	0.076923
18	96	0.142857
18	101	0.125000
18	117	0.111111
18	130	0.125000
18	132	0.142857
18	144	0.125000
18	146	0.100000
18	159	0.142857
18	174	0.142857
19	0	0.035714
19	3	0.021277
19	8	0.017857
19	9	0.020833
19	10	0.018868
19	13	0.022727
19	16	0.034483
19	27	0.055556
19	43	0.055556
19	47	0.066667
19	63	0.125000
19	65	0.090909
19	72	0.083333
19	73	0.052632
19	92	0.125000
19	108	0.125000
19	123	0.142857
19	124	0.125000
19	131	0.142857
19	140	0.142857
19	141	0.142857
19	145	0.100000
19	150	0.142857
19	157	0.142857
19	159	0.142857
19	177	0.142857
19	179	0.142857
20	1	0.021277
20	2	0.027027
20	8	0.017857
20	10	0.018868
20	12	0.031250
20	13	0.022727
20	44	0.100000
20	60	0.100000
20	77	0.111111
20	78	0.083333
20	88	0.083333
20	95	0.100000
20	125	0.142857
20	133	0.142857
20	151	0.125000
20	161	0.125000
20	166	0.142857
20	176	0.142857
21	1	0.021277
21	2	0.027027
21	3	0.021277
21	4	0.045455
21	8	0.017857
21	10	0.018868
21	13	0.022727
21	23	0.071429
21	25	0.058824
21	32	0.066667
21	33	0.035714
21	35	0.071429
21	43	0.055556
21	64	0.100000
21	82	0.142857
22	0	0.035714
22	3	0.021277
22	7	0.015625
22	9	0.020833
22	10	0.018868
22	14	0.040000
22	15	0.038462
22	28	0.050000
22	30	0.090909
22	35	0.071429
22	36	0.062500
22	58	0.111111
22	61	0.076923
22	70	0.071429
22	80	0.100000
22	96	0.142857
22	103	0.100000
22	115	0.125000
22	118	0.125000
22	133	0.142857
22	147	0.111111
22	149	0.142857
22	153	0.142857
23	2	0.027027
23	4	0.045455
23	10	0.018868
23	11	0.025641
23	16	0.034483
23	18	0.038462
23	21	0.066667
23	42	0.058824
23	69	0.100000
23	91	0.090909
23	94	0.090909
23	119	0.125000
23	126	0.142857
23	168	0.142857
24	1	0.021277
24	2	0.027027
24	7	0.015625
24	8	0.017857
24	10	0.018868
24	11	0.025641
24	26	0.090909
24	34	0.055556
24	37	0.066667
24	80	0.100000
24	87	0.090909
24	92	0.125000
24	108	0.125000
25	0	0.035714
25	2	0.027027
25	7	0.015625
25	8	0.017857
25	9	0.020833
25	18	0.038462
25	21	0.066667
25	26	0.090909
25	30	0.090909
25	42	0.058824
25	49	0.076923
25	58	0.111111
25	61	0.076923
25	80	0.100000
25	82	0.142857
25	101	0.125000
25	178	0.142857
26	0	0.035714
26	5	0.041667
26	8	0.017857
26	9	0.020833
26	12	0.031250
26	24	0.076923
26	25	0.058824
26	31	0.040000
26	39	0.043478
26	67	0.083333
26	113	0.083333
27	1	0.021277
27	3	0.021277
27	6	0.071429
27	11	0.025641
27	13	0.022727
27	18	0.038462
27	19	0.037037
27	30	0.090909
27	39	0.043478
27	47	0.066667
27	51	0.066667
27	52	0.100000
27	54	0.062500
27	55	0.090909
27	85	0.090909
27	91	0.090909
27	98	0.083333
27	173	0.142857
28	1	0.021277
28	2	0.027027
28	5	0.041667
28	7	0.015625
28	8	0.017857
28	14	0.040000
28	22	0.043478
28	29	0.090909
28	37	0.066667
28	38	0.052632
28	49	0.076923
28	56	0.066667
28	73	0.052632
28	90	0.100000
28	96	0.142857
28	117	0.111111
28	143	0.125000
28	145	0.100000
28	157	0.142857
28	174	0.142857
29	0	0.035714
29	6	0.071429
29	8	0.017857
29	10	0.018868
29	13	0.022727
29	18	0.038462
29	28	0.050000
29	38	0.052632
29	54	0.062500
29	70	0.071429
29	139	0.142857
30	1	0.021277
30	3	0.021277
30	7	0.015625
30	18	0.038462
30	22	0.043478
30	25	0.058824
30	27	0.055556
30	47	0.066667
30	62	0.090909
30	82	0.142857
30	133	0.142857
31	1	0.021277
31	6	0.071429
31	8	0.017857
31	9	0.020833
31	10	0.018868
31	11	0.025641
31	26	0.090909
31	37	0.066667
31	49	0.076923
31	52	0.100000
31	54	0.062500
31	61	0.076923
31	68	0.083333
31	69	0.100000
31	71	0.071429
31	76	0.083333
31	83	0.083333
31	96	0.142857
31	102	0.111111
31	104	0.125000
31	112	0.111111
31	136	0.142857
31	145	0.100000
31	156	0.125000
31	168	0.142857
32	0	0.035714
32	2	0.027027
32	3	0.021277
32	8	0.017857
32	9	0.020833
32	10	0.018868
32	21	0.066667
32	56	0.066667
32	66	0.100000
32	71	0.071429
32	81	0.071429
32	89	0.125000
32	107	0.142857
32	120	0.125000
32	140	0.142857
33	0	0.035714
33	2	0.027027
33	4	0.045455
33	7	0.015625
33	11	0.025641
33	13	0.022727
33	21	0.066667
33	34	0.055556
33	39	0.043478
33	40	0.083333
33	43	0.055556
33	46	0.035714
33	53	0.083333
33	55	0.090909
33	57	0.100000
33	59	0.090909
33	64	0.100000
33	67	0.083333
33	75	0.125000
33	90	0.100000
33	108	0.125000
33	120	0.125000
33	148	0.142857
33	154	0.142857
33	157	0.142857
33	175	0.125000
33	176	0.142857
33	178	0.142857
34	8	0.017857
34	9	0.020833
34	10	0.018868
34	13	0.022727
34	24	0.076923
34	33	0.035714
34	38	0.052632
34	46	0.035714
34	53	0.083333
34	54	0.062500
34	75	0.125000
34	101	0.125000
34	115	0.125000
34	123	0.142857
34	133	0.142857
34	134	0.125000
34	152	0.125000
34	173	0.142857
35	2	0.027027
35	7	0.015625
35	8	0.017857
35	15	0.038462
35	18	0.038462
35	21	0.066667
35	22	0.043478
35	53	0.083333
35	66	0.100000
35	78	0.083333
35	81	0.071429
35	136	0.142857
35	149	0.142857
35	163	0.142857
36	7	0.015625
36	9	0.020833
36	10	0.018868
36	13	0.022727
36	15	0.038462
36	18	0.038462
36	22	0.043478
36	40	0.083333
36	43	0.055556
36	44	0.100000
36	45	0.062500
36	60	0.100000
36	64	0.100000
36	71	0.071429
36	84	0.076923
36	172	0.142857
37	7	0.015625
37	9	0.020833
37	10	0.018868
37	11	0.025641
37	24	0.076923
37	28	0.050000
37	31	0.040000
37	39	0.043478
37	50	0.100000
37	51	0.066667
37	83	0.083333
37	101	0.125000
37	108	0.125000
37	124	0.125000
37	173	0.142857
38	7	0.015625
38	13	0.022727
38	14	0.040000
38	16	0.034483
38	28	0.050000
38	29	0.090909
38	34	0.055556
38	42	0.058824
38	46	0.035714
38	68	0.083333
38	71	0.071429
38	74	0.066667
38	85	0.090909
38	99	0.100000
38	104	0.125000
38	109	0.100000
38	111	0.100000
38	115	0.125000
38	121	0.100000
39	11	0.025641
39	13	0.022727
39	14	0.040000
39	26	0.090909
39	27	0.055556
39	33	0.035714
39	37	0.066667
39	48	0.076923
39	63	0.125000
39	77	0.111111
39	91	0.090909
39	102	0.111111
39	107	0.142857
39	108	0.125000
39	115	0.125000
39	116	0.090909
39	135	0.100000
39	139	0.142857
39	142	0.111111
39	153	0.142857
39	154	0.142857
39	164	0.142857
39	173	0.142857
40	0	0.035714
40	5	0.041667
40	8	0.017857
40	12	0.031250
40	17	0.055556
40	33	0.035714
40	36	0.062500
40	59	0.090909
40	106	0.111111
40	119	0.125000
40	131	0.142857
40	166	0.142857
41	0	0.035714
41	1	0.021277
41	2	0.027027
41	6	0.071429
41	13	0.022727
41	16	0.034483
41	17	0.055556
41	44	0.100000
41	47	0.066667
41	52	0.100000
41	64	0.100000
41	65	0.090909
41	68	0.083333
41	69	0.100000
41	83	0.083333
41	89	0.125000
41	92	0.125000
41	142	0.111111
41	144	0.125000
41	174	0.142857
41	175	0.125000
42	1	0.021277
42	5	0.041667
42	13	0.022727
42	17	0.055556
42	23	0.071429
42	25	0.058824
42	38	0.052632
42	48	0.076923
42	69	0.100000
42	71	0.071429
42	72	0.083333
42	86	0.125000
42	94	0.090909
42	127	0.111111
42	128	0.083333
42	130	0.125000
42	175	0.125000
43	3	0.021277
43	9	0.020833
43	13	0.022727
43	19	0.037037
43	21	0.066667
43	33	0.035714
43	36	0.062500
43	66	0.100000
43	67	0.083333
43	74	0.066667
43	83	0.083333
43	84	0.076923
43	92	0.125000
43	102	0.111111
43	132	0.142857
43	153	0.142857
43	162	0.125000
43	165	0.125000
44	3	0.021277
44	8	0.017857
44	9	0.020833
44	11	0.025641
44	20	0.055556
44	36	0.062500
44	41	0.047619
44	70	0.071429
44	79	0.111111
44	155	0.125000
45	0	0.035714
45	4	0.045455
45	9	0.020833
45	12	0.031250
45	15	0.038462
45	16	0.034483
45	36	0.062500
45	51	0.066667
45	76	0.083333
45	96	0.142857
45	98	0.083333
45	133	0.142857
45	135	0.100000
45	138	0.125000
45	158	0.142857
45	167	0.142857
46	0	0.035714
46	7	0.015625
46	9	0.020833
46	14	0.040000
46	33	0.035714
46	34	0.055556
46	38	0.052632
46	47	0.066667
46	48	0.076923
46	49	0.076923
46	64	0.100000
46	76	0.083333
46	81	0.071429
46	84	0.076923
46	85	0.090909
46	100	0.100000
46	104	0.125000
46	105	0.125000
46	130	0.125000
46	137	0.125000
46	141	0.142857
46	142	0.111111
46	154	0.142857
46	160	0.125000
46	165	0.125000
46	168	0.142857
46	174	0.142857
46	177	0.142857
47	3	0.021277
47	11	0.025641
47	19	0.037037
47	27	0.055556
47	30	0.090909
47	41	0.047619
47	46	0.035714
47	52	0.100000
47	60	0.100000
47	63	0.125000
47	101	0.125000
47	111	0.100000
47	138	0.125000
47	140	0.142857
47	173	0.142857
48	1	0.021277
48	7	0.015625
48	14	0.040000
48	16	0.034483
48	39	0.043478
48	42	0.058824
48	46	0.035714
48	55	0.090909
48	128	0.083333
48	136	0.142857
48	140	0.142857
48	155	0.125000
48	160	0.125000
49	4	0.045455
49	9	0.020833
49	14	0.040000
49	25	0.058824
49	28	0.050000
49	31	0.040000
49	46	0.035714
49	58	0.111111
49	69	0.100000
49	87	0.090909
49	94	0.090909
49	107	0.142857
49	110	0.100000
50	0	0.035714
50	1	0.021277
50	3	0.021277
50	8	0.017857
50	11	0.025641
50	37	0.066667
50	56	0.066667
50	83	0.083333
50	108	0.125000
50	179	0.142857
51	0	0.035714
51	7	0.015625
51	10	0.018868
51	11	0.025641
51	27	0.055556
51	37	0.066667
51	45	0.062500
51	52	0.100000
51	71	0.071429
51	73	0.052632
51	94	0.090909
51	114	0.125000
51	140	0.142857
51	149	0.142857
51	165	0.125000
52	4	0.045455
52	16	0.034483
52	27	0.055556
52	31	0.040000
52	41	0.047619
52	47	0.066667
52	51	0.066667
52	75	0.125000
52	114	0.125000
52	176	0.142857
53	7	0.015625
53	8	0.017857
53	10	0.018868
53	12	0.031250
53	33	0.035714
53	34	0.055556
53	35	0.071429
53	61	0.076923
53	65	0.090909
53	72	0.083333
53	121	0.100000
53	141	0.142857
54	6	0.071429
54	10	0.018868
54	15	0.038462
54	27	0.055556
54	29	0.090909
54	31	0.040000
54	34	0.055556
54	72	0.083333
54	75	0.125000
54	82	0.142857
54	84	0.076923
54	99	0.100000
54	109	0.100000
54	114	0.125000
54	136	0.142857
54	176	0.142857
55	3	0.021277
55	7	0.015625
55	8	0.017857
55	16	0.034483
55	27	0.055556
55	33	0.035714
55	48	0.076923
55	57	0.100000
55	78	0.083333
55	87	0.090909
55	160	0.125000
56	8	0.017857
56	12	0.031250
56	17	0.055556
56	18	0.038462
56	28	0.050000
56	32	0.066667
56	50	0.100000
56	62	0.090909
56	68	0.083333
56	89	0.125000
56	103	0.100000
56	106	0.111111
56	111	0.100000
56	130	0.125000
56	169	0.142857
57	0	0.035714
57	1	0.021277
57	6	0.071429
57	7	0.015625
57	16	0.034483
57	33	0.035714
57	55	0.090909
57	95	0.100000
57	116	0.090909
57	147	0.111111
58	1	0.021277
58	7	0.015625
58	12	0.031250
58	13	0.022727
58	22	0.043478
58	25	0.058824
58	49	0.076923
58	62	0.090909
58	112	0.111111
59	7	0.015625
59	10	0.018868
59	11	0.025641
59	13	0.022727
59	18	0.038462
59	33	0.035714
59	40	0.083333
59	97	0.090909
59	117	0.111111
59	125	0.142857
59	138	0.125000
60	7	0.015625
60	11	0.025641
60	12	0.031250
60	14	0.040000
60	20	0.055556
60	36	0.062500
60	47	0.066667
60	68	0.083333
60	103	0.100000
60	177	0.142857
61	7	0.015625
61	8	0.017857
61	10	0.018868
61	22	0.043478
61	25	0.058824
61	31	0.040000
61	53	0.083333
61	87	0.090909
61	112	0.111111
61	124	0.125000
61	132	0.142857
61	151	0.125000
61	178	0.142857
62	8	0.017857
62	10	0.018868
62	12	0.031250
62	15	0.038462
62	30	0.090909
62	56	0.066667
62	58	0.111111
62	103	0.100000
62	105	0.125000
62	166	0.142857
62	169	0.142857
63	3	0.021277
63	8	0.017857
63	10	0.018868
63	15	0.038462
63	19	0.037037
63	39	0.043478
63	47	0.066667
63	140	0.142857
64	3	0.021277
64	11	0.025641
64	21	0.066667
64	33	0.035714
64	36	0.062500
64	41	0.047619
64	46	0.035714
64	142	0.111111
64	147	0.111111
64	168	0.142857
65	2	0.027027
65	3	0.021277
65	7	0.015625
65	11	0.025641
65	19	0.037037
65	41	0.047619
65	53	0.083333
65	74	0.066667
65	77	0.111111
65	86	0.125000
65	111	0.100000
66	0	0.035714
66	4	0.045455
66	11	0.025641
66	13	0.022727
66	32	0.066667
66	35	0.071429
66	43	0.055556
66	100	0.100000
66	163	0.142857
66	165	0.125000
67	2	0.027027
67	7	0.015625
67	8	0.017857
67	13	0.022727
67	26	0.090909
67	33	0.035714
67	43	0.055556
67	80	0.100000
67	107	0.142857
67	119	0.125000
67	126	0.142857
67	156	0.125000
68	13	0.022727
68	17	0.055556
68	31	0.040000
68	38	0.052632
68	41	0.047619
68	56	0.066667
68	60	0.100000
68	99	0.100000
68	112	0.111111
68	129	0.142857
68	160	0.125000
68	176	0.142857
69	2	0.027027
69	13	0.022727
69	23	0.071429
69	31	0.040000
69	41	0.047619
69	42	0.058824
69	49	0.076923
69	93	0.142857
69	94	0.090909
69	149	0.142857
70	1	0.021277
70	7	0.015625
70	8	0.017857
70	10	0.018868
70	22	0.043478
70	29	0.090909
70	44	0.100000
70	78	0.083333
70	79	0.111111
70	81	0.071429
70	121	0.100000
70	129	0.142857
70	151	0.125000
70	157	0.142857
71	1	0.021277
71	31	0.040000
71	32	0.066667
71	36	0.062500
71	38	0.052632
71	42	0.058824
71	51	0.066667
71	73	0.052632
71	80	0.100000
71	93	0.142857
71	102	0.111111
71	131	0.142857
71	155	0.125000
71	175	0.125000
72	3	0.021277
72	5	0.041667
72	7	0.015625
72	19	0.037037
72	42	0.058824
72	53	0.083333
72	54	0.062500
72	76	0.083333
72	77	0.111111
72	85	0.090909
72	124	0.125000
72	157	0.142857
73	2	0.027027
73	10	0.018868
73	12	0.031250
73	19	0.037037
73	28	0.050000
73	51	0.066667
73	71	0.071429
73	74	0.066667
73	85	0.090909
73	86	0.125000
73	94	0.090909
73	97	0.090909
73	98	0.083333
73	100	0.100000
73	118	0.125000
73	124	0.125000
73	138	0.125000
73	157	0.142857
73	160	0.125000
74	7	0.015625
74	10	0.018868
74	16	0.034483
74	38	0.052632
74	43	0.055556
74	65	0.090909
74	73	0.052632
74	83	0.083333
74	85	0.090909
74	87	0.090909
74	102	0.111111
74	112	0.111111
74	113	0.083333
74	125	0.142857
74	177	0.142857
75	1	0.021277
75	7	0.015625
75	8	0.017857
75	33	0.035714
75	34	0.055556
75	52	0.100000
75	54	0.062500
75	139	0.142857
76	0	0.035714
76	7	0.015625
76	9	0.020833
76	31	0.040000
76	45	0.062500
76	46	0.035714
76	72	0.083333
76	104	0.125000
76	116	0.090909
76	141	0.142857
76	167	0.142857
76	170	0.142857
77	1	0.021277
77	3	0.021277
77	10	0.018868
77	20	0.055556
77	39	0.043478
77	65	0.090909
77	72	0.083333
77	87	0.090909
77	127	0.111111
78	10	0.018868
78	16	0.034483
78	17	0.055556
78	20	0.055556
78	35	0.071429
78	55	0.090909
78	70	0.071429
78	79	0.111111
78	114	0.125000
78	122	0.111111
78	152	0.125000
78	161	0.125000
79	1	0.021277
79	3	0.021277
79	8	0.017857
79	12	0.031250
79	44	0.100000
79	70	0.071429
79	78	0.083333
79	117	0.111111
79	129	0.142857
80	10	0.018868
80	14	0.040000
80	22	0.043478
80	24	0.076923
80	25	0.058824
80	67	0.083333
80	71	0.071429
80	92	0.125000
80	106	0.111111
80	171	0.142857
81	2	0.027027
81	8	0.017857
81	11	0.025641
81	32	0.066667
81	35	0.071429
81	46	0.035714
81	70	0.071429
81	88	0.083333
81	105	0.125000
81	107	0.142857
81	109	0.100000
81	110	0.100000
81	116	0.090909
81	121	0.100000
82	0	0.035714
82	5	0.041667
82	7	0.015625
82	21	0.066667
82	25	0.058824
82	30	0.090909
82	54	0.062500
83	2	0.027027
83	31	0.040000
83	37	0.066667
83	41	0.047619
83	43	0.055556
83	50	0.100000
83	74	0.066667
83	98	0.083333
83	100	0.100000
83	115	0.125000
83	126	0.142857
83	150	0.142857
84	4	0.045455
84	10	0.018868
84	18	0.038462
84	36	0.062500
84	43	0.055556
84	46	0.035714
84	54	0.062500
84	104	0.125000
84	106	0.111111
84	112	0.111111
84	128	0.083333
84	148	0.142857
84	178	0.142857
85	15	0.038462
85	27	0.055556
85	38	0.052632
85	46	0.035714
85	72	0.083333
85	73	0.052632
85	74	0.066667
85	99	0.100000
85	122	0.111111
85	125	0.142857
85	178	0.142857
86	2	0.027027
86	8	0.017857
86	9	0.020833
86	10	0.018868
86	42	0.058824
86	65	0.090909
86	73	0.052632
86	134	0.125000
87	16	0.034483
87	24	0.076923
87	49	0.076923
87	55	0.090909
87	61	0.076923
87	74	0.066667
87	77	0.111111
87	110	0.100000
87	130	0.125000
87	135	0.100000
87	168	0.142857
88	3	0.021277
88	7	0.015625
88	8	0.017857
88	13	0.022727
88	14	0.040000
88	20	0.055556
88	81	0.071429
88	100	0.100000
88	116	0.090909
88	119	0.125000
88	121	0.100000
88	155	0.125000
89	1	0.021277
89	7	0.015625
89	10	0.018868
89	17	0.055556
89	32	0.066667
89	41	0.047619
89	56	0.066667
89	146	0.100000
90	6	0.071429
90	10	0.018868
90	13	0.022727
90	15	0.038462
90	16	0.034483
90	28	0.050000
90	33	0.035714
90	107	0.142857
90	131	0.142857
90	138	0.125000
91	1	0.021277
91	5	0.041667
91	9	0.020833
91	15	0.038462
91	23	0.071429
91	27	0.055556
91	39	0.043478
91	127	0.111111
91	154	0.142857
91	171	0.142857
91	172	0.142857
92	8	0.017857
92	10	0.018868
92	19	0.037037
92	24	0.076923
92	41	0.047619
92	43	0.055556
92	80	0.100000
92	116	0.090909
93	0	0.035714
93	1	0.021277
93	7	0.015625
93	9	0.020833
93	14	0.040000
93	69	0.100000
93	71	0.071429
94	5	0.041667
94	23	0.071429
94	42	0.058824
94	49	0.076923
94	51	0.066667
94	69	0.100000
94	73	0.052632
94	105	0.125000
94	113	0.083333
94	167	0.142857
94	169	0.142857
95	2	0.027027
95	5	0.041667
95	9	0.020833
95	11	0.025641
95	15	0.038462
95	20	0.055556
95	57	0.100000
95	107	0.142857
95	134	0.125000
95	137	0.125000
96	1	0.021277
96	9	0.020833
96	18	0.038462
96	22	0.043478
96	28	0.050000
96	31	0.040000
96	45	0.062500
97	9	0.020833
97	10	0.018868
97	11	0.025641
97	12	0.031250
97	15	0.038462
97	59	0.090909
97	73	0.052632
97	100	0.100000
97	130	0.125000
97	145	0.100000
97	164	0.142857
98	2	0.027027
98	9	0.020833
98	13	0.022727
98	27	0.055556
98	45	0.062500
98	73	0.052632
98	83	0.083333
98	112	0.111111
98	113	0.083333
98	130	0.125000
98	167	0.142857
98	169	0.142857
99	1	0.021277
99	3	0.021277
99	10	0.018868
99	38	0.052632
99	54	0.062500
99	68	0.083333
99	85	0.090909
99	114	0.125000
99	146	0.100000
99	172	0.142857
100	8	0.017857
100	46	0.035714
100	66	0.100000
100	73	0.052632
100	83	0.083333
100	88	0.083333
100	97	0.090909
100	114	0.125000
100	143	0.125000
100	152	0.125000
101	7	0.015625
101	12	0.031250
101	18	0.038462
101	25	0.058824
101	34	0.055556
101	37	0.066667
101	47	0.066667
101	132	0.142857
102	4	0.045455
102	6	0.071429
102	31	0.040000
102	39	0.043478
102	43	0.055556
102	71	0.071429
102	74	0.066667
102	143	0.125000
102	154	0.142857
103	5	0.041667
103	9	0.020833
103	17	0.055556
103	22	0.043478
103	56	0.066667
103	60	0.100000
103	62	0.090909
103	127	0.111111
103	164	0.142857
103	171	0.142857
104	0	0.035714
104	3	0.021277
104	31	0.040000
104	38	0.052632
104	46	0.035714
104	76	0.083333
104	84	0.076923
104	156	0.125000
105	3	0.021277
105	13	0.022727
105	16	0.034483
105	46	0.035714
105	62	0.090909
105	81	0.071429
105	94	0.090909
105	177	0.142857
106	7	0.015625
106	8	0.017857
106	15	0.038462
106	40	0.083333
106	56	0.066667
106	80	0.100000
106	84	0.076923
106	125	0.142857
106	148	0.142857
107	32	0.066667
107	39	0.043478
107	49	0.076923
107	67	0.083333
107	81	0.071429
107	90	0.100000
107	95	0.100000
108	10	0.018868
108	19	0.037037
108	24	0.076923
108	33	0.035714
108	37	0.066667
108	39	0.043478
108	50	0.100000
108	153	0.142857
109	2	0.027027
109	5	0.041667
109	8	0.017857
109	14	0.040000
109	38	0.052632
109	54	0.062500
109	81	0.071429
109	129	0.142857
109	162	0.125000
109	174	0.142857
110	2	0.027027
110	5	0.041667
110	13	0.022727
110	15	0.038462
110	49	0.076923
110	81	0.071429
110	87	0.090909
110	115	0.125000
110	135	0.100000
110	177	0.142857
111	12	0.031250
111	14	0.040000
111	15	0.038462
111	38	0.052632
111	47	0.066667
111	56	0.066667
111	65	0.090909
111	128	0.083333
111	137	0.125000
111	170	0.142857
112	31	0.040000
112	58	0.111111
112	61	0.076923
112	68	0.083333
112	74	0.066667
112	84	0.076923
112	98	0.083333
112	114	0.125000
112	133	0.142857
113	2	0.027027
113	3	0.021277
113	16	0.034483
113	26	0.090909
113	74	0.066667
113	94	0.090909
113	98	0.083333
113	134	0.125000
113	137	0.125000
113	139	0.142857
113	155	0.125000
113	171	0.142857
114	51	0.066667
114	52	0.100000
114	54	0.062500
114	78	0.083333
114	99	0.100000
114	100	0.100000
114	112	0.111111
114	177	0.142857
115	5	0.041667
115	22	0.043478
115	34	0.055556
115	38	0.052632
115	39	0.043478
115	83	0.083333
115	110	0.100000
115	126	0.142857
116	3	0.021277
116	39	0.043478
116	57	0.100000
116	76	0.083333
116	81	0.071429
116	88	0.083333
116	92	0.125000
116	121	0.100000
116	158	0.142857
116	162	0.125000
116	167	0.142857
117	5	0.041667
117	10	0.018868
117	13	0.022727
117	18	0.038462
117	28	0.050000
117	59	0.090909
117	79	0.111111
117	122	0.111111
117	125	0.142857
118	1	0.021277
118	2	0.027027
118	3	0.021277
118	11	0.025641
118	12	0.031250
118	22	0.043478
118	73	0.052632
118	137	0.125000
119	4	0.045455
119	7	0.015625
119	8	0.017857
119	23	0.071429
119	40	0.083333
119	67	0.083333
119	88	0.083333
119	151	0.125000
120	1	0.021277
120	3	0.021277
120	11	0.025641
120	12	0.031250
120	13	0.022727
120	32	0.066667
120	33	0.035714
120	143	0.125000
121	15	0.038462
121	38	0.052632
121	53	0.083333
121	70	0.071429
121	81	0.071429
121	88	0.083333
121	116	0.090909
121	141	0.142857
121	166	0.142857
121	167	0.142857
122	5	0.041667
122	8	0.017857
122	9	0.020833
122	15	0.038462
122	78	0.083333
122	85	0.090909
122	117	0.111111
122	147	0.111111
122	152	0.125000
123	3	0.021277
123	4	0.045455
123	7	0.015625
123	9	0.020833
123	13	0.022727
123	19	0.037037
123	34	0.055556
124	3	0.021277
124	12	0.031250
124	19	0.037037
124	37	0.066667
124	61	0.076923
124	72	0.083333
124	73	0.052632
124	145	0.100000
125	9	0.020833
125	20	0.055556
125	59	0.090909
125	74	0.066667
125	85	0.090909
125	106	0.111111
125	117	0.111111
126	6	0.071429
126	7	0.015625
126	11	0.025641
126	23	0.071429
126	67	0.083333
126	83	0.083333
126	115	0.125000
127	0	0.035714
127	1	0.021277
127	11	0.025641
127	42	0.058824
127	77	0.111111
127	91	0.090909
127	103	0.100000
127	144	0.125000
127	162	0.125000
128	1	0.021277
128	3	0.021277
128	17	0.055556
128	42	0.058824
128	48	0.076923
128	84	0.076923
128	111	0.100000
128	144	0.125000
128	148	0.142857
128	149	0.142857
128	150	0.142857
128	174	0.142857
129	1	0.021277
129	5	0.041667
129	8	0.017857
129	68	0.083333
129	70	0.071429
129	79	0.111111
129	109	0.100000
130	18	0.038462
130	42	0.058824
130	46	0.035714
130	56	0.066667
130	87	0.090909
130	97	0.090909
130	98	0.083333
130	158	0.142857
131	4	0.045455
131	8	0.017857
131	15	0.038462
131	19	0.037037
131	40	0.083333
131	71	0.071429
131	90	0.100000
132	12	0.031250
132	14	0.040000
132	16	0.034483
132	18	0.038462
132	43	0.055556
132	61	0.076923
132	101	0.125000
133	3	0.021277
133	20	0.055556
133	22	0.043478
133	30	0.090909
133	34	0.055556
133	45	0.062500
133	112	0.111111
134	4	0.045455
134	7	0.015625
134	11	0.025641
134	34	0.055556
134	86	0.125000
134	95	0.100000
134	113	0.083333
134	166	0.142857
135	3	0.021277
135	13	0.022727
135	16	0.034483
135	39	0.043478
135	45	0.062500
135	87	0.090909
135	110	0.100000
135	156	0.125000
135	164	0.142857
135	174	0.142857
136	4	0.045455
136	10	0.018868
136	11	0.025641
136	31	0.040000
136	35	0.071429
136	48	0.076923
136	54	0.062500
137	9	0.020833
137	10	0.018868
137	46	0.035714
137	95	0.100000
137	111	0.100000
137	113	0.083333
137	118	0.125000
137	169	0.142857
138	4	0.045455
138	10	0.018868
138	45	0.062500
138	47	0.066667
138	59	0.090909
138	73	0.052632
138	90	0.100000
138	179	0.142857
139	1	0.021277
139	2	0.027027
139	16	0.034483
139	29	0.090909
139	39	0.043478
139	75	0.125000
139	113	0.083333
140	16	0.034483
140	19	0.037037
140	32	0.066667
140	47	0.066667
140	48	0.076923
140	51	0.066667
140	63	0.125000
141	7	0.015625
141	9	0.020833
141	19	0.037037
141	46	0.035714
141	53	0.083333
141	76	0.083333
141	121	0.100000
142	3	0.021277
142	5	0.041667
142	8	0.017857
142	39	0.043478
142	41	0.047619
142	46	0.035714
142	64	0.100000
142	152	0.125000
142	156	0.125000
143	5	0.041667
143	7	0.015625
143	9	0.020833
143	28	0.050000
143	100	0.100000
143	102	0.111111
143	120	0.125000
143	171	0.142857
144	2	0.027027
144	8	0.017857
144	13	0.022727
144	18	0.038462
144	41	0.047619
144	127	0.111111
144	128	0.083333
144	167	0.142857
145	1	0.021277
145	9	0.020833
145	19	0.037037
145	28	0.050000
145	31	0.040000
145	97	0.090909
145	124	0.125000
145	158	0.142857
145	164	0.142857
145	166	0.142857
146	0	0.035714
146	1	0.021277
146	3	0.021277
146	7	0.015625
146	18	0.038462
146	89	0.125000
146	99	0.100000
146	151	0.125000
146	159	0.142857
146	176	0.142857
147	9	0.020833
147	13	0.022727
147	17	0.055556
147	22	0.043478
147	57	0.100000
147	64	0.100000
147	122	0.111111
147	159	0.142857
147	173	0.142857
148	3	0.021277
148	8	0.017857
148	15	0.038462
148	33	0.035714
148	84	0.076923
148	106	0.111111
148	128	0.083333
149	9	0.020833
149	12	0.031250
149	22	0.043478
149	35	0.071429
149	51	0.066667
149	69	0.100000
149	128	0.083333
150	8	0.017857
150	10	0.018868
150	16	0.034483
150	17	0.055556
150	19	0.037037
150	83	0.083333
150	128	0.083333
151	7	0.015625
151	10	0.018868
151	20	0.055556
151	61	0.076923
151	70	0.071429
151	119	0.125000
151	146	0.100000
151	165	0.125000
152	2	0.027027
152	10	0.018868
152	34	0.055556
152	78	0.083333
152	100	0.100000
152	122	0.111111
152	142	0.111111
152	156	0.125000
153	0	0.035714
153	7	0.015625
153	8	0.017857
153	22	0.043478
153	39	0.043478
153	43	0.055556
153	108	0.125000
154	4	0.045455
154	14	0.040000
154	33	0.035714
154	39	0.043478
154	46	0.035714
154	91	0.090909
154	102	0.111111
155	10	0.018868
155	11	0.025641
155	44	0.100000
155	48	0.076923
155	71	0.071429
155	88	0.083333
155	113	0.083333
155	162	0.125000
156	3	0.021277
156	31	0.040000
156	67	0.083333
156	104	0.125000
156	135	0.100000
156	142	0.111111
156	152	0.125000
156	172	0.142857
157	10	0.018868
157	19	0.037037
157	28	0.050000
157	33	0.035714
157	70	0.071429
157	72	0.083333
157	73	0.052632
158	1	0.021277
158	4	0.045455
158	6	0.071429
158	45	0.062500
158	116	0.090909
158	130	0.125000
158	145	0.100000
159	8	0.017857
159	9	0.020833
159	13	0.022727
159	18	0.038462
159	19	0.037037
159	146	0.100000
159	147	0.111111
160	1	0.021277
160	3	0.021277
160	46	0.035714
160	48	0.076923
160	55	0.090909
160	68	0.083333
160	73	0.052632
160	165	0.125000
161	3	0.021277
161	7	0.015625
161	9	0.020833
161	10	0.018868
161	13	0.022727
161	20	0.055556
161	78	0.083333
161	175	0.125000
162	3	0.021277
162	4	0.045455
162	43	0.055556
162	109	0.100000
162	116	0.090909
162	127	0.111111
162	155	0.125000
162	179	0.142857
163	5	0.041667
163	7	0.015625
163	10	0.018868
163	14	0.040000
163	15	0.038462
163	35	0.071429
163	66	0.100000
164	11	0.025641
164	16	0.034483
164	39	0.043478
164	97	0.090909
164	103	0.100000
164	135	0.100000
164	145	0.100000
165	12	0.031250
165	43	0.055556
165	46	0.035714
165	51	0.066667
165	66	0.100000
165	151	0.125000
165	160	0.125000
165	172	0.142857
166	7	0.015625
166	20	0.055556
166	40	0.083333
166	62	0.090909
166	121	0.100000
166	134	0.125000
166	145	0.100000
167	45	0.062500
167	76	0.083333
167	94	0.090909
167	98	0.083333
167	116	0.090909
167	121	0.100000
167	144	0.125000
168	1	0.021277
168	9	0.020833
168	23	0.071429
168	31	0.040000
168	46	0.035714
168	64	0.100000
168	87	0.090909
169	2	0.027027
169	7	0.015625
169	56	0.066667
169	62	0.090909
169	94	0.090909
169	98	0.083333
169	137	0.125000
170	1	0.021277
170	3	0.021277
170	8	0.017857
170	12	0.031250
170	13	0.022727
170	76	0.083333
170	111	0.100000
171	1	0.021277
171	12	0.031250
171	80	0.100000
171	91	0.090909
171	103	0.100000
171	113	0.083333
171	143	0.125000
172	11	0.025641
172	14	0.040000
172	36	0.062500
172	91	0.090909
172	99	0.100000
172	156	0.125000
172	165	0.125000
173	13	0.022727
173	27	0.055556
173	34	0.055556
173	37	0.066667
173	39	0.043478
173	47	0.066667
173	147	0.111111
174	18	0.038462
174	28	0.050000
174	41	0.047619
174	46	0.035714
174	109	0.100000
174	128	0.083333
174	135	0.100000
175	1	0.021277
175	10	0.018868
175	33	0.035714
175	41	0.047619
175	42	0.058824
175	71	0.071429
175	161	0.125000
175	179	0.142857
176	3	0.021277
176	20	0.055556
176	33	0.035714
176	52	0.100000
176	54	0.062500
176	68	0.083333
176	146	0.100000
177	19	0.037037
177	46	0.035714
177	60	0.100000
177	74	0.066667
177	105	0.125000
177	110	0.100000
177	114	0.125000
178	3	0.021277
178	13	0.022727
178	25	0.058824
178	33	0.035714
178	61	0.076923
178	84	0.076923
178	85	0.090909
179	3	0.021277
179	7	0.015625
179	19	0.037037
179	50	0.100000
179	138	0.125000
179	162	0.125000
179	175	0.125000
