198	2674
0	1	0.033333
0	2	0.052632
0	3	0.090909
0	4	0.100000
0	5	0.033333
0	6	0.033333
0	7	0.040000
0	8	0.020833
0	9	0.023256
0	10	0.023810
0	11	0.023810
0	12	0.027778
0	14	0.034483
0	16	0.027778
0	17	0.038462
0	18	0.027778
0	19	0.029412
0	23	0.030303
0	24	0.052632
0	25	0.033333
0	26	0.062500
0	28	0.045455
0	30	0.043478
0	31	0.058824
0	36	0.083333
0	46	0.090909
0	47	0.076923
0	49	0.040000
0	54	0.076923
0	58	0.052632
0	63	0.071429
0	64	0.083333
0	84	0.111111
0	93	0.111111
0	97	0.100000
0	106	0.090909
0	112	0.111111
0	117	0.111111
0	141	0.111111
0	143	0.142857
0	151	0.125000
0	165	0.142857
0	169	0.142857
0	177	0.142857
0	179	0.142857
0	189	0.142857
0	193	0.142857
1	0	0.021277
1	8	0.020833
1	10	0.023810
1	12	0.027778
1	13	0.028571
1	14	0.034483
1	16	0.027778
1	17	0.038462
1	18	0.027778
1	20	0.058824
1	21	0.047619
1	22	0.040000
1	23	0.030303
1	25	0.033333
1	29	0.043478
1	32	0.050000
1	40	0.052632
1	51	0.100000
1	52	0.062500
1	64	0.083333
1	74	0.050000
1	93	0.111111
1	98	0.100000
1	124	0.125000
1	125	0.125000
1	127	0.111111
1	151	0.125000
1	164	0.100000
1	171	0.125000
1	172	0.125000
2	0	0.021277
2	21	0.047619
2	22	0.040000
2	36	0.083333
2	37	0.031250
2	48	0.058824
2	78	0.071429
2	89	0.111111
2	92	0.111111
2	104	0.111111
2	109	0.125000
2	153	0.125000
2	154	0.125000
2	155	0.142857
2	163	0.142857
2	166	0.125000
2	180	0.142857
2	184	0.142857
2	194	0.142857
3	0	0.021277
3	8	0.020833
3	9	0.023256
3	10	0.023810
3	11	0.023810
3	12	0.027778
3	15	0.024390
3	53	0.111111
3	63	0.071429
3	71	0.076923
3	110	0.111111
4	0	0.021277
4	8	0.020833
4	9	0.023256
4	12	0.027778
4	19	0.029412
4	28	0.045455
4	63	0.071429
4	106	0.090909
4	159	0.142857
4	197	0.142857
5	0	0.021277
5	8	0.020833
5	9	0.023256
5	10	0.023810
5	11	0.023810
5	14	0.034483
5	15	0.024390
5	16	0.027778
5	18	0.027778
5	24	0.052632
5	26	0.062500
5	27	0.031250
5	34	0.047619
5	52	0.062500
5	55	0.071429
5	56	0.083333
5	64	0.083333
5	65	0.083333
5	71	0.076923
5	72	0.062500
5	75	0.125000
5	82	0.111111
5	84	0.111111
5	107	0.125000
5	108	0.071429
5	123	0.111111
5	134	0.142857
5	143	0.142857
5	170	0.125000
5	196	0.142857
6	0	0.021277
6	8	0.020833
6	9	0.023256
6	11	0.023810
6	17	0.038462
6	18	0.027778
6	19	0.029412
6	21	0.047619
6	22	0.040000
6	30	0.043478
6	33	0.037037
6	34	0.047619
6	36	0.083333
6	43	0.050000
6	44	0.050000
6	46	0.090909
6	49	0.040000
6	71	0.076923
6	83	0.100000
6	90	0.100000
6	91	0.090909
6	104	0.111111
6	117	0.111111
6	121	0.125000
6	129	0.100000
6	135	0.100000
6	141	0.111111
6	153	0.125000
6	154	0.125000
6	167	0.125000
7	0	0.021277
7	8	0.020833
7	9	0.023256
7	10	0.023810
7	11	0.023810
7	13	0.028571
7	14	0.034483
7	15	0.024390
7	26	0.062500
7	29	0.043478
7	31	0.058824
7	33	0.037037
7	38	0.066667
7	47	0.076923
7	51	0.100000
7	60	0.076923
7	78	0.071429
7	84	0.111111
7	94	0.100000
7	95	0.111111
7	133	0.142857
7	145	0.125000
7	150	0.111111
7	179	0.142857
7	188	0.125000
8	0	0.021277
8	1	0.033333
8	3	0.090909
8	4	0.100000
8	5	0.033333
8	6	0.033333
8	7	0.040000
8	9	0.023256
8	10	0.023810
8	12	0.027778
8	13	0.028571
8	15	0.024390
8	16	0.027778
8	21	0.047619
8	30	0.043478
8	32	0.050000
8	34	0.047619
8	40	0.052632
8	41	0.076923
8	43	0.050000
8	44	0.050000
8	47	0.076923
8	50	0.058824
8	58	0.052632
8	59	0.066667
8	60	0.076923
8	61	0.066667
8	64	0.083333
8	68	0.058824
8	82	0.111111
8	85	0.083333
8	86	0.142857
8	106	0.090909
8	107	0.125000
8	110	0.111111
8	111	0.125000
8	112	0.111111
8	117	0.111111
8	120	0.111111
8	128	0.111111
8	130	0.090909
8	144	0.111111
8	146	0.125000
8	174	0.142857
8	180	0.142857
8	188	0.125000
8	189	0.142857
8	193	0.142857
9	0	0.021277
9	3	0.090909
9	4	0.100000
9	5	0.033333
9	6	0.033333
9	7	0.040000
9	8	0.020833
9	10	0.023810
9	11	0.023810
9	13	0.028571
9	15	0.024390
9	16	0.027778
9	18	0.027778
9	20	0.058824
9	21	0.047619
9	23	0.030303
9	25	0.033333
9	26	0.062500
9	27	0.031250
9	29	0.043478
9	33	0.037037
9	40	0.052632
9	42	0.083333
9	47	0.076923
9	61	0.066667
9	62	0.100000
9	69	0.076923
9	73	0.076923
9	87	0.100000
9	98	0.100000
9	109	0.125000
9	113	0.100000
9	117	0.111111
9	120	0.111111
9	125	0.125000
9	129	0.100000
9	133	0.142857
9	146	0.125000
9	172	0.125000
9	174	0.142857
9	179	0.142857
9	185	0.142857
9	193	0.142857
10	0	0.021277
10	1	0.033333
10	3	0.090909
10	5	0.033333
10	7	0.040000
10	8	0.020833
10	9	0.023256
10	11	0.023810
10	12	0.027778
10	13	0.028571
10	15	0.024390
10	17	0.038462
10	19	0.029412
10	21	0.047619
10	23	0.030303
10	24	0.052632
10	26	0.062500
10	30	0.043478
10	31	0.058824
10	32	0.050000
10	34	0.047619
10	35	0.052632
10	37	0.031250
10	44	0.050000
10	45	0.066667
10	48	0.058824
10	60	0.076923
10	61	0.066667
10	68	0.058824
10	72	0.062500
10	87	0.100000
10	93	0.111111
10	104	0.111111
10	110	0.111111
10	123	0.111111
10	136	0.142857
10	144	0.111111
10	148	0.125000
10	152	0.142857
10	178	0.142857
10	187	0.142857
10	196	0.142857
11	0	0.021277
11	3	0.090909
11	5	0.033333
11	6	0.033333
11	7	0.040000
11	9	0.023256
11	10	0.023810
11	12	0.027778
11	13	0.028571
11	14	0.034483
11	15	0.024390
11	16	0.027778
11	17	0.038462
11	20	0.058824
11	22	0.040000
11	27	0.031250
11	29	0.043478
11	35	0.052632
11	36	0.083333
11	38	0.066667
11	39	0.041667
11	43	0.050000
11	44	0.050000
11	46	0.090909
11	52	0.062500
11	55	0.071429
11	57	0.062500
11	76	0.083333
11	80	0.125000
11	81	0.076923
11	91	0.090909
11	93	0.111111
11	97	0.100000
11	103	0.071429
11	121	0.125000
11	130	0.090909
11	131	0.142857
11	136	0.142857
11	141	0.111111
11	146	0.125000
11	155	0.142857
11	173	0.142857
12	0	0.021277
12	1	0.033333
12	3	0.090909
12	4	0.100000
12	8	0.020833
12	10	0.023810
12	11	0.023810
12	13	0.028571
12	14	0.034483
12	19	0.029412
12	20	0.058824
12	25	0.033333
12	28	0.045455
12	38	0.066667
12	39	0.041667
12	45	0.066667
12	48	0.058824
12	49	0.040000
12	50	0.058824
12	51	0.100000
12	67	0.062500
12	79	0.111111
12	85	0.083333
12	86	0.142857
12	87	0.100000
12	88	0.111111
12	100	0.090909
12	107	0.125000
12	115	0.090909
12	141	0.111111
12	144	0.111111
12	147	0.125000
12	182	0.125000
12	194	0.142857
12	195	0.142857
12	197	0.142857
13	1	0.033333
13	7	0.040000
13	8	0.020833
13	9	0.023256
13	10	0.023810
13	11	0.023810
13	12	0.027778
13	14	0.034483
13	16	0.027778
13	18	0.027778
13	20	0.058824
13	24	0.052632
13	29	0.043478
13	44	0.050000
13	48	0.058824
13	53	0.111111
13	59	0.066667
13	64	0.083333
13	67	0.062500
13	78	0.071429
13	85	0.083333
13	90	0.100000
13	94	0.100000
13	97	0.100000
13	103	0.071429
13	116	0.100000
13	119	0.100000
13	127	0.111111
13	130	0.090909
13	147	0.125000
13	148	0.125000
13	164	0.100000
13	166	0.125000
13	168	0.142857
13	169	0.142857
14	0	0.021277
14	1	0.033333
14	5	0.033333
14	7	0.040000
14	11	0.023810
14	12	0.027778
14	13	0.028571
14	19	0.029412
14	20	0.058824
14	21	0.047619
14	32	0.050000
14	33	0.037037
14	39	0.041667
14	40	0.052632
14	45	0.066667
14	52	0.062500
14	57	0.062500
14	58	0.052632
14	62	0.100000
14	82	0.111111
14	83	0.100000
14	92	0.111111
14	98	0.100000
14	101	0.083333
14	106	0.090909
14	139	0.142857
14	147	0.125000
14	173	0.142857
14	176	0.142857
15	3	0.090909
15	5	0.033333
15	7	0.040000
15	8	0.020833
15	9	0.023256
15	10	0.023810
15	11	0.023810
15	17	0.038462
15	20	0.058824
15	22	0.040000
15	28	0.045455
15	29	0.043478
15	33	0.037037
15	36	0.083333
15	37	0.031250
15	39	0.041667
15	40	0.052632
15	41	0.076923
15	46	0.090909
15	47	0.076923
15	50	0.058824
15	51	0.100000
15	63	0.071429
15	67	0.062500
15	68	0.058824
15	70	0.111111
15	73	0.076923
15	75	0.125000
15	79	0.111111
15	85	0.083333
15	87	0.100000
15	105	0.090909
15	116	0.100000
15	123	0.111111
15	126	0.083333
15	134	0.142857
15	167	0.125000
15	174	0.142857
15	175	0.111111
15	184	0.142857
15	191	0.142857
16	0	0.021277
16	1	0.033333
16	5	0.033333
16	8	0.020833
16	9	0.023256
16	11	0.023810
16	13	0.028571
16	17	0.038462
16	18	0.027778
16	19	0.029412
16	23	0.030303
16	24	0.052632
16	27	0.031250
16	31	0.058824
16	32	0.050000
16	38	0.066667
16	43	0.050000
16	44	0.050000
16	49	0.040000
16	59	0.066667
16	61	0.066667
16	70	0.111111
16	84	0.111111
16	95	0.111111
16	99	0.125000
16	100	0.090909
16	109	0.125000
16	114	0.090909
16	122	0.111111
16	128	0.111111
16	132	0.111111
16	133	0.142857
16	145	0.125000
16	162	0.142857
16	190	0.125000
16	197	0.142857
17	0	0.021277
17	1	0.033333
17	6	0.033333
17	10	0.023810
17	11	0.023810
17	15	0.024390
17	16	0.027778
17	22	0.040000
17	23	0.030303
17	27	0.031250
17	28	0.045455
17	34	0.047619
17	40	0.052632
17	41	0.076923
17	45	0.066667
17	69	0.076923
17	72	0.062500
17	73	0.076923
17	90	0.100000
17	99	0.125000
17	100	0.090909
17	116	0.100000
17	124	0.125000
17	145	0.125000
17	156	0.142857
17	192	0.142857
18	0	0.021277
18	1	0.033333
18	5	0.033333
18	6	0.033333
18	9	0.023256
18	13	0.028571
18	16	0.027778
18	22	0.040000
18	24	0.052632
18	25	0.033333
18	27	0.031250
18	33	0.037037
18	35	0.052632
18	37	0.031250
18	41	0.076923
18	53	0.111111
18	61	0.066667
18	62	0.100000
18	69	0.076923
18	78	0.071429
18	80	0.125000
18	86	0.142857
18	89	0.111111
18	94	0.100000
18	106	0.090909
18	118	0.142857
18	132	0.111111
18	136	0.142857
18	168	0.142857
18	170	0.125000
18	175	0.111111
18	176	0.142857
18	177	0.142857
18	184	0.142857
18	188	0.125000
18	190	0.125000
19	0	0.021277
19	4	0.100000
19	6	0.033333
19	10	0.023810
19	12	0.027778
19	14	0.034483
19	16	0.027778
19	23	0.030303
19	25	0.033333
19	38	0.066667
19	42	0.083333
19	43	0.050000
19	47	0.076923
19	51	0.100000
19	52	0.062500
19	54	0.076923
19	57	0.062500
19	62	0.100000
19	67	0.062500
19	70	0.111111
19	72	0.062500
19	76	0.083333
19	87	0.100000
19	104	0.111111
19	108	0.071429
19	115	0.090909
19	123	0.111111
19	126	0.083333
19	144	0.111111
19	150	0.111111
19	152	0.142857
19	159	0.142857
19	166	0.125000
19	169	0.142857
20	1	0.033333
20	9	0.023256
20	11	0.023810
20	12	0.027778
20	13	0.028571
20	14	0.034483
20	15	0.024390
20	28	0.045455
20	35	0.052632
20	42	0.083333
20	87	0.100000
20	107	0.125000
20	118	0.142857
20	142	0.142857
20	157	0.142857
20	169	0.142857
20	194	0.142857
21	1	0.033333
21	2	0.052632
21	6	0.033333
21	8	0.020833
21	9	0.023256
21	10	0.023810
21	14	0.034483
21	29	0.043478
21	34	0.047619
21	43	0.050000
21	50	0.058824
21	52	0.062500
21	66	0.076923
21	81	0.076923
21	82	0.111111
21	135	0.100000
21	139	0.142857
21	155	0.142857
21	160	0.111111
21	165	0.142857
21	182	0.125000
22	1	0.033333
22	2	0.052632
22	6	0.033333
22	11	0.023810
22	15	0.024390
22	17	0.038462
22	18	0.027778
22	25	0.033333
22	27	0.031250
22	31	0.058824
22	35	0.052632
22	50	0.058824
22	58	0.052632
22	59	0.066667
22	67	0.062500
22	70	0.111111
22	82	0.111111
22	88	0.111111
22	101	0.083333
22	118	0.142857
22	128	0.111111
22	132	0.111111
22	138	0.111111
22	156	0.142857
22	163	0.142857
23	0	0.021277
23	1	0.033333
23	9	0.023256
23	10	0.023810
23	16	0.027778
23	17	0.038462
23	19	0.029412
23	24	0.052632
23	44	0.050000
23	50	0.058824
23	53	0.111111
23	62	0.100000
23	71	0.076923
23	73	0.076923
23	77	0.066667
23	78	0.071429
23	83	0.100000
23	88	0.111111
23	90	0.100000
23	113	0.100000
23	120	0.111111
23	121	0.125000
23	137	0.142857
23	139	0.142857
23	145	0.125000
23	148	0.125000
23	152	0.142857
23	165	0.142857
23	167	0.125000
23	179	0.142857
23	186	0.142857
23	192	0.142857
23	193	0.142857
24	0	0.021277
24	5	0.033333
24	10	0.023810
24	13	0.028571
24	16	0.027778
24	18	0.027778
24	23	0.030303
24	26	0.062500
24	30	0.043478
24	47	0.076923
24	48	0.058824
24	92	0.111111
24	109	0.125000
24	122	0.111111
24	126	0.083333
24	156	0.142857
24	178	0.142857
24	184	0.142857
24	196	0.142857
25	0	0.021277
25	1	0.033333
25	9	0.023256
25	12	0.027778
25	18	0.027778
25	19	0.029412
25	22	0.040000
25	26	0.062500
25	28	0.045455
25	31	0.058824
25	33	0.037037
25	36	0.083333
25	38	0.066667
25	56	0.083333
25	62	0.100000
25	63	0.071429
25	64	0.083333
25	66	0.076923
25	76	0.083333
25	82	0.111111
25	84	0.111111
25	93	0.111111
25	105	0.090909
25	115	0.090909
25	121	0.125000
25	165	0.142857
25	187	0.142857
25	189	0.142857
25	191	0.142857
25	192	0.142857
26	0	0.021277
26	5	0.033333
26	7	0.040000
26	9	0.023256
26	10	0.023810
26	24	0.052632
26	25	0.033333
26	41	0.076923
26	46	0.090909
26	49	0.040000
26	53	0.111111
26	65	0.083333
26	83	0.100000
26	92	0.111111
26	99	0.125000
26	105	0.090909
27	5	0.033333
27	9	0.023256
27	11	0.023810
27	16	0.027778
27	17	0.038462
27	18	0.027778
27	22	0.040000
27	30	0.043478
27	32	0.050000
27	42	0.083333
27	45	0.066667
27	54	0.076923
27	64	0.083333
27	66	0.076923
27	68	0.058824
27	70	0.111111
27	76	0.083333
27	81	0.076923
27	84	0.111111
27	85	0.083333
27	89	0.111111
27	91	0.090909
27	101	0.083333
27	102	0.090909
27	111	0.125000
27	118	0.142857
27	139	0.142857
27	142	0.142857
27	157	0.142857
27	163	0.142857
27	184	0.142857
27	190	0.125000
28	0	0.021277
28	4	0.100000
28	12	0.027778
28	15	0.024390
28	17	0.038462
28	20	0.058824
28	25	0.033333
28	30	0.043478
28	35	0.052632
28	36	0.083333
28	42	0.083333
28	51	0.100000
28	92	0.111111
28	93	0.111111
28	108	0.071429
28	114	0.090909
28	124	0.125000
28	150	0.111111
28	152	0.142857
28	154	0.125000
28	160	0.111111
28	179	0.142857
29	1	0.033333
29	7	0.040000
29	9	0.023256
29	11	0.023810
29	13	0.028571
29	15	0.024390
29	21	0.047619
29	31	0.058824
29	32	0.050000
29	39	0.041667
29	46	0.090909
29	48	0.058824
29	52	0.062500
29	56	0.083333
29	57	0.062500
29	69	0.076923
29	77	0.066667
29	93	0.111111
29	114	0.090909
29	125	0.125000
29	126	0.083333
29	175	0.111111
29	187	0.142857
30	0	0.021277
30	6	0.033333
30	8	0.020833
30	10	0.023810
30	24	0.052632
30	27	0.031250
30	28	0.045455
30	37	0.031250
30	41	0.076923
30	43	0.050000
30	54	0.076923
30	55	0.071429
30	68	0.058824
30	69	0.076923
30	71	0.076923
30	74	0.050000
30	77	0.066667
30	99	0.125000
30	103	0.071429
30	130	0.090909
30	138	0.111111
30	166	0.125000
30	174	0.142857
31	0	0.021277
31	7	0.040000
31	10	0.023810
31	16	0.027778
31	22	0.040000
31	25	0.033333
31	29	0.043478
31	35	0.052632
31	58	0.052632
31	66	0.076923
31	68	0.058824
31	102	0.090909
31	124	0.125000
31	174	0.142857
31	176	0.142857
31	183	0.142857
31	190	0.125000
32	1	0.033333
32	8	0.020833
32	10	0.023810
32	14	0.034483
32	16	0.027778
32	27	0.031250
32	29	0.043478
32	37	0.031250
32	55	0.071429
32	58	0.052632
32	65	0.083333
32	66	0.076923
32	101	0.083333
32	113	0.100000
32	141	0.111111
32	161	0.142857
32	169	0.142857
32	181	0.142857
32	185	0.142857
32	190	0.125000
33	6	0.033333
33	7	0.040000
33	9	0.023256
33	14	0.034483
33	15	0.024390
33	18	0.027778
33	25	0.033333
33	34	0.047619
33	42	0.083333
33	49	0.040000
33	53	0.111111
33	59	0.066667
33	65	0.083333
33	75	0.125000
33	76	0.083333
33	81	0.076923
33	86	0.142857
33	105	0.090909
33	111	0.125000
33	119	0.100000
33	128	0.111111
33	135	0.100000
33	144	0.111111
33	148	0.125000
33	154	0.125000
33	162	0.142857
33	175	0.111111
34	5	0.033333
34	6	0.033333
34	8	0.020833
34	10	0.023810
34	17	0.038462
34	21	0.047619
34	33	0.037037
34	37	0.031250
34	45	0.066667
34	58	0.052632
34	80	0.125000
34	91	0.090909
34	104	0.111111
34	116	0.100000
34	128	0.111111
34	161	0.142857
34	175	0.111111
34	177	0.142857
34	182	0.125000
34	183	0.142857
34	191	0.142857
35	10	0.023810
35	11	0.023810
35	18	0.027778
35	20	0.058824
35	22	0.040000
35	28	0.045455
35	31	0.058824
35	80	0.125000
35	92	0.111111
35	100	0.090909
35	114	0.090909
35	119	0.100000
35	133	0.142857
35	140	0.142857
35	143	0.142857
35	144	0.111111
35	154	0.125000
35	164	0.100000
35	185	0.142857
36	0	0.021277
36	2	0.052632
36	6	0.033333
36	11	0.023810
36	15	0.024390
36	25	0.033333
36	28	0.045455
36	68	0.058824
36	76	0.083333
36	109	0.125000
36	112	0.111111
36	129	0.100000
37	2	0.052632
37	10	0.023810
37	15	0.024390
37	18	0.027778
37	30	0.043478
37	32	0.050000
37	34	0.047619
37	38	0.066667
37	39	0.041667
37	40	0.052632
37	42	0.083333
37	50	0.058824
37	56	0.083333
37	57	0.062500
37	60	0.076923
37	63	0.071429
37	67	0.062500
37	77	0.066667
37	82	0.111111
37	84	0.111111
37	91	0.090909
37	97	0.100000
37	106	0.090909
37	108	0.071429
37	112	0.111111
37	114	0.090909
37	120	0.111111
37	131	0.142857
37	132	0.111111
37	138	0.111111
37	149	0.090909
37	196	0.142857
38	7	0.040000
38	11	0.023810
38	12	0.027778
38	16	0.027778
38	19	0.029412
38	25	0.033333
38	37	0.031250
38	39	0.041667
38	45	0.066667
38	56	0.083333
38	72	0.062500
38	77	0.066667
38	98	0.100000
38	156	0.142857
38	176	0.142857
39	11	0.023810
39	12	0.027778
39	14	0.034483
39	15	0.024390
39	29	0.043478
39	37	0.031250
39	38	0.066667
39	41	0.076923
39	46	0.090909
39	49	0.040000
39	61	0.066667
39	74	0.050000
39	80	0.125000
39	88	0.111111
39	89	0.111111
39	94	0.100000
39	97	0.100000
39	137	0.142857
39	138	0.111111
39	161	0.142857
39	176	0.142857
39	178	0.142857
39	183	0.142857
39	187	0.142857
40	1	0.033333
40	8	0.020833
40	9	0.023256
40	14	0.034483
40	15	0.024390
40	17	0.038462
40	37	0.031250
40	57	0.062500
40	59	0.066667
40	73	0.076923
40	86	0.142857
40	101	0.083333
40	107	0.125000
40	125	0.125000
40	130	0.090909
40	138	0.111111
40	150	0.111111
40	170	0.125000
40	191	0.142857
41	8	0.020833
41	15	0.024390
41	17	0.038462
41	18	0.027778
41	26	0.062500
41	30	0.043478
41	39	0.041667
41	88	0.111111
41	95	0.111111
41	97	0.100000
41	119	0.100000
41	137	0.142857
41	168	0.142857
42	9	0.023256
42	19	0.029412
42	20	0.058824
42	27	0.031250
42	28	0.045455
42	33	0.037037
42	37	0.031250
42	81	0.076923
42	95	0.111111
42	96	0.100000
42	156	0.142857
42	159	0.142857
43	6	0.033333
43	8	0.020833
43	11	0.023810
43	16	0.027778
43	19	0.029412
43	21	0.047619
43	30	0.043478
43	48	0.058824
43	54	0.076923
43	55	0.071429
43	83	0.100000
43	101	0.083333
43	103	0.071429
43	127	0.111111
43	136	0.142857
43	149	0.090909
43	168	0.142857
43	170	0.125000
43	181	0.142857
43	194	0.142857
44	6	0.033333
44	8	0.020833
44	10	0.023810
44	11	0.023810
44	13	0.028571
44	16	0.027778
44	23	0.030303
44	56	0.083333
44	72	0.062500
44	74	0.050000
44	75	0.125000
44	116	0.100000
44	127	0.111111
44	128	0.111111
44	131	0.142857
44	145	0.125000
44	163	0.142857
44	164	0.100000
44	169	0.142857
44	173	0.142857
45	10	0.023810
45	12	0.027778
45	14	0.034483
45	17	0.038462
45	27	0.031250
45	34	0.047619
45	38	0.066667
45	61	0.066667
45	65	0.083333
45	67	0.062500
45	69	0.076923
45	73	0.076923
45	85	0.083333
45	147	0.125000
45	149	0.090909
46	0	0.021277
46	6	0.033333
46	11	0.023810
46	15	0.024390
46	26	0.062500
46	29	0.043478
46	39	0.041667
46	83	0.100000
46	96	0.100000
46	105	0.090909
46	192	0.142857
47	0	0.021277
47	7	0.040000
47	8	0.020833
47	9	0.023256
47	15	0.024390
47	19	0.029412
47	24	0.052632
47	51	0.100000
47	55	0.071429
47	57	0.062500
47	123	0.111111
47	136	0.142857
47	151	0.125000
48	2	0.052632
48	10	0.023810
48	12	0.027778
48	13	0.028571
48	24	0.052632
48	29	0.043478
48	43	0.050000
48	55	0.071429
48	102	0.090909
48	111	0.125000
48	124	0.125000
48	133	0.142857
48	150	0.111111
48	163	0.142857
48	165	0.142857
48	175	0.111111
48	195	0.142857
49	0	0.021277
49	6	0.033333
49	12	0.027778
49	16	0.027778
49	26	0.062500
49	33	0.037037
49	39	0.041667
49	54	0.076923
49	60	0.076923
49	88	0.111111
49	90	0.100000
49	99	0.125000
49	102	0.090909
49	114	0.090909
49	119	0.100000
49	129	0.100000
49	140	0.142857
49	147	0.125000
49	148	0.125000
49	155	0.142857
49	160	0.111111
49	164	0.100000
49	170	0.125000
49	172	0.125000
49	181	0.142857
50	8	0.020833
50	12	0.027778
50	15	0.024390
50	21	0.047619
50	22	0.040000
50	23	0.030303
50	37	0.031250
50	53	0.111111
50	65	0.083333
50	66	0.076923
50	70	0.111111
50	71	0.076923
50	72	0.062500
50	89	0.111111
50	109	0.125000
50	142	0.142857
50	143	0.142857
51	1	0.033333
51	7	0.040000
51	12	0.027778
51	15	0.024390
51	19	0.029412
51	28	0.045455
51	47	0.076923
51	60	0.076923
51	75	0.125000
51	86	0.142857
52	1	0.033333
52	5	0.033333
52	11	0.023810
52	14	0.034483
52	19	0.029412
52	21	0.047619
52	29	0.043478
52	54	0.076923
52	81	0.076923
52	106	0.090909
52	119	0.100000
52	124	0.125000
52	129	0.100000
52	132	0.111111
52	158	0.125000
52	188	0.125000
53	3	0.090909
53	13	0.028571
53	18	0.027778
53	23	0.030303
53	26	0.062500
53	33	0.037037
53	50	0.058824
53	65	0.083333
53	172	0.125000
54	0	0.021277
54	19	0.029412
54	27	0.031250
54	30	0.043478
54	43	0.050000
54	49	0.040000
54	52	0.062500
54	59	0.066667
54	80	0.125000
54	103	0.071429
54	140	0.142857
54	152	0.142857
54	176	0.142857
55	5	0.033333
55	11	0.023810
55	30	0.043478
55	32	0.050000
55	43	0.050000
55	47	0.076923
55	48	0.058824
55	56	0.083333
55	85	0.083333
55	96	0.100000
55	98	0.100000
55	109	0.125000
55	127	0.111111
55	139	0.142857
56	5	0.033333
56	25	0.033333
56	29	0.043478
56	37	0.031250
56	38	0.066667
56	44	0.050000
56	55	0.071429
56	63	0.071429
56	79	0.111111
56	115	0.090909
56	118	0.142857
56	166	0.125000
57	11	0.023810
57	14	0.034483
57	19	0.029412
57	29	0.043478
57	37	0.031250
57	40	0.052632
57	47	0.076923
57	70	0.111111
57	80	0.125000
57	96	0.100000
57	105	0.090909
57	113	0.100000
57	133	0.142857
57	134	0.142857
57	157	0.142857
57	193	0.142857
58	0	0.021277
58	8	0.020833
58	14	0.034483
58	22	0.040000
58	31	0.058824
58	32	0.050000
58	34	0.047619
58	60	0.076923
58	62	0.100000
58	66	0.076923
58	71	0.076923
58	88	0.111111
58	89	0.111111
58	125	0.125000
58	131	0.142857
58	162	0.142857
58	180	0.142857
58	193	0.142857
58	197	0.142857
59	8	0.020833
59	13	0.028571
59	16	0.027778
59	22	0.040000
59	33	0.037037
59	40	0.052632
59	54	0.076923
59	102	0.090909
59	104	0.111111
59	110	0.111111
59	124	0.125000
59	167	0.125000
59	175	0.111111
59	186	0.142857
59	190	0.125000
60	7	0.040000
60	8	0.020833
60	10	0.023810
60	37	0.031250
60	49	0.040000
60	51	0.100000
60	58	0.052632
60	75	0.125000
60	77	0.066667
60	108	0.071429
60	114	0.090909
60	152	0.142857
60	189	0.142857
61	8	0.020833
61	9	0.023256
61	10	0.023810
61	16	0.027778
61	18	0.027778
61	39	0.041667
61	45	0.066667
61	69	0.076923
61	73	0.076923
61	90	0.100000
61	95	0.111111
61	112	0.111111
61	153	0.125000
61	158	0.125000
61	159	0.142857
62	9	0.023256
62	14	0.034483
62	18	0.027778
62	19	0.029412
62	23	0.030303
62	25	0.033333
62	58	0.052632
62	135	0.100000
62	183	0.142857
62	186	0.142857
63	0	0.021277
63	3	0.090909
63	4	0.100000
63	15	0.024390
63	25	0.033333
63	37	0.031250
63	56	0.083333
63	74	0.050000
63	79	0.111111
63	81	0.076923
63	111	0.125000
63	137	0.142857
63	161	0.142857
63	163	0.142857
64	0	0.021277
64	1	0.033333
64	5	0.033333
64	8	0.020833
64	13	0.028571
64	25	0.033333
64	27	0.031250
64	75	0.125000
64	113	0.100000
64	142	0.142857
64	167	0.125000
64	170	0.125000
65	5	0.033333
65	26	0.062500
65	32	0.050000
65	33	0.037037
65	45	0.066667
65	50	0.058824
65	53	0.111111
65	74	0.050000
65	142	0.142857
65	148	0.125000
65	158	0.125000
65	177	0.142857
66	21	0.047619
66	25	0.033333
66	27	0.031250
66	31	0.058824
66	32	0.050000
66	50	0.058824
66	58	0.052632
66	78	0.071429
66	98	0.100000
66	104	0.111111
66	123	0.111111
66	156	0.142857
66	157	0.142857
67	12	0.027778
67	13	0.028571
67	15	0.024390
67	19	0.029412
67	22	0.040000
67	37	0.031250
67	45	0.066667
67	76	0.083333
67	91	0.090909
67	102	0.090909
67	110	0.111111
67	121	0.125000
67	122	0.111111
67	151	0.125000
67	178	0.142857
67	196	0.142857
68	8	0.020833
68	10	0.023810
68	15	0.024390
68	27	0.031250
68	30	0.043478
68	31	0.058824
68	36	0.083333
68	74	0.050000
68	78	0.071429
68	133	0.142857
68	146	0.125000
68	151	0.125000
68	160	0.111111
68	165	0.142857
68	168	0.142857
68	180	0.142857
68	197	0.142857
69	9	0.023256
69	17	0.038462
69	18	0.027778
69	29	0.043478
69	30	0.043478
69	45	0.066667
69	61	0.066667
69	83	0.100000
69	123	0.111111
69	131	0.142857
69	146	0.125000
69	181	0.142857
69	196	0.142857
70	15	0.024390
70	16	0.027778
70	19	0.029412
70	22	0.040000
70	27	0.031250
70	50	0.058824
70	57	0.062500
70	129	0.100000
70	143	0.142857
71	3	0.090909
71	5	0.033333
71	6	0.033333
71	23	0.030303
71	30	0.043478
71	50	0.058824
71	58	0.052632
71	89	0.111111
71	102	0.090909
71	107	0.125000
71	108	0.071429
71	168	0.142857
71	173	0.142857
72	5	0.033333
72	10	0.023810
72	17	0.038462
72	19	0.029412
72	38	0.066667
72	44	0.050000
72	50	0.058824
72	91	0.090909
72	105	0.090909
72	113	0.100000
72	116	0.100000
72	134	0.142857
72	137	0.142857
72	150	0.111111
72	179	0.142857
72	197	0.142857
73	9	0.023256
73	15	0.024390
73	17	0.038462
73	23	0.030303
73	40	0.052632
73	45	0.066667
73	61	0.066667
73	79	0.111111
73	87	0.100000
73	118	0.142857
73	120	0.111111
73	164	0.100000
73	177	0.142857
74	1	0.033333
74	30	0.043478
74	39	0.041667
74	44	0.050000
74	63	0.071429
74	65	0.083333
74	68	0.058824
74	77	0.066667
74	79	0.111111
74	94	0.100000
74	100	0.090909
74	108	0.071429
74	111	0.125000
74	112	0.111111
74	121	0.125000
74	122	0.111111
74	140	0.142857
74	169	0.142857
74	186	0.142857
74	195	0.142857
75	5	0.033333
75	15	0.024390
75	33	0.037037
75	44	0.050000
75	51	0.100000
75	60	0.076923
75	64	0.083333
75	130	0.090909
76	11	0.023810
76	19	0.029412
76	25	0.033333
76	27	0.031250
76	33	0.037037
76	36	0.083333
76	67	0.062500
76	98	0.100000
76	126	0.083333
76	165	0.142857
76	166	0.125000
76	183	0.142857
77	23	0.030303
77	29	0.043478
77	30	0.043478
77	37	0.031250
77	38	0.066667
77	60	0.076923
77	74	0.050000
77	86	0.142857
77	121	0.125000
77	139	0.142857
77	140	0.142857
77	142	0.142857
77	149	0.090909
77	182	0.125000
77	186	0.142857
78	2	0.052632
78	7	0.040000
78	13	0.028571
78	18	0.027778
78	23	0.030303
78	66	0.076923
78	68	0.058824
78	79	0.111111
78	101	0.083333
78	107	0.125000
78	122	0.111111
78	136	0.142857
78	177	0.142857
78	183	0.142857
79	12	0.027778
79	15	0.024390
79	56	0.083333
79	63	0.071429
79	73	0.076923
79	74	0.050000
79	78	0.071429
79	103	0.071429
79	137	0.142857
80	11	0.023810
80	18	0.027778
80	34	0.047619
80	35	0.052632
80	39	0.041667
80	54	0.076923
80	57	0.062500
80	179	0.142857
81	11	0.023810
81	21	0.047619
81	27	0.031250
81	33	0.037037
81	42	0.083333
81	52	0.062500
81	63	0.071429
81	94	0.100000
81	118	0.142857
81	152	0.142857
81	153	0.125000
81	157	0.142857
81	194	0.142857
82	5	0.033333
82	8	0.020833
82	14	0.034483
82	21	0.047619
82	22	0.040000
82	25	0.033333
82	37	0.031250
82	95	0.111111
82	117	0.111111
83	6	0.033333
83	14	0.034483
83	23	0.030303
83	26	0.062500
83	43	0.050000
83	46	0.090909
83	69	0.076923
83	100	0.090909
83	115	0.090909
83	129	0.100000
84	0	0.021277
84	5	0.033333
84	7	0.040000
84	16	0.027778
84	25	0.033333
84	27	0.031250
84	37	0.031250
84	96	0.100000
84	120	0.111111
85	8	0.020833
85	12	0.027778
85	13	0.028571
85	15	0.024390
85	27	0.031250
85	45	0.066667
85	55	0.071429
85	96	0.100000
85	100	0.090909
85	103	0.071429
85	113	0.100000
85	191	0.142857
86	8	0.020833
86	12	0.027778
86	18	0.027778
86	33	0.037037
86	40	0.052632
86	51	0.100000
86	77	0.066667
87	9	0.023256
87	10	0.023810
87	12	0.027778
87	15	0.024390
87	19	0.029412
87	20	0.058824
87	73	0.076923
87	90	0.100000
87	94	0.100000
87	163	0.142857
88	12	0.027778
88	22	0.040000
88	23	0.030303
88	39	0.041667
88	41	0.076923
88	49	0.040000
88	58	0.052632
88	127	0.111111
88	159	0.142857
89	2	0.052632
89	18	0.027778
89	27	0.031250
89	39	0.041667
89	50	0.058824
89	58	0.052632
89	71	0.076923
89	96	0.100000
89	150	0.111111
90	6	0.033333
90	13	0.028571
90	17	0.038462
90	23	0.030303
90	49	0.040000
90	61	0.066667
90	87	0.100000
90	92	0.111111
90	97	0.100000
90	159	0.142857
91	6	0.033333
91	11	0.023810
91	27	0.031250
91	34	0.047619
91	37	0.031250
91	67	0.062500
91	72	0.062500
91	95	0.111111
91	99	0.125000
91	161	0.142857
91	181	0.142857
92	2	0.052632
92	14	0.034483
92	24	0.052632
92	26	0.062500
92	28	0.045455
92	35	0.052632
92	90	0.100000
92	116	0.100000
92	147	0.125000
93	0	0.021277
93	1	0.033333
93	10	0.023810
93	11	0.023810
93	25	0.033333
93	28	0.045455
93	29	0.043478
93	167	0.125000
93	188	0.125000
94	7	0.040000
94	13	0.028571
94	18	0.027778
94	39	0.041667
94	74	0.050000
94	81	0.076923
94	87	0.100000
94	143	0.142857
94	192	0.142857
94	195	0.142857
95	7	0.040000
95	16	0.027778
95	41	0.076923
95	42	0.083333
95	61	0.066667
95	82	0.111111
95	91	0.090909
95	115	0.090909
95	172	0.125000
96	42	0.083333
96	46	0.090909
96	55	0.071429
96	57	0.062500
96	84	0.111111
96	85	0.083333
96	89	0.111111
96	99	0.125000
96	126	0.083333
96	173	0.142857
97	0	0.021277
97	11	0.023810
97	13	0.028571
97	37	0.031250
97	39	0.041667
97	41	0.076923
97	90	0.100000
97	135	0.100000
97	138	0.111111
97	141	0.111111
98	1	0.033333
98	9	0.023256
98	14	0.034483
98	38	0.066667
98	55	0.071429
98	66	0.076923
98	76	0.083333
98	122	0.111111
98	136	0.142857
98	174	0.142857
99	16	0.027778
99	17	0.038462
99	26	0.062500
99	30	0.043478
99	49	0.040000
99	91	0.090909
99	96	0.100000
99	161	0.142857
100	12	0.027778
100	16	0.027778
100	17	0.038462
100	35	0.052632
100	74	0.050000
100	83	0.100000
100	85	0.083333
100	130	0.090909
100	160	0.111111
100	187	0.142857
100	190	0.125000
101	14	0.034483
101	22	0.040000
101	27	0.031250
101	32	0.050000
101	40	0.052632
101	43	0.050000
101	78	0.071429
101	131	0.142857
101	134	0.142857
101	138	0.111111
101	171	0.125000
101	184	0.142857
102	27	0.031250
102	31	0.058824
102	48	0.058824
102	49	0.040000
102	59	0.066667
102	67	0.062500
102	71	0.076923
102	115	0.090909
102	167	0.125000
102	176	0.142857
102	188	0.125000
103	11	0.023810
103	13	0.028571
103	30	0.043478
103	43	0.050000
103	54	0.076923
103	79	0.111111
103	85	0.083333
103	110	0.111111
103	131	0.142857
103	134	0.142857
103	135	0.100000
103	151	0.125000
103	153	0.125000
103	192	0.142857
104	2	0.052632
104	6	0.033333
104	10	0.023810
104	19	0.029412
104	34	0.047619
104	59	0.066667
104	66	0.076923
104	111	0.125000
104	141	0.111111
105	15	0.024390
105	25	0.033333
105	26	0.062500
105	33	0.037037
105	46	0.090909
105	57	0.062500
105	72	0.062500
105	112	0.111111
105	119	0.100000
105	162	0.142857
105	171	0.125000
106	0	0.021277
106	4	0.100000
106	8	0.020833
106	14	0.034483
106	18	0.027778
106	37	0.031250
106	52	0.062500
106	122	0.111111
106	135	0.100000
106	160	0.111111
106	196	0.142857
107	5	0.033333
107	8	0.020833
107	12	0.027778
107	20	0.058824
107	40	0.052632
107	71	0.076923
107	78	0.071429
107	171	0.125000
108	5	0.033333
108	19	0.029412
108	28	0.045455
108	37	0.031250
108	60	0.076923
108	71	0.076923
108	74	0.050000
108	110	0.111111
108	117	0.111111
108	128	0.111111
108	140	0.142857
108	142	0.142857
108	171	0.125000
108	177	0.142857
109	2	0.052632
109	9	0.023256
109	16	0.027778
109	24	0.052632
109	36	0.083333
109	50	0.058824
109	55	0.071429
109	158	0.125000
110	3	0.090909
110	8	0.020833
110	10	0.023810
110	59	0.066667
110	67	0.062500
110	103	0.071429
110	108	0.071429
110	151	0.125000
110	197	0.142857
111	8	0.020833
111	27	0.031250
111	33	0.037037
111	48	0.058824
111	63	0.071429
111	74	0.050000
111	104	0.111111
111	183	0.142857
112	0	0.021277
112	8	0.020833
112	36	0.083333
112	37	0.031250
112	61	0.066667
112	74	0.050000
112	105	0.090909
112	159	0.142857
112	178	0.142857
113	9	0.023256
113	23	0.030303
113	32	0.050000
113	57	0.062500
113	64	0.083333
113	72	0.062500
113	85	0.083333
113	132	0.111111
113	134	0.142857
113	158	0.125000
114	16	0.027778
114	28	0.045455
114	29	0.043478
114	35	0.052632
114	37	0.031250
114	49	0.040000
114	60	0.076923
114	117	0.111111
114	126	0.083333
114	132	0.111111
114	162	0.142857
115	12	0.027778
115	19	0.029412
115	25	0.033333
115	56	0.083333
115	83	0.100000
115	95	0.111111
115	102	0.090909
115	125	0.125000
115	162	0.142857
115	182	0.125000
115	189	0.142857
116	13	0.028571
116	15	0.024390
116	17	0.038462
116	34	0.047619
116	44	0.050000
116	72	0.062500
116	92	0.111111
116	139	0.142857
116	149	0.090909
116	155	0.142857
117	0	0.021277
117	6	0.033333
117	8	0.020833
117	9	0.023256
117	82	0.111111
117	108	0.071429
117	114	0.090909
117	120	0.111111
117	178	0.142857
118	18	0.027778
118	20	0.058824
118	22	0.040000
118	27	0.031250
118	56	0.083333
118	73	0.076923
118	81	0.076923
119	13	0.028571
119	33	0.037037
119	35	0.052632
119	41	0.076923
119	49	0.040000
119	52	0.062500
119	105	0.090909
119	127	0.111111
119	137	0.142857
119	188	0.125000
120	8	0.020833
120	9	0.023256
120	23	0.030303
120	37	0.031250
120	73	0.076923
120	84	0.111111
120	117	0.111111
120	149	0.090909
120	171	0.125000
121	6	0.033333
121	11	0.023810
121	23	0.030303
121	25	0.033333
121	67	0.062500
121	74	0.050000
121	77	0.066667
121	180	0.142857
122	16	0.027778
122	24	0.052632
122	67	0.062500
122	74	0.050000
122	78	0.071429
122	98	0.100000
122	106	0.090909
122	125	0.125000
122	154	0.125000
123	5	0.033333
123	10	0.023810
123	15	0.024390
123	19	0.029412
123	47	0.076923
123	66	0.076923
123	69	0.076923
123	148	0.125000
123	157	0.142857
124	1	0.033333
124	17	0.038462
124	28	0.045455
124	31	0.058824
124	48	0.058824
124	52	0.062500
124	59	0.066667
124	166	0.125000
125	1	0.033333
125	9	0.023256
125	29	0.043478
125	40	0.052632
125	58	0.052632
125	115	0.090909
125	122	0.111111
125	184	0.142857
126	15	0.024390
126	19	0.029412
126	24	0.052632
126	29	0.043478
126	76	0.083333
126	96	0.100000
126	114	0.090909
126	149	0.090909
126	153	0.125000
126	155	0.142857
126	158	0.125000
126	186	0.142857
127	1	0.033333
127	13	0.028571
127	43	0.050000
127	44	0.050000
127	55	0.071429
127	88	0.111111
127	119	0.100000
127	145	0.125000
127	173	0.142857
128	8	0.020833
128	16	0.027778
128	22	0.040000
128	33	0.037037
128	34	0.047619
128	44	0.050000
128	108	0.071429
128	146	0.125000
128	185	0.142857
129	6	0.033333
129	9	0.023256
129	36	0.083333
129	49	0.040000
129	52	0.062500
129	70	0.111111
129	83	0.100000
129	154	0.125000
129	161	0.142857
129	195	0.142857
130	8	0.020833
130	11	0.023810
130	13	0.028571
130	30	0.043478
130	40	0.052632
130	75	0.125000
130	100	0.090909
130	143	0.142857
130	153	0.125000
130	181	0.142857
130	189	0.142857
131	11	0.023810
131	37	0.031250
131	44	0.050000
131	58	0.052632
131	69	0.076923
131	101	0.083333
131	103	0.071429
132	16	0.027778
132	18	0.027778
132	22	0.040000
132	37	0.031250
132	52	0.062500
132	113	0.100000
132	114	0.090909
132	147	0.125000
132	186	0.142857
133	7	0.040000
133	9	0.023256
133	16	0.027778
133	35	0.052632
133	48	0.058824
133	57	0.062500
133	68	0.058824
134	5	0.033333
134	15	0.024390
134	57	0.062500
134	72	0.062500
134	101	0.083333
134	103	0.071429
134	113	0.100000
135	6	0.033333
135	21	0.047619
135	33	0.037037
135	62	0.100000
135	97	0.100000
135	103	0.071429
135	106	0.090909
135	140	0.142857
135	145	0.125000
135	194	0.142857
136	10	0.023810
136	11	0.023810
136	18	0.027778
136	43	0.050000
136	47	0.076923
136	78	0.071429
136	98	0.100000
137	23	0.030303
137	39	0.041667
137	41	0.076923
137	63	0.071429
137	72	0.062500
137	79	0.111111
137	119	0.100000
138	22	0.040000
138	30	0.043478
138	37	0.031250
138	39	0.041667
138	40	0.052632
138	97	0.100000
138	101	0.083333
138	144	0.111111
138	185	0.142857
139	14	0.034483
139	21	0.047619
139	23	0.030303
139	27	0.031250
139	55	0.071429
139	77	0.066667
139	116	0.100000
140	35	0.052632
140	49	0.040000
140	54	0.076923
140	74	0.050000
140	77	0.066667
140	108	0.071429
140	135	0.100000
141	0	0.021277
141	6	0.033333
141	11	0.023810
141	12	0.027778
141	32	0.050000
141	97	0.100000
141	104	0.111111
141	158	0.125000
141	164	0.100000
142	20	0.058824
142	27	0.031250
142	50	0.058824
142	64	0.083333
142	65	0.083333
142	77	0.066667
142	108	0.071429
143	0	0.021277
143	5	0.033333
143	35	0.052632
143	50	0.058824
143	70	0.111111
143	94	0.100000
143	130	0.090909
144	8	0.020833
144	10	0.023810
144	12	0.027778
144	19	0.029412
144	33	0.037037
144	35	0.052632
144	138	0.111111
144	146	0.125000
144	155	0.142857
145	7	0.040000
145	16	0.027778
145	17	0.038462
145	23	0.030303
145	44	0.050000
145	127	0.111111
145	135	0.100000
145	173	0.142857
146	8	0.020833
146	9	0.023256
146	11	0.023810
146	68	0.058824
146	69	0.076923
146	128	0.111111
146	144	0.111111
146	156	0.142857
147	12	0.027778
147	13	0.028571
147	14	0.034483
147	45	0.066667
147	49	0.040000
147	92	0.111111
147	132	0.111111
147	189	0.142857
148	10	0.023810
148	13	0.028571
148	23	0.030303
148	33	0.037037
148	49	0.040000
148	65	0.083333
148	123	0.111111
148	181	0.142857
149	37	0.031250
149	43	0.050000
149	45	0.066667
149	77	0.066667
149	116	0.100000
149	120	0.111111
149	126	0.083333
149	162	0.142857
149	170	0.125000
149	180	0.142857
149	194	0.142857
150	7	0.040000
150	19	0.029412
150	28	0.045455
150	40	0.052632
150	48	0.058824
150	72	0.062500
150	89	0.111111
150	168	0.142857
150	187	0.142857
151	0	0.021277
151	1	0.033333
151	47	0.076923
151	67	0.062500
151	68	0.058824
151	103	0.071429
151	110	0.111111
151	182	0.125000
152	10	0.023810
152	19	0.029412
152	23	0.030303
152	28	0.045455
152	54	0.076923
152	60	0.076923
152	81	0.076923
153	2	0.052632
153	6	0.033333
153	61	0.066667
153	81	0.076923
153	103	0.071429
153	126	0.083333
153	130	0.090909
153	157	0.142857
154	2	0.052632
154	6	0.033333
154	28	0.045455
154	33	0.037037
154	35	0.052632
154	122	0.111111
154	129	0.100000
154	160	0.111111
155	2	0.052632
155	11	0.023810
155	21	0.047619
155	49	0.040000
155	116	0.100000
155	126	0.083333
155	144	0.111111
156	17	0.038462
156	22	0.040000
156	24	0.052632
156	38	0.066667
156	42	0.083333
156	66	0.076923
156	146	0.125000
157	20	0.058824
157	27	0.031250
157	57	0.062500
157	66	0.076923
157	81	0.076923
157	123	0.111111
157	153	0.125000
158	52	0.062500
158	61	0.066667
158	65	0.083333
158	109	0.125000
158	113	0.100000
158	126	0.083333
158	141	0.111111
158	195	0.142857
159	4	0.100000
159	19	0.029412
159	42	0.083333
159	61	0.066667
159	88	0.111111
159	90	0.100000
159	112	0.111111
160	21	0.047619
160	28	0.045455
160	49	0.040000
160	68	0.058824
160	100	0.090909
160	106	0.090909
160	154	0.125000
160	182	0.125000
160	185	0.142857
161	32	0.050000
161	34	0.047619
161	39	0.041667
161	63	0.071429
161	91	0.090909
161	99	0.125000
161	129	0.100000
162	16	0.027778
162	33	0.037037
162	58	0.052632
162	105	0.090909
162	114	0.090909
162	115	0.090909
162	149	0.090909
163	2	0.052632
163	22	0.040000
163	27	0.031250
163	44	0.050000
163	48	0.058824
163	63	0.071429
163	87	0.100000
164	1	0.033333
164	13	0.028571
164	35	0.052632
164	44	0.050000
164	49	0.040000
164	73	0.076923
164	141	0.111111
164	172	0.125000
164	174	0.142857
164	185	0.142857
165	0	0.021277
165	21	0.047619
165	23	0.030303
165	25	0.033333
165	48	0.058824
165	68	0.058824
165	76	0.083333
166	2	0.052632
166	13	0.028571
166	19	0.029412
166	30	0.043478
166	56	0.083333
166	76	0.083333
166	124	0.125000
166	178	0.142857
167	6	0.033333
167	15	0.024390
167	23	0.030303
167	59	0.066667
167	64	0.083333
167	93	0.111111
167	102	0.090909
167	171	0.125000
168	13	0.028571
168	18	0.027778
168	41	0.076923
168	43	0.050000
168	68	0.058824
168	71	0.076923
168	150	0.111111
169	0	0.021277
169	13	0.028571
169	19	0.029412
169	20	0.058824
169	32	0.050000
169	44	0.050000
169	74	0.050000
170	5	0.033333
170	18	0.027778
170	40	0.052632
170	43	0.050000
170	49	0.040000
170	64	0.083333
170	149	0.090909
170	180	0.142857
171	1	0.033333
171	101	0.083333
171	105	0.090909
171	107	0.125000
171	108	0.071429
171	120	0.111111
171	167	0.125000
171	172	0.125000
172	1	0.033333
172	9	0.023256
172	49	0.040000
172	53	0.111111
172	95	0.111111
172	164	0.100000
172	171	0.125000
172	191	0.142857
173	11	0.023810
173	14	0.034483
173	44	0.050000
173	71	0.076923
173	96	0.100000
173	127	0.111111
173	145	0.125000
174	8	0.020833
174	9	0.023256
174	15	0.024390
174	30	0.043478
174	31	0.058824
174	98	0.100000
174	164	0.100000
175	15	0.024390
175	18	0.027778
175	29	0.043478
175	33	0.037037
175	34	0.047619
175	48	0.058824
175	59	0.066667
175	187	0.142857
175	192	0.142857
176	14	0.034483
176	18	0.027778
176	31	0.058824
176	38	0.066667
176	39	0.041667
176	54	0.076923
176	102	0.090909
177	0	0.021277
177	18	0.027778
177	34	0.047619
177	65	0.083333
177	73	0.076923
177	78	0.071429
177	108	0.071429
178	10	0.023810
178	24	0.052632
178	39	0.041667
178	67	0.062500
178	112	0.111111
178	117	0.111111
178	166	0.125000
179	0	0.021277
179	7	0.040000
179	9	0.023256
179	23	0.030303
179	28	0.045455
179	72	0.062500
179	80	0.125000
180	2	0.052632
180	8	0.020833
180	58	0.052632
180	68	0.058824
180	121	0.125000
180	149	0.090909
180	170	0.125000
181	32	0.050000
181	43	0.050000
181	49	0.040000
181	69	0.076923
181	91	0.090909
181	130	0.090909
181	148	0.125000
182	12	0.027778
182	21	0.047619
182	34	0.047619
182	77	0.066667
182	115	0.090909
182	151	0.125000
182	160	0.111111
182	195	0.142857
183	31	0.058824
183	34	0.047619
183	39	0.041667
183	62	0.100000
183	76	0.083333
183	78	0.071429
183	111	0.125000
184	2	0.052632
184	15	0.024390
184	18	0.027778
184	24	0.052632
184	27	0.031250
184	101	0.083333
184	125	0.125000
185	9	0.023256
185	32	0.050000
185	35	0.052632
185	128	0.111111
185	138	0.111111
185	160	0.111111
185	164	0.100000
186	23	0.030303
186	59	0.066667
186	62	0.100000
186	74	0.050000
186	77	0.066667
186	126	0.083333
186	132	0.111111
187	10	0.023810
187	25	0.033333
187	29	0.043478
187	39	0.041667
187	100	0.090909
187	150	0.111111
187	175	0.111111
188	7	0.040000
188	8	0.020833
188	18	0.027778
188	52	0.062500
188	93	0.111111
188	102	0.090909
188	119	0.100000
188	191	0.142857
189	0	0.021277
189	8	0.020833
189	25	0.033333
189	60	0.076923
189	115	0.090909
189	130	0.090909
189	147	0.125000
190	16	0.027778
190	18	0.027778
190	27	0.031250
190	31	0.058824
190	32	0.050000
190	59	0.066667
190	100	0.090909
190	193	0.142857
191	15	0.024390
191	25	0.033333
191	34	0.047619
191	40	0.052632
191	85	0.083333
191	172	0.125000
191	188	0.125000
192	17	0.038462
192	23	0.030303
192	25	0.033333
192	46	0.090909
192	94	0.100000
192	103	0.071429
192	175	0.111111
193	0	0.021277
193	8	0.020833
193	9	0.023256
193	23	0.030303
193	57	0.062500
193	58	0.052632
193	190	0.125000
194	2	0.052632
194	12	0.027778
194	20	0.058824
194	43	0.050000
194	81	0.076923
194	135	0.100000
194	149	0.090909
195	12	0.027778
195	48	0.058824
195	74	0.050000
195	94	0.100000
195	129	0.100000
195	158	0.125000
195	182	0.125000
196	5	0.033333
196	10	0.023810
196	24	0.052632
196	37	0.031250
196	67	0.062500
196	69	0.076923
196	106	0.090909
197	4	0.100000
197	12	0.027778
197	16	0.027778
197	58	0.052632
197	68	0.058824
197	72	0.062500
197	110	0.111111
