183	2464
0	1	0.076923
0	2	0.043478
0	3	0.034483
0	4	0.500000
0	5	0.071429
0	6	0.045455
0	7	0.029412
0	8	0.018182
0	9	0.017544
0	10	0.027027
0	11	0.026316
0	12	0.030303
0	13	0.032258
0	15	0.025641
0	16	0.027027
0	19	0.031250
0	20	0.058824
0	21	0.037037
0	22	0.043478
0	23	0.047619
0	26	0.066667
0	27	0.071429
0	28	0.083333
0	29	0.052632
0	30	0.071429
0	32	0.045455
0	33	0.058824
0	36	0.052632
0	37	0.052632
0	38	0.090909
0	39	0.058824
0	41	0.090909
0	42	0.066667
0	43	0.071429
0	48	0.071429
0	51	0.062500
0	52	0.111111
0	54	0.111111
0	61	0.076923
0	62	0.100000
0	69	0.062500
0	74	0.071429
0	76	0.100000
0	88	0.100000
0	94	0.100000
0	98	0.100000
0	101	0.111111
0	102	0.100000
0	104	0.111111
0	105	0.111111
0	116	0.083333
0	120	0.125000
0	124	0.125000
0	126	0.125000
0	130	0.125000
0	134	0.142857
0	136	0.142857
0	137	0.111111
0	144	0.100000
0	145	0.111111
0	147	0.142857
0	152	0.125000
0	158	0.142857
0	164	0.142857
0	166	0.142857
0	169	0.142857
0	177	0.142857
0	179	0.142857
0	180	0.142857
1	0	0.014493
1	8	0.018182
1	9	0.017544
1	10	0.027027
1	12	0.030303
1	14	0.028571
1	15	0.025641
1	18	0.020000
1	24	0.030303
1	53	0.083333
1	75	0.100000
1	107	0.125000
1	112	0.142857
2	0	0.014493
2	8	0.018182
2	9	0.017544
2	10	0.027027
2	11	0.026316
2	12	0.030303
2	16	0.027027
2	18	0.020000
2	23	0.047619
2	26	0.066667
2	35	0.062500
2	36	0.052632
2	42	0.066667
2	48	0.071429
2	57	0.055556
2	75	0.100000
2	80	0.100000
2	81	0.062500
2	97	0.111111
2	109	0.111111
2	133	0.125000
2	163	0.125000
2	179	0.142857
3	0	0.014493
3	8	0.018182
3	9	0.017544
3	11	0.026316
3	12	0.030303
3	13	0.032258
3	19	0.031250
3	22	0.043478
3	30	0.071429
3	36	0.052632
3	37	0.052632
3	40	0.058824
3	49	0.038462
3	56	0.066667
3	62	0.100000
3	64	0.066667
3	67	0.058824
3	75	0.100000
3	76	0.100000
3	79	0.100000
3	89	0.125000
3	107	0.125000
3	121	0.111111
3	122	0.125000
3	144	0.100000
3	160	0.142857
3	172	0.142857
3	175	0.142857
3	179	0.142857
4	0	0.014493
4	57	0.055556
5	0	0.014493
5	8	0.018182
5	10	0.027027
5	12	0.030303
5	25	0.076923
5	34	0.043478
5	37	0.052632
5	38	0.090909
5	50	0.058824
5	62	0.100000
5	89	0.125000
5	166	0.142857
5	172	0.142857
5	179	0.142857
6	0	0.014493
6	8	0.018182
6	9	0.017544
6	15	0.025641
6	19	0.031250
6	28	0.083333
6	31	0.062500
6	40	0.058824
6	41	0.090909
6	48	0.071429
6	63	0.090909
6	71	0.100000
6	72	0.111111
6	77	0.111111
6	79	0.100000
6	94	0.100000
6	99	0.100000
6	106	0.083333
6	113	0.100000
6	114	0.111111
6	170	0.142857
6	182	0.142857
7	0	0.014493
7	8	0.018182
7	9	0.017544
7	10	0.027027
7	11	0.026316
7	12	0.030303
7	13	0.032258
7	14	0.028571
7	15	0.025641
7	17	0.027027
7	18	0.020000
7	20	0.058824
7	21	0.037037
7	31	0.062500
7	42	0.066667
7	46	0.066667
7	47	0.058824
7	54	0.111111
7	58	0.052632
7	60	0.071429
7	65	0.076923
7	68	0.083333
7	83	0.100000
7	93	0.125000
7	96	0.090909
7	99	0.100000
7	103	0.125000
7	110	0.083333
7	111	0.142857
7	118	0.111111
7	147	0.142857
7	157	0.142857
7	167	0.125000
7	173	0.142857
8	0	0.014493
8	1	0.076923
8	2	0.043478
8	3	0.034483
8	5	0.071429
8	6	0.045455
8	7	0.029412
8	9	0.017544
8	10	0.027027
8	11	0.026316
8	13	0.032258
8	14	0.028571
8	15	0.025641
8	16	0.027027
8	17	0.027027
8	19	0.031250
8	20	0.058824
8	21	0.037037
8	25	0.076923
8	29	0.052632
8	30	0.071429
8	32	0.045455
8	33	0.058824
8	41	0.090909
8	43	0.071429
8	45	0.062500
8	46	0.066667
8	48	0.071429
8	49	0.038462
8	50	0.058824
8	52	0.111111
8	56	0.066667
8	61	0.076923
8	62	0.100000
8	66	0.111111
8	71	0.100000
8	88	0.100000
8	89	0.125000
8	91	0.090909
8	92	0.100000
8	93	0.125000
8	95	0.111111
8	96	0.090909
8	124	0.125000
8	132	0.142857
8	138	0.142857
8	139	0.111111
8	142	0.111111
8	151	0.111111
8	154	0.125000
8	162	0.142857
8	168	0.142857
8	172	0.142857
8	175	0.142857
8	177	0.142857
9	0	0.014493
9	1	0.076923
9	2	0.043478
9	3	0.034483
9	6	0.045455
9	7	0.029412
9	8	0.018182
9	10	0.027027
9	11	0.026316
9	13	0.032258
9	15	0.025641
9	17	0.027027
9	18	0.020000
9	19	0.031250
9	22	0.043478
9	26	0.066667
9	29	0.052632
9	30	0.071429
9	33	0.058824
9	35	0.062500
9	38	0.090909
9	40	0.058824
9	44	0.052632
9	49	0.038462
9	51	0.062500
9	54	0.111111
9	60	0.071429
9	61	0.076923
9	66	0.111111
9	70	0.090909
9	72	0.111111
9	74	0.071429
9	76	0.100000
9	84	0.090909
9	87	0.076923
9	95	0.111111
9	99	0.100000
9	104	0.111111
9	109	0.111111
9	115	0.111111
9	117	0.125000
9	118	0.111111
9	120	0.125000
9	121	0.111111
9	125	0.111111
9	128	0.125000
9	129	0.142857
9	135	0.125000
9	136	0.142857
9	139	0.111111
9	148	0.125000
9	159	0.142857
9	161	0.142857
9	163	0.125000
9	168	0.142857
9	171	0.142857
9	181	0.142857
10	0	0.014493
10	1	0.076923
10	2	0.043478
10	5	0.071429
10	7	0.029412
10	8	0.018182
10	9	0.017544
10	11	0.026316
10	13	0.032258
10	14	0.028571
10	16	0.027027
10	17	0.027027
10	18	0.020000
10	24	0.030303
10	27	0.071429
10	28	0.083333
10	29	0.052632
10	38	0.090909
10	46	0.066667
10	47	0.058824
10	50	0.058824
10	52	0.111111
10	59	0.083333
10	60	0.071429
10	64	0.066667
10	65	0.076923
10	68	0.083333
10	84	0.090909
10	89	0.125000
10	90	0.125000
10	102	0.100000
10	106	0.083333
10	125	0.111111
10	130	0.125000
10	155	0.100000
10	176	0.142857
10	181	0.142857
11	0	0.014493
11	2	0.043478
11	3	0.034483
11	7	0.029412
11	8	0.018182
11	9	0.017544
11	10	0.027027
11	12	0.030303
11	14	0.028571
11	15	0.025641
11	16	0.027027
11	17	0.027027
11	18	0.020000
11	21	0.037037
11	22	0.043478
11	23	0.047619
11	25	0.076923
11	35	0.062500
11	42	0.066667
11	46	0.066667
11	63	0.090909
11	65	0.076923
11	74	0.071429
11	82	0.125000
11	89	0.125000
11	96	0.090909
11	98	0.100000
11	106	0.083333
11	111	0.142857
11	112	0.142857
11	113	0.100000
11	116	0.083333
11	117	0.125000
11	119	0.100000
11	130	0.125000
11	135	0.125000
11	156	0.142857
11	178	0.142857
12	0	0.014493
12	1	0.076923
12	2	0.043478
12	3	0.034483
12	5	0.071429
12	7	0.029412
12	11	0.026316
12	13	0.032258
12	14	0.028571
12	18	0.020000
12	19	0.031250
12	24	0.030303
12	25	0.076923
12	28	0.083333
12	31	0.062500
12	37	0.052632
12	44	0.052632
12	47	0.058824
12	49	0.038462
12	52	0.111111
12	58	0.052632
12	62	0.100000
12	67	0.058824
12	68	0.083333
12	69	0.062500
12	77	0.111111
12	86	0.100000
12	111	0.142857
12	118	0.111111
12	122	0.125000
12	124	0.125000
12	140	0.125000
12	152	0.125000
13	0	0.014493
13	3	0.034483
13	7	0.029412
13	8	0.018182
13	9	0.017544
13	10	0.027027
13	12	0.030303
13	14	0.028571
13	20	0.058824
13	21	0.037037
13	26	0.066667
13	28	0.083333
13	30	0.071429
13	31	0.062500
13	36	0.052632
13	41	0.090909
13	44	0.052632
13	55	0.090909
13	74	0.071429
13	80	0.100000
13	86	0.100000
13	97	0.111111
13	111	0.142857
13	113	0.100000
13	114	0.111111
13	120	0.125000
13	131	0.111111
13	137	0.111111
13	153	0.142857
13	173	0.142857
13	177	0.142857
14	1	0.076923
14	7	0.029412
14	8	0.018182
14	10	0.027027
14	11	0.026316
14	12	0.030303
14	13	0.032258
14	16	0.027027
14	27	0.071429
14	29	0.052632
14	34	0.043478
14	39	0.058824
14	40	0.058824
14	44	0.052632
14	53	0.083333
14	57	0.055556
14	58	0.052632
14	70	0.090909
14	74	0.071429
14	78	0.100000
14	85	0.100000
14	91	0.090909
14	93	0.125000
14	94	0.100000
14	95	0.111111
14	100	0.100000
14	102	0.100000
14	105	0.111111
14	107	0.125000
14	117	0.125000
14	120	0.125000
14	131	0.111111
14	135	0.125000
14	147	0.142857
14	148	0.125000
15	0	0.014493
15	1	0.076923
15	6	0.045455
15	7	0.029412
15	8	0.018182
15	9	0.017544
15	11	0.026316
15	16	0.027027
15	17	0.027027
15	20	0.058824
15	22	0.043478
15	23	0.047619
15	27	0.071429
15	29	0.052632
15	32	0.045455
15	33	0.058824
15	34	0.043478
15	39	0.058824
15	43	0.071429
15	44	0.052632
15	46	0.066667
15	49	0.038462
15	50	0.058824
15	55	0.090909
15	58	0.052632
15	60	0.071429
15	64	0.066667
15	66	0.111111
15	68	0.083333
15	81	0.062500
15	85	0.100000
15	100	0.100000
15	108	0.111111
15	109	0.111111
15	110	0.083333
15	119	0.100000
15	134	0.142857
15	161	0.142857
15	178	0.142857
16	0	0.014493
16	2	0.043478
16	8	0.018182
16	10	0.027027
16	11	0.026316
16	14	0.028571
16	15	0.025641
16	17	0.027027
16	20	0.058824
16	23	0.047619
16	35	0.062500
16	36	0.052632
16	38	0.090909
16	45	0.062500
16	47	0.058824
16	51	0.062500
16	52	0.111111
16	57	0.055556
16	62	0.100000
16	69	0.062500
16	73	0.071429
16	88	0.100000
16	91	0.090909
16	93	0.125000
16	96	0.090909
16	103	0.125000
16	117	0.125000
16	123	0.111111
16	127	0.111111
16	128	0.125000
16	134	0.142857
16	135	0.125000
16	139	0.111111
16	142	0.111111
16	151	0.111111
16	152	0.125000
16	162	0.142857
17	7	0.029412
17	8	0.018182
17	9	0.017544
17	10	0.027027
17	11	0.026316
17	15	0.025641
17	16	0.027027
17	22	0.043478
17	23	0.047619
17	24	0.030303
17	25	0.076923
17	28	0.083333
17	30	0.071429
17	31	0.062500
17	32	0.045455
17	33	0.058824
17	34	0.043478
17	37	0.052632
17	38	0.090909
17	42	0.066667
17	45	0.062500
17	47	0.058824
17	51	0.062500
17	52	0.111111
17	54	0.111111
17	64	0.066667
17	84	0.090909
17	100	0.100000
17	102	0.100000
17	104	0.111111
17	105	0.111111
17	123	0.111111
17	127	0.111111
17	146	0.142857
17	150	0.142857
17	158	0.142857
17	172	0.142857
18	1	0.076923
18	2	0.043478
18	7	0.029412
18	9	0.017544
18	10	0.027027
18	11	0.026316
18	12	0.030303
18	19	0.031250
18	21	0.037037
18	22	0.043478
18	28	0.083333
18	29	0.052632
18	30	0.071429
18	31	0.062500
18	32	0.045455
18	34	0.043478
18	35	0.062500
18	38	0.090909
18	39	0.058824
18	41	0.090909
18	46	0.066667
18	49	0.038462
18	53	0.083333
18	59	0.083333
18	61	0.076923
18	78	0.100000
18	79	0.100000
18	81	0.062500
18	82	0.125000
18	85	0.100000
18	88	0.100000
18	92	0.100000
18	100	0.100000
18	108	0.111111
18	112	0.142857
18	119	0.100000
18	124	0.125000
18	128	0.125000
18	129	0.142857
18	132	0.142857
18	138	0.142857
18	140	0.125000
18	144	0.100000
18	147	0.142857
18	149	0.142857
18	152	0.125000
18	153	0.142857
18	159	0.142857
18	173	0.142857
18	181	0.142857
19	0	0.014493
19	3	0.034483
19	6	0.045455
19	8	0.018182
19	9	0.017544
19	12	0.030303
19	18	0.020000
19	20	0.058824
19	21	0.037037
19	26	0.066667
19	27	0.071429
19	31	0.062500
19	33	0.058824
19	35	0.062500
19	42	0.066667
19	45	0.062500
19	47	0.058824
19	56	0.066667
19	61	0.076923
19	64	0.066667
19	77	0.111111
19	80	0.100000
19	83	0.100000
19	84	0.090909
19	90	0.125000
19	105	0.111111
19	121	0.111111
19	122	0.125000
19	134	0.142857
19	146	0.142857
19	151	0.111111
19	163	0.125000
20	0	0.014493
20	7	0.029412
20	8	0.018182
20	13	0.032258
20	15	0.025641
20	16	0.027027
20	19	0.031250
20	24	0.030303
20	33	0.058824
20	45	0.062500
20	73	0.071429
20	78	0.100000
20	103	0.125000
20	106	0.083333
20	115	0.111111
20	135	0.125000
20	143	0.142857
21	0	0.014493
21	7	0.029412
21	8	0.018182
21	11	0.026316
21	13	0.032258
21	18	0.020000
21	19	0.031250
21	24	0.030303
21	25	0.076923
21	27	0.071429
21	43	0.071429
21	50	0.058824
21	66	0.111111
21	72	0.111111
21	73	0.071429
21	81	0.062500
21	92	0.100000
21	98	0.100000
21	113	0.100000
21	117	0.125000
21	126	0.125000
21	130	0.125000
21	139	0.111111
21	143	0.142857
21	149	0.142857
21	151	0.111111
21	167	0.125000
22	0	0.014493
22	3	0.034483
22	9	0.017544
22	11	0.026316
22	15	0.025641
22	17	0.027027
22	18	0.020000
22	23	0.047619
22	26	0.066667
22	32	0.045455
22	34	0.043478
22	35	0.062500
22	39	0.058824
22	62	0.100000
22	63	0.090909
22	78	0.100000
22	90	0.125000
22	95	0.111111
22	100	0.100000
22	102	0.100000
22	132	0.142857
22	150	0.142857
22	151	0.111111
23	0	0.014493
23	2	0.043478
23	11	0.026316
23	15	0.025641
23	16	0.027027
23	17	0.027027
23	22	0.043478
23	24	0.030303
23	25	0.076923
23	26	0.066667
23	40	0.058824
23	43	0.071429
23	47	0.058824
23	55	0.090909
23	73	0.071429
23	88	0.100000
23	91	0.090909
23	107	0.125000
23	159	0.142857
23	166	0.142857
23	168	0.142857
24	1	0.076923
24	10	0.027027
24	12	0.030303
24	17	0.027027
24	20	0.058824
24	21	0.037037
24	23	0.047619
24	27	0.071429
24	40	0.058824
24	53	0.083333
24	54	0.111111
24	55	0.090909
24	60	0.071429
24	63	0.090909
24	71	0.100000
24	72	0.111111
24	80	0.100000
24	82	0.125000
24	90	0.125000
24	107	0.125000
24	110	0.083333
24	113	0.100000
24	118	0.111111
24	121	0.111111
24	139	0.111111
24	154	0.125000
24	157	0.142857
24	162	0.142857
24	169	0.142857
24	170	0.142857
24	171	0.142857
24	177	0.142857
24	178	0.142857
25	5	0.071429
25	8	0.018182
25	11	0.026316
25	12	0.030303
25	17	0.027027
25	21	0.037037
25	23	0.047619
25	34	0.043478
25	77	0.111111
25	80	0.100000
25	131	0.111111
25	153	0.142857
25	158	0.142857
26	0	0.014493
26	2	0.043478
26	9	0.017544
26	13	0.032258
26	19	0.031250
26	22	0.043478
26	23	0.047619
26	39	0.058824
26	44	0.052632
26	66	0.111111
26	70	0.090909
26	77	0.111111
26	96	0.090909
26	147	0.142857
26	174	0.142857
27	0	0.014493
27	10	0.027027
27	14	0.028571
27	15	0.025641
27	19	0.031250
27	21	0.037037
27	24	0.030303
27	89	0.125000
27	105	0.111111
27	112	0.142857
27	137	0.111111
27	142	0.111111
27	148	0.125000
27	152	0.125000
28	0	0.014493
28	6	0.045455
28	10	0.027027
28	12	0.030303
28	13	0.032258
28	17	0.027027
28	18	0.020000
28	48	0.071429
28	50	0.058824
28	55	0.090909
28	82	0.125000
28	126	0.125000
29	0	0.014493
29	8	0.018182
29	9	0.017544
29	10	0.027027
29	14	0.028571
29	15	0.025641
29	18	0.020000
29	36	0.052632
29	37	0.052632
29	56	0.066667
29	70	0.090909
29	92	0.100000
29	96	0.090909
29	119	0.100000
29	120	0.125000
29	124	0.125000
29	126	0.125000
29	170	0.142857
29	171	0.142857
30	0	0.014493
30	3	0.034483
30	8	0.018182
30	9	0.017544
30	13	0.032258
30	17	0.027027
30	18	0.020000
30	43	0.071429
30	60	0.071429
30	125	0.111111
30	128	0.125000
30	139	0.111111
30	156	0.142857
30	176	0.142857
31	6	0.045455
31	7	0.029412
31	12	0.030303
31	13	0.032258
31	17	0.027027
31	18	0.020000
31	19	0.031250
31	32	0.045455
31	36	0.052632
31	37	0.052632
31	41	0.090909
31	67	0.058824
31	122	0.125000
31	145	0.111111
31	163	0.125000
31	168	0.142857
32	0	0.014493
32	8	0.018182
32	15	0.025641
32	17	0.027027
32	18	0.020000
32	22	0.043478
32	31	0.062500
32	44	0.052632
32	50	0.058824
32	59	0.083333
32	64	0.066667
32	66	0.111111
32	80	0.100000
32	94	0.100000
32	101	0.111111
32	108	0.111111
32	124	0.125000
32	137	0.111111
32	155	0.100000
32	162	0.142857
32	165	0.142857
32	167	0.125000
33	0	0.014493
33	8	0.018182
33	9	0.017544
33	15	0.025641
33	17	0.027027
33	19	0.031250
33	20	0.058824
33	40	0.058824
33	45	0.062500
33	53	0.083333
33	54	0.111111
33	83	0.100000
33	100	0.100000
33	107	0.125000
33	122	0.125000
33	141	0.125000
33	176	0.142857
34	5	0.071429
34	14	0.028571
34	15	0.025641
34	17	0.027027
34	18	0.020000
34	22	0.043478
34	25	0.076923
34	39	0.058824
34	51	0.062500
34	55	0.090909
34	59	0.083333
34	61	0.076923
34	63	0.090909
34	67	0.058824
34	79	0.100000
34	95	0.111111
34	102	0.100000
34	133	0.125000
34	137	0.111111
34	144	0.100000
34	146	0.142857
34	161	0.142857
34	175	0.142857
35	2	0.043478
35	9	0.017544
35	11	0.026316
35	16	0.027027
35	18	0.020000
35	19	0.031250
35	22	0.043478
35	41	0.090909
35	48	0.071429
35	72	0.111111
35	87	0.076923
35	88	0.100000
35	108	0.111111
35	112	0.142857
35	129	0.142857
35	131	0.111111
36	0	0.014493
36	2	0.043478
36	3	0.034483
36	13	0.032258
36	16	0.027027
36	29	0.052632
36	31	0.062500
36	43	0.071429
36	45	0.062500
36	59	0.083333
36	71	0.100000
36	76	0.100000
36	101	0.111111
36	119	0.100000
36	134	0.142857
36	152	0.125000
36	156	0.142857
36	166	0.142857
36	170	0.142857
37	0	0.014493
37	3	0.034483
37	5	0.071429
37	12	0.030303
37	17	0.027027
37	29	0.052632
37	31	0.062500
37	48	0.071429
37	53	0.083333
37	71	0.100000
37	81	0.062500
37	85	0.100000
37	87	0.076923
37	89	0.125000
37	115	0.111111
37	140	0.125000
37	150	0.142857
37	155	0.100000
37	178	0.142857
38	0	0.014493
38	5	0.071429
38	9	0.017544
38	10	0.027027
38	16	0.027027
38	17	0.027027
38	18	0.020000
38	49	0.038462
38	51	0.062500
38	61	0.076923
38	81	0.062500
39	0	0.014493
39	14	0.028571
39	15	0.025641
39	18	0.020000
39	22	0.043478
39	26	0.066667
39	34	0.043478
39	46	0.066667
39	63	0.090909
39	67	0.058824
39	68	0.083333
39	71	0.100000
39	108	0.111111
39	124	0.125000
39	130	0.125000
39	131	0.111111
39	148	0.125000
40	3	0.034483
40	6	0.045455
40	9	0.017544
40	14	0.028571
40	23	0.047619
40	24	0.030303
40	33	0.058824
40	42	0.066667
40	52	0.111111
40	56	0.066667
40	92	0.100000
40	114	0.111111
40	137	0.111111
40	160	0.142857
40	165	0.142857
40	169	0.142857
40	179	0.142857
41	0	0.014493
41	6	0.045455
41	8	0.018182
41	13	0.032258
41	18	0.020000
41	31	0.062500
41	35	0.062500
41	51	0.062500
41	69	0.062500
41	138	0.142857
41	143	0.142857
42	0	0.014493
42	2	0.043478
42	7	0.029412
42	11	0.026316
42	17	0.027027
42	19	0.031250
42	40	0.058824
42	59	0.083333
42	79	0.100000
42	107	0.125000
42	110	0.083333
42	121	0.111111
42	123	0.111111
42	148	0.125000
42	155	0.100000
43	0	0.014493
43	8	0.018182
43	15	0.025641
43	21	0.037037
43	23	0.047619
43	30	0.071429
43	36	0.052632
43	57	0.055556
43	67	0.058824
43	74	0.071429
43	77	0.111111
43	86	0.100000
43	101	0.111111
43	174	0.142857
44	9	0.017544
44	12	0.030303
44	13	0.032258
44	14	0.028571
44	15	0.025641
44	26	0.066667
44	32	0.045455
44	53	0.083333
44	55	0.090909
44	56	0.066667
44	58	0.052632
44	70	0.090909
44	73	0.071429
44	97	0.111111
44	103	0.125000
44	127	0.111111
44	128	0.125000
44	132	0.142857
44	163	0.125000
45	8	0.018182
45	16	0.027027
45	17	0.027027
45	19	0.031250
45	20	0.058824
45	33	0.058824
45	36	0.052632
45	65	0.076923
45	70	0.090909
45	93	0.125000
45	97	0.111111
45	99	0.100000
45	104	0.111111
45	119	0.100000
45	159	0.142857
45	177	0.142857
46	7	0.029412
46	8	0.018182
46	10	0.027027
46	11	0.026316
46	15	0.025641
46	18	0.020000
46	39	0.058824
46	90	0.125000
46	97	0.111111
46	118	0.111111
46	127	0.111111
46	131	0.111111
46	160	0.142857
46	166	0.142857
46	171	0.142857
47	7	0.029412
47	10	0.027027
47	12	0.030303
47	16	0.027027
47	17	0.027027
47	19	0.031250
47	23	0.047619
47	58	0.052632
47	73	0.071429
47	87	0.076923
47	88	0.100000
47	126	0.125000
47	150	0.142857
47	156	0.142857
47	177	0.142857
47	181	0.142857
47	182	0.142857
48	0	0.014493
48	2	0.043478
48	6	0.045455
48	8	0.018182
48	28	0.083333
48	35	0.062500
48	37	0.052632
48	57	0.055556
48	60	0.071429
48	76	0.100000
48	78	0.100000
48	83	0.100000
48	122	0.125000
48	142	0.111111
49	3	0.034483
49	8	0.018182
49	9	0.017544
49	12	0.030303
49	15	0.025641
49	18	0.020000
49	38	0.090909
49	54	0.111111
49	65	0.076923
49	70	0.090909
49	82	0.125000
49	84	0.090909
49	86	0.100000
49	87	0.076923
49	98	0.100000
49	101	0.111111
49	105	0.111111
49	111	0.142857
49	112	0.142857
49	114	0.111111
49	129	0.142857
49	144	0.100000
49	168	0.142857
49	180	0.142857
49	181	0.142857
49	182	0.142857
50	5	0.071429
50	8	0.018182
50	10	0.027027
50	15	0.025641
50	21	0.037037
50	28	0.083333
50	32	0.045455
50	56	0.066667
50	65	0.076923
50	73	0.071429
50	91	0.090909
50	127	0.111111
50	131	0.111111
50	132	0.142857
50	147	0.142857
50	150	0.142857
50	174	0.142857
51	0	0.014493
51	9	0.017544
51	16	0.027027
51	17	0.027027
51	34	0.043478
51	38	0.090909
51	41	0.090909
51	57	0.055556
51	58	0.052632
51	59	0.083333
51	63	0.090909
51	68	0.083333
51	84	0.090909
51	140	0.125000
51	154	0.125000
51	164	0.142857
52	0	0.014493
52	8	0.018182
52	10	0.027027
52	12	0.030303
52	16	0.027027
52	17	0.027027
52	40	0.058824
52	64	0.066667
52	167	0.125000
53	1	0.076923
53	14	0.028571
53	18	0.020000
53	24	0.030303
53	33	0.058824
53	37	0.052632
53	44	0.052632
53	83	0.100000
53	106	0.083333
53	134	0.142857
53	149	0.142857
53	165	0.142857
54	0	0.014493
54	7	0.029412
54	9	0.017544
54	17	0.027027
54	24	0.030303
54	33	0.058824
54	49	0.038462
54	67	0.058824
54	98	0.100000
55	13	0.032258
55	15	0.025641
55	23	0.047619
55	24	0.030303
55	28	0.083333
55	34	0.043478
55	44	0.052632
55	65	0.076923
55	81	0.062500
55	99	0.100000
55	101	0.111111
56	3	0.034483
56	8	0.018182
56	19	0.031250
56	29	0.052632
56	40	0.058824
56	44	0.052632
56	50	0.058824
56	69	0.062500
56	78	0.100000
56	116	0.083333
56	125	0.111111
56	127	0.111111
56	145	0.111111
56	161	0.142857
56	162	0.142857
57	2	0.043478
57	4	0.500000
57	14	0.028571
57	16	0.027027
57	43	0.071429
57	48	0.071429
57	51	0.062500
57	69	0.062500
57	91	0.090909
57	92	0.100000
57	117	0.125000
57	123	0.111111
57	141	0.125000
57	146	0.142857
57	155	0.100000
57	162	0.142857
57	166	0.142857
57	171	0.142857
58	7	0.029412
58	12	0.030303
58	14	0.028571
58	15	0.025641
58	44	0.052632
58	47	0.058824
58	51	0.062500
58	66	0.111111
58	69	0.062500
58	75	0.100000
58	79	0.100000
58	94	0.100000
58	115	0.111111
58	119	0.100000
58	132	0.142857
58	143	0.142857
58	144	0.100000
58	154	0.125000
58	173	0.142857
59	10	0.027027
59	18	0.020000
59	32	0.045455
59	34	0.043478
59	36	0.052632
59	42	0.066667
59	51	0.062500
59	105	0.111111
59	116	0.083333
59	133	0.125000
59	156	0.142857
59	182	0.142857
60	7	0.029412
60	9	0.017544
60	10	0.027027
60	15	0.025641
60	24	0.030303
60	30	0.071429
60	48	0.071429
60	68	0.083333
60	72	0.111111
60	79	0.100000
60	117	0.125000
60	134	0.142857
60	136	0.142857
60	146	0.142857
61	0	0.014493
61	8	0.018182
61	9	0.017544
61	18	0.020000
61	19	0.031250
61	34	0.043478
61	38	0.090909
61	75	0.100000
61	104	0.111111
61	115	0.111111
61	116	0.083333
61	123	0.111111
61	158	0.142857
62	0	0.014493
62	3	0.034483
62	5	0.071429
62	8	0.018182
62	12	0.030303
62	16	0.027027
62	22	0.043478
62	80	0.100000
62	111	0.142857
62	158	0.142857
63	6	0.045455
63	11	0.026316
63	22	0.043478
63	24	0.030303
63	34	0.043478
63	39	0.058824
63	51	0.062500
63	86	0.100000
63	103	0.125000
63	170	0.142857
63	176	0.142857
64	3	0.034483
64	10	0.027027
64	15	0.025641
64	17	0.027027
64	19	0.031250
64	32	0.045455
64	52	0.111111
64	75	0.100000
64	87	0.076923
64	112	0.142857
64	115	0.111111
64	118	0.111111
64	139	0.111111
64	140	0.125000
64	169	0.142857
65	7	0.029412
65	10	0.027027
65	11	0.026316
65	45	0.062500
65	49	0.038462
65	50	0.058824
65	55	0.090909
65	87	0.076923
65	93	0.125000
65	138	0.142857
65	142	0.111111
65	149	0.142857
65	177	0.142857
66	8	0.018182
66	9	0.017544
66	15	0.025641
66	21	0.037037
66	26	0.066667
66	32	0.045455
66	58	0.052632
66	109	0.111111
66	145	0.111111
67	3	0.034483
67	12	0.030303
67	31	0.062500
67	34	0.043478
67	39	0.058824
67	43	0.071429
67	54	0.111111
67	74	0.071429
67	77	0.111111
67	92	0.100000
67	104	0.111111
67	126	0.125000
67	129	0.142857
67	136	0.142857
67	141	0.125000
67	160	0.142857
67	172	0.142857
68	7	0.029412
68	10	0.027027
68	12	0.030303
68	15	0.025641
68	39	0.058824
68	51	0.062500
68	60	0.071429
68	72	0.111111
68	76	0.100000
68	102	0.100000
68	106	0.083333
68	178	0.142857
69	0	0.014493
69	12	0.030303
69	16	0.027027
69	41	0.090909
69	56	0.066667
69	57	0.055556
69	58	0.052632
69	75	0.100000
69	76	0.100000
69	78	0.100000
69	83	0.100000
69	106	0.083333
69	142	0.111111
69	145	0.111111
69	159	0.142857
69	161	0.142857
70	9	0.017544
70	14	0.028571
70	26	0.066667
70	29	0.052632
70	44	0.052632
70	45	0.062500
70	49	0.038462
70	71	0.100000
70	90	0.125000
70	120	0.125000
70	182	0.142857
71	6	0.045455
71	8	0.018182
71	24	0.030303
71	36	0.052632
71	37	0.052632
71	39	0.058824
71	70	0.090909
71	94	0.100000
71	141	0.125000
71	174	0.142857
72	6	0.045455
72	9	0.017544
72	21	0.037037
72	24	0.030303
72	35	0.062500
72	60	0.071429
72	68	0.083333
72	108	0.111111
72	114	0.111111
73	16	0.027027
73	20	0.058824
73	21	0.037037
73	23	0.047619
73	44	0.052632
73	47	0.058824
73	50	0.058824
73	85	0.100000
73	95	0.111111
73	100	0.100000
73	158	0.142857
73	159	0.142857
73	165	0.142857
73	169	0.142857
74	0	0.014493
74	9	0.017544
74	11	0.026316
74	13	0.032258
74	14	0.028571
74	43	0.071429
74	67	0.058824
74	86	0.100000
74	97	0.111111
74	99	0.100000
74	109	0.111111
74	111	0.142857
74	160	0.142857
74	180	0.142857
75	1	0.076923
75	2	0.043478
75	3	0.034483
75	58	0.052632
75	61	0.076923
75	64	0.066667
75	69	0.062500
75	96	0.090909
75	125	0.111111
75	163	0.125000
76	0	0.014493
76	3	0.034483
76	9	0.017544
76	36	0.052632
76	48	0.071429
76	68	0.083333
76	69	0.062500
76	110	0.083333
76	115	0.111111
76	164	0.142857
77	6	0.045455
77	12	0.030303
77	19	0.031250
77	25	0.076923
77	26	0.066667
77	43	0.071429
77	67	0.058824
77	82	0.125000
77	114	0.111111
78	14	0.028571
78	18	0.020000
78	20	0.058824
78	22	0.043478
78	48	0.071429
78	56	0.066667
78	69	0.062500
78	82	0.125000
78	83	0.100000
78	167	0.125000
79	3	0.034483
79	6	0.045455
79	18	0.020000
79	34	0.043478
79	42	0.066667
79	58	0.052632
79	60	0.071429
79	85	0.100000
79	97	0.111111
79	99	0.100000
80	2	0.043478
80	13	0.032258
80	19	0.031250
80	24	0.030303
80	25	0.076923
80	32	0.045455
80	62	0.100000
80	133	0.125000
80	170	0.142857
80	171	0.142857
81	2	0.043478
81	15	0.025641
81	18	0.020000
81	21	0.037037
81	37	0.052632
81	38	0.090909
81	55	0.090909
81	84	0.090909
81	98	0.100000
81	116	0.083333
81	125	0.111111
81	136	0.142857
81	143	0.142857
81	154	0.125000
81	167	0.125000
81	170	0.142857
82	11	0.026316
82	18	0.020000
82	24	0.030303
82	28	0.083333
82	49	0.038462
82	77	0.111111
82	78	0.100000
82	176	0.142857
83	7	0.029412
83	19	0.031250
83	33	0.058824
83	48	0.071429
83	53	0.083333
83	69	0.062500
83	78	0.100000
83	91	0.090909
83	121	0.111111
83	150	0.142857
84	9	0.017544
84	10	0.027027
84	17	0.027027
84	19	0.031250
84	49	0.038462
84	51	0.062500
84	81	0.062500
84	85	0.100000
84	86	0.100000
84	90	0.125000
84	152	0.125000
85	14	0.028571
85	15	0.025641
85	18	0.020000
85	37	0.052632
85	73	0.071429
85	79	0.100000
85	84	0.090909
85	140	0.125000
85	142	0.111111
85	175	0.142857
86	12	0.030303
86	13	0.032258
86	43	0.071429
86	49	0.038462
86	63	0.090909
86	74	0.071429
86	84	0.090909
86	113	0.100000
86	164	0.142857
86	179	0.142857
87	9	0.017544
87	35	0.062500
87	37	0.052632
87	47	0.058824
87	49	0.038462
87	64	0.066667
87	65	0.076923
87	93	0.125000
87	94	0.100000
87	128	0.125000
87	164	0.142857
87	173	0.142857
87	180	0.142857
88	0	0.014493
88	8	0.018182
88	16	0.027027
88	18	0.020000
88	23	0.047619
88	35	0.062500
88	47	0.058824
88	123	0.111111
88	132	0.142857
88	178	0.142857
89	3	0.034483
89	5	0.071429
89	8	0.018182
89	10	0.027027
89	11	0.026316
89	27	0.071429
89	37	0.052632
89	98	0.100000
90	10	0.027027
90	19	0.031250
90	22	0.043478
90	24	0.030303
90	46	0.066667
90	70	0.090909
90	84	0.090909
90	110	0.083333
91	8	0.018182
91	14	0.028571
91	16	0.027027
91	23	0.047619
91	50	0.058824
91	57	0.055556
91	83	0.100000
91	110	0.083333
91	141	0.125000
91	157	0.142857
91	162	0.142857
92	8	0.018182
92	18	0.020000
92	21	0.037037
92	29	0.052632
92	40	0.058824
92	57	0.055556
92	67	0.058824
92	103	0.125000
92	118	0.111111
92	122	0.125000
93	7	0.029412
93	8	0.018182
93	14	0.028571
93	16	0.027027
93	45	0.062500
93	65	0.076923
93	87	0.076923
93	104	0.111111
94	0	0.014493
94	6	0.045455
94	14	0.028571
94	32	0.045455
94	58	0.052632
94	71	0.100000
94	87	0.076923
94	95	0.111111
94	129	0.142857
94	145	0.111111
95	8	0.018182
95	9	0.017544
95	14	0.028571
95	22	0.043478
95	34	0.043478
95	73	0.071429
95	94	0.100000
95	101	0.111111
95	155	0.100000
96	7	0.029412
96	8	0.018182
96	11	0.026316
96	16	0.027027
96	26	0.066667
96	29	0.052632
96	75	0.100000
96	108	0.111111
96	123	0.111111
96	129	0.142857
96	153	0.142857
97	2	0.043478
97	13	0.032258
97	44	0.052632
97	45	0.062500
97	46	0.066667
97	74	0.071429
97	79	0.100000
97	150	0.142857
97	161	0.142857
98	0	0.014493
98	11	0.026316
98	21	0.037037
98	49	0.038462
98	54	0.111111
98	81	0.062500
98	89	0.125000
98	149	0.142857
98	160	0.142857
98	182	0.142857
99	6	0.045455
99	7	0.029412
99	9	0.017544
99	45	0.062500
99	55	0.090909
99	74	0.071429
99	79	0.100000
99	140	0.125000
99	141	0.125000
99	164	0.142857
100	14	0.028571
100	15	0.025641
100	17	0.027027
100	18	0.020000
100	22	0.043478
100	33	0.058824
100	73	0.071429
100	126	0.125000
100	130	0.125000
100	133	0.125000
101	0	0.014493
101	32	0.045455
101	36	0.052632
101	43	0.071429
101	49	0.038462
101	55	0.090909
101	95	0.111111
101	143	0.142857
101	156	0.142857
102	0	0.014493
102	10	0.027027
102	14	0.028571
102	17	0.027027
102	22	0.043478
102	34	0.043478
102	68	0.083333
102	103	0.125000
102	109	0.111111
102	146	0.142857
103	7	0.029412
103	16	0.027027
103	20	0.058824
103	44	0.052632
103	63	0.090909
103	92	0.100000
103	102	0.100000
103	175	0.142857
104	0	0.014493
104	9	0.017544
104	17	0.027027
104	45	0.062500
104	61	0.076923
104	67	0.058824
104	93	0.125000
104	116	0.083333
104	135	0.125000
105	0	0.014493
105	14	0.028571
105	17	0.027027
105	19	0.031250
105	27	0.071429
105	49	0.038462
105	59	0.083333
105	164	0.142857
105	172	0.142857
106	6	0.045455
106	10	0.027027
106	11	0.026316
106	20	0.058824
106	53	0.083333
106	68	0.083333
106	69	0.062500
106	109	0.111111
106	125	0.111111
106	149	0.142857
106	165	0.142857
106	175	0.142857
107	1	0.076923
107	3	0.034483
107	14	0.028571
107	23	0.047619
107	24	0.030303
107	33	0.058824
107	42	0.066667
107	175	0.142857
108	15	0.025641
108	18	0.020000
108	32	0.045455
108	35	0.062500
108	39	0.058824
108	72	0.111111
108	96	0.090909
108	120	0.125000
108	180	0.142857
109	2	0.043478
109	9	0.017544
109	15	0.025641
109	66	0.111111
109	74	0.071429
109	102	0.100000
109	106	0.083333
109	121	0.111111
109	130	0.125000
110	7	0.029412
110	15	0.025641
110	24	0.030303
110	42	0.066667
110	76	0.100000
110	90	0.125000
110	91	0.090909
110	113	0.100000
110	141	0.125000
110	148	0.125000
110	154	0.125000
110	176	0.142857
111	7	0.029412
111	11	0.026316
111	12	0.030303
111	13	0.032258
111	49	0.038462
111	62	0.100000
111	74	0.071429
112	1	0.076923
112	11	0.026316
112	18	0.020000
112	27	0.071429
112	35	0.062500
112	49	0.038462
112	64	0.066667
113	6	0.045455
113	11	0.026316
113	13	0.032258
113	21	0.037037
113	24	0.030303
113	86	0.100000
113	110	0.083333
113	114	0.111111
113	136	0.142857
113	144	0.100000
114	6	0.045455
114	13	0.032258
114	40	0.058824
114	49	0.038462
114	72	0.111111
114	77	0.111111
114	113	0.100000
114	128	0.125000
114	169	0.142857
115	9	0.017544
115	20	0.058824
115	37	0.052632
115	58	0.052632
115	61	0.076923
115	64	0.066667
115	76	0.100000
115	145	0.111111
115	173	0.142857
116	0	0.014493
116	11	0.026316
116	56	0.066667
116	59	0.083333
116	61	0.076923
116	81	0.062500
116	104	0.111111
116	138	0.142857
116	149	0.142857
116	156	0.142857
116	174	0.142857
116	176	0.142857
117	9	0.017544
117	11	0.026316
117	14	0.028571
117	16	0.027027
117	21	0.037037
117	57	0.055556
117	60	0.071429
117	163	0.125000
118	7	0.029412
118	9	0.017544
118	12	0.030303
118	24	0.030303
118	46	0.066667
118	64	0.066667
118	92	0.100000
118	127	0.111111
118	147	0.142857
119	11	0.026316
119	15	0.025641
119	18	0.020000
119	29	0.052632
119	36	0.052632
119	45	0.062500
119	58	0.052632
119	133	0.125000
119	151	0.111111
119	153	0.142857
120	0	0.014493
120	9	0.017544
120	13	0.032258
120	14	0.028571
120	29	0.052632
120	70	0.090909
120	108	0.111111
120	179	0.142857
121	3	0.034483
121	9	0.017544
121	19	0.031250
121	24	0.030303
121	42	0.066667
121	83	0.100000
121	109	0.111111
121	158	0.142857
121	172	0.142857
122	3	0.034483
122	12	0.030303
122	19	0.031250
122	31	0.062500
122	33	0.058824
122	48	0.071429
122	92	0.100000
122	143	0.142857
123	16	0.027027
123	17	0.027027
123	42	0.066667
123	57	0.055556
123	61	0.076923
123	88	0.100000
123	96	0.090909
123	137	0.111111
123	159	0.142857
124	0	0.014493
124	8	0.018182
124	12	0.030303
124	18	0.020000
124	29	0.052632
124	32	0.045455
124	39	0.058824
124	173	0.142857
125	9	0.017544
125	10	0.027027
125	30	0.071429
125	56	0.066667
125	75	0.100000
125	81	0.062500
125	106	0.083333
125	135	0.125000
125	171	0.142857
126	0	0.014493
126	21	0.037037
126	28	0.083333
126	29	0.052632
126	47	0.058824
126	67	0.058824
126	100	0.100000
126	151	0.111111
127	16	0.027027
127	17	0.027027
127	44	0.052632
127	46	0.066667
127	50	0.058824
127	56	0.066667
127	118	0.111111
127	148	0.125000
127	161	0.142857
128	9	0.017544
128	16	0.027027
128	18	0.020000
128	30	0.071429
128	44	0.052632
128	87	0.076923
128	114	0.111111
128	133	0.125000
129	9	0.017544
129	18	0.020000
129	35	0.062500
129	49	0.038462
129	67	0.058824
129	94	0.100000
129	96	0.090909
130	0	0.014493
130	10	0.027027
130	11	0.026316
130	21	0.037037
130	39	0.058824
130	100	0.100000
130	109	0.111111
130	138	0.142857
131	13	0.032258
131	14	0.028571
131	25	0.076923
131	35	0.062500
131	39	0.058824
131	46	0.066667
131	50	0.058824
131	154	0.125000
131	167	0.125000
132	8	0.018182
132	18	0.020000
132	22	0.043478
132	44	0.052632
132	50	0.058824
132	58	0.052632
132	88	0.100000
133	2	0.043478
133	34	0.043478
133	59	0.083333
133	80	0.100000
133	100	0.100000
133	119	0.100000
133	128	0.125000
133	181	0.142857
134	0	0.014493
134	15	0.025641
134	16	0.027027
134	19	0.031250
134	36	0.052632
134	53	0.083333
134	60	0.071429
135	9	0.017544
135	11	0.026316
135	14	0.028571
135	16	0.027027
135	20	0.058824
135	104	0.111111
135	125	0.111111
135	136	0.142857
136	0	0.014493
136	9	0.017544
136	60	0.071429
136	67	0.058824
136	81	0.062500
136	113	0.100000
136	135	0.125000
137	0	0.014493
137	13	0.032258
137	27	0.071429
137	32	0.045455
137	34	0.043478
137	40	0.058824
137	123	0.111111
137	138	0.142857
137	178	0.142857
138	8	0.018182
138	18	0.020000
138	41	0.090909
138	65	0.076923
138	116	0.083333
138	130	0.125000
138	137	0.111111
139	8	0.018182
139	9	0.017544
139	16	0.027027
139	21	0.037037
139	24	0.030303
139	30	0.071429
139	64	0.066667
139	157	0.142857
139	168	0.142857
140	12	0.030303
140	18	0.020000
140	37	0.052632
140	51	0.062500
140	64	0.066667
140	85	0.100000
140	99	0.100000
140	174	0.142857
141	33	0.058824
141	57	0.055556
141	67	0.058824
141	71	0.100000
141	91	0.090909
141	99	0.100000
141	110	0.083333
141	153	0.142857
142	8	0.018182
142	16	0.027027
142	27	0.071429
142	48	0.071429
142	65	0.076923
142	69	0.062500
142	85	0.100000
142	157	0.142857
142	174	0.142857
143	20	0.058824
143	21	0.037037
143	41	0.090909
143	58	0.052632
143	81	0.062500
143	101	0.111111
143	122	0.125000
144	0	0.014493
144	3	0.034483
144	18	0.020000
144	34	0.043478
144	49	0.038462
144	58	0.052632
144	113	0.100000
144	146	0.142857
144	153	0.142857
144	165	0.142857
145	0	0.014493
145	31	0.062500
145	56	0.066667
145	66	0.111111
145	69	0.062500
145	94	0.100000
145	115	0.111111
145	155	0.100000
145	160	0.142857
146	17	0.027027
146	19	0.031250
146	34	0.043478
146	57	0.055556
146	60	0.071429
146	102	0.100000
146	144	0.100000
147	0	0.014493
147	7	0.029412
147	14	0.028571
147	18	0.020000
147	26	0.066667
147	50	0.058824
147	118	0.111111
148	9	0.017544
148	14	0.028571
148	27	0.071429
148	39	0.058824
148	42	0.066667
148	110	0.083333
148	127	0.111111
148	166	0.142857
149	18	0.020000
149	21	0.037037
149	53	0.083333
149	65	0.076923
149	98	0.100000
149	106	0.083333
149	116	0.083333
150	17	0.027027
150	22	0.043478
150	37	0.052632
150	47	0.058824
150	50	0.058824
150	83	0.100000
150	97	0.111111
151	8	0.018182
151	16	0.027027
151	19	0.031250
151	21	0.037037
151	22	0.043478
151	119	0.100000
151	126	0.125000
151	157	0.142857
151	180	0.142857
152	0	0.014493
152	12	0.030303
152	16	0.027027
152	18	0.020000
152	27	0.071429
152	36	0.052632
152	84	0.090909
152	180	0.142857
153	13	0.032258
153	18	0.020000
153	25	0.076923
153	96	0.090909
153	119	0.100000
153	141	0.125000
153	144	0.100000
154	8	0.018182
154	24	0.030303
154	51	0.062500
154	58	0.052632
154	81	0.062500
154	110	0.083333
154	131	0.111111
154	181	0.142857
155	10	0.027027
155	32	0.045455
155	37	0.052632
155	42	0.066667
155	57	0.055556
155	95	0.111111
155	145	0.111111
155	157	0.142857
155	165	0.142857
155	182	0.142857
156	11	0.026316
156	30	0.071429
156	36	0.052632
156	47	0.058824
156	59	0.083333
156	101	0.111111
156	116	0.083333
157	7	0.029412
157	24	0.030303
157	91	0.090909
157	139	0.111111
157	142	0.111111
157	151	0.111111
157	155	0.100000
158	0	0.014493
158	17	0.027027
158	25	0.076923
158	61	0.076923
158	62	0.100000
158	73	0.071429
158	121	0.111111
159	9	0.017544
159	18	0.020000
159	23	0.047619
159	45	0.062500
159	69	0.062500
159	73	0.071429
159	123	0.111111
160	3	0.034483
160	40	0.058824
160	46	0.066667
160	67	0.058824
160	74	0.071429
160	98	0.100000
160	145	0.111111
161	9	0.017544
161	15	0.025641
161	34	0.043478
161	56	0.066667
161	69	0.062500
161	97	0.111111
161	127	0.111111
162	8	0.018182
162	16	0.027027
162	24	0.030303
162	32	0.045455
162	56	0.066667
162	57	0.055556
162	91	0.090909
163	2	0.043478
163	9	0.017544
163	19	0.031250
163	31	0.062500
163	44	0.052632
163	75	0.100000
163	117	0.125000
163	169	0.142857
164	0	0.014493
164	51	0.062500
164	76	0.100000
164	86	0.100000
164	87	0.076923
164	99	0.100000
164	105	0.111111
165	32	0.045455
165	40	0.058824
165	53	0.083333
165	73	0.071429
165	106	0.083333
165	144	0.100000
165	155	0.100000
166	0	0.014493
166	5	0.071429
166	23	0.047619
166	36	0.052632
166	46	0.066667
166	57	0.055556
166	148	0.125000
167	7	0.029412
167	21	0.037037
167	32	0.045455
167	52	0.111111
167	78	0.100000
167	81	0.062500
167	131	0.111111
167	168	0.142857
168	8	0.018182
168	9	0.017544
168	23	0.047619
168	31	0.062500
168	49	0.038462
168	139	0.111111
168	167	0.125000
169	0	0.014493
169	24	0.030303
169	40	0.058824
169	64	0.066667
169	73	0.071429
169	114	0.111111
169	163	0.125000
170	6	0.045455
170	24	0.030303
170	29	0.052632
170	36	0.052632
170	63	0.090909
170	80	0.100000
170	81	0.062500
171	9	0.017544
171	24	0.030303
171	29	0.052632
171	46	0.066667
171	57	0.055556
171	80	0.100000
171	125	0.111111
172	3	0.034483
172	5	0.071429
172	8	0.018182
172	17	0.027027
172	67	0.058824
172	105	0.111111
172	121	0.111111
173	7	0.029412
173	13	0.032258
173	18	0.020000
173	58	0.052632
173	87	0.076923
173	115	0.111111
173	124	0.125000
174	26	0.066667
174	43	0.071429
174	50	0.058824
174	71	0.100000
174	116	0.083333
174	140	0.125000
174	142	0.111111
175	3	0.034483
175	8	0.018182
175	34	0.043478
175	85	0.100000
175	103	0.125000
175	106	0.083333
175	107	0.125000
176	10	0.027027
176	30	0.071429
176	33	0.058824
176	63	0.090909
176	82	0.125000
176	110	0.083333
176	116	0.083333
177	0	0.014493
177	8	0.018182
177	13	0.032258
177	24	0.030303
177	45	0.062500
177	47	0.058824
177	65	0.076923
178	11	0.026316
178	15	0.025641
178	24	0.030303
178	37	0.052632
178	68	0.083333
178	88	0.100000
178	137	0.111111
179	0	0.014493
179	2	0.043478
179	3	0.034483
179	5	0.071429
179	40	0.058824
179	86	0.100000
179	120	0.125000
180	0	0.014493
180	49	0.038462
180	74	0.071429
180	87	0.076923
180	108	0.111111
180	151	0.111111
180	152	0.125000
181	9	0.017544
181	10	0.027027
181	18	0.020000
181	47	0.058824
181	49	0.038462
181	133	0.125000
181	154	0.125000
182	6	0.045455
182	47	0.058824
182	49	0.038462
182	59	0.083333
182	70	0.090909
182	98	0.100000
182	155	0.100000
