179	2408
0	1	0.033333
0	2	0.027778
0	3	0.047619
0	4	0.166667
0	5	0.055556
0	6	0.035714
0	7	0.038462
0	8	0.017241
0	9	0.021277
0	10	0.022727
0	11	0.027027
0	12	0.033333
0	13	0.025641
0	14	0.022222
0	15	0.045455
0	16	0.030303
0	18	0.031250
0	19	0.029412
0	22	0.038462
0	23	0.038462
0	26	0.055556
0	28	0.052632
0	32	0.040000
0	33	0.047619
0	36	0.062500
0	38	0.100000
0	39	0.055556
0	40	0.050000
0	43	0.083333
0	47	0.083333
0	54	0.050000
0	55	0.071429
0	60	0.058824
0	66	0.090909
0	67	0.055556
0	69	0.100000
0	75	0.090909
0	78	0.111111
0	79	0.071429
0	88	0.066667
0	93	0.125000
0	104	0.111111
0	105	0.142857
0	106	0.111111
0	108	0.125000
0	116	0.142857
0	120	0.125000
0	121	0.125000
0	123	0.100000
0	126	0.111111
0	128	0.125000
0	131	0.142857
0	132	0.142857
0	139	0.142857
0	142	0.111111
0	167	0.142857
1	0	0.017857
1	8	0.017241
1	9	0.021277
1	10	0.022727
1	11	0.027027
1	12	0.033333
1	13	0.025641
1	15	0.045455
1	17	0.038462
1	19	0.029412
1	21	0.083333
1	33	0.047619
1	39	0.055556
1	44	0.100000
1	48	0.071429
1	56	0.058824
1	68	0.071429
1	75	0.090909
1	76	0.083333
1	77	0.100000
1	82	0.142857
1	86	0.125000
1	103	0.111111
1	105	0.142857
1	114	0.125000
1	130	0.142857
1	133	0.111111
1	135	0.142857
1	152	0.125000
1	168	0.142857
2	0	0.017857
2	8	0.017241
2	9	0.021277
2	10	0.022727
2	11	0.027027
2	15	0.045455
2	16	0.030303
2	17	0.038462
2	18	0.031250
2	20	0.043478
2	21	0.083333
2	24	0.038462
2	25	0.071429
2	26	0.055556
2	29	0.050000
2	40	0.050000
2	42	0.090909
2	45	0.055556
2	50	0.083333
2	52	0.090909
2	55	0.071429
2	61	0.083333
2	65	0.111111
2	74	0.100000
2	75	0.090909
2	77	0.100000
2	97	0.125000
2	98	0.111111
2	103	0.111111
2	104	0.111111
2	116	0.142857
2	129	0.111111
2	133	0.111111
2	157	0.142857
2	168	0.142857
2	178	0.142857
3	0	0.017857
3	8	0.017241
3	9	0.021277
3	10	0.022727
3	17	0.038462
3	19	0.029412
3	21	0.083333
3	41	0.038462
3	43	0.083333
3	51	0.100000
3	53	0.100000
3	56	0.058824
3	68	0.071429
3	81	0.100000
3	83	0.090909
3	88	0.066667
3	94	0.090909
3	116	0.142857
3	131	0.142857
3	138	0.142857
3	170	0.125000
4	0	0.017857
4	8	0.017241
4	9	0.021277
4	11	0.027027
4	24	0.038462
4	140	0.142857
5	0	0.017857
5	8	0.017241
5	9	0.021277
5	12	0.033333
5	15	0.045455
5	16	0.030303
5	31	0.083333
5	33	0.047619
5	34	0.045455
5	38	0.100000
5	42	0.090909
5	59	0.090909
5	62	0.066667
5	87	0.125000
5	89	0.125000
5	145	0.111111
5	146	0.111111
5	175	0.142857
6	0	0.017857
6	11	0.027027
6	12	0.033333
6	13	0.025641
6	14	0.022222
6	15	0.045455
6	19	0.029412
6	22	0.038462
6	25	0.071429
6	26	0.055556
6	31	0.083333
6	37	0.071429
6	41	0.038462
6	42	0.090909
6	46	0.100000
6	54	0.050000
6	62	0.066667
6	63	0.083333
6	64	0.090909
6	68	0.071429
6	80	0.090909
6	106	0.111111
6	109	0.111111
6	136	0.125000
6	140	0.142857
6	142	0.111111
6	146	0.111111
6	147	0.142857
7	0	0.017857
7	8	0.017241
7	10	0.022727
7	11	0.027027
7	13	0.025641
7	14	0.022222
7	15	0.045455
7	21	0.083333
7	24	0.038462
7	25	0.071429
7	26	0.055556
7	28	0.052632
7	30	0.041667
7	34	0.045455
7	38	0.100000
7	60	0.058824
7	73	0.083333
7	82	0.142857
7	91	0.090909
7	98	0.111111
7	102	0.100000
7	142	0.111111
7	143	0.142857
7	145	0.111111
7	150	0.142857
7	172	0.142857
8	0	0.017857
8	1	0.033333
8	2	0.027778
8	3	0.047619
8	4	0.166667
8	5	0.055556
8	7	0.038462
8	9	0.021277
8	10	0.022727
8	12	0.033333
8	13	0.025641
8	16	0.030303
8	18	0.031250
8	20	0.043478
8	21	0.083333
8	23	0.038462
8	24	0.038462
8	25	0.071429
8	26	0.055556
8	30	0.041667
8	31	0.083333
8	32	0.040000
8	33	0.047619
8	37	0.071429
8	44	0.100000
8	46	0.100000
8	52	0.090909
8	54	0.050000
8	55	0.071429
8	58	0.076923
8	59	0.090909
8	60	0.058824
8	71	0.062500
8	72	0.090909
8	74	0.100000
8	76	0.083333
8	77	0.100000
8	88	0.066667
8	89	0.125000
8	92	0.090909
8	93	0.125000
8	94	0.090909
8	99	0.083333
8	101	0.111111
8	107	0.071429
8	118	0.125000
8	119	0.083333
8	133	0.111111
8	135	0.142857
8	149	0.125000
8	151	0.142857
8	152	0.125000
8	159	0.142857
8	161	0.142857
8	163	0.142857
8	164	0.142857
8	166	0.142857
8	168	0.142857
9	0	0.017857
9	1	0.033333
9	2	0.027778
9	3	0.047619
9	4	0.166667
9	5	0.055556
9	8	0.017241
9	10	0.022727
9	12	0.033333
9	13	0.025641
9	14	0.022222
9	15	0.045455
9	17	0.038462
9	18	0.031250
9	24	0.038462
9	25	0.071429
9	27	0.038462
9	28	0.052632
9	30	0.041667
9	32	0.040000
9	40	0.050000
9	41	0.038462
9	47	0.083333
9	50	0.083333
9	53	0.100000
9	56	0.058824
9	57	0.071429
9	62	0.066667
9	63	0.083333
9	66	0.090909
9	68	0.071429
9	69	0.100000
9	72	0.090909
9	76	0.083333
9	83	0.090909
9	87	0.125000
9	92	0.090909
9	93	0.125000
9	94	0.090909
9	102	0.100000
9	109	0.111111
9	111	0.142857
9	127	0.100000
9	132	0.142857
9	134	0.125000
9	160	0.142857
9	176	0.125000
10	0	0.017857
10	1	0.033333
10	2	0.027778
10	3	0.047619
10	7	0.038462
10	8	0.017241
10	9	0.021277
10	11	0.027027
10	13	0.025641
10	14	0.022222
10	16	0.030303
10	17	0.038462
10	23	0.038462
10	26	0.055556
10	28	0.052632
10	29	0.050000
10	30	0.041667
10	32	0.040000
10	34	0.045455
10	38	0.100000
10	42	0.090909
10	50	0.083333
10	51	0.100000
10	57	0.071429
10	60	0.058824
10	61	0.083333
10	64	0.090909
10	70	0.111111
10	75	0.090909
10	76	0.083333
10	85	0.062500
10	92	0.090909
10	103	0.111111
10	110	0.111111
10	111	0.142857
10	113	0.125000
10	119	0.083333
10	126	0.111111
10	134	0.125000
10	135	0.142857
10	144	0.125000
10	154	0.125000
10	170	0.125000
10	178	0.142857
11	0	0.017857
11	1	0.033333
11	2	0.027778
11	4	0.166667
11	6	0.035714
11	7	0.038462
11	10	0.022727
11	12	0.033333
11	14	0.022222
11	16	0.030303
11	17	0.038462
11	18	0.031250
11	20	0.043478
11	25	0.071429
11	29	0.050000
11	38	0.100000
11	40	0.050000
11	41	0.038462
11	46	0.100000
11	65	0.111111
11	67	0.055556
11	68	0.071429
11	70	0.111111
11	79	0.071429
11	84	0.111111
11	86	0.125000
11	90	0.090909
11	98	0.111111
11	105	0.142857
11	121	0.125000
11	122	0.142857
11	127	0.100000
11	129	0.111111
11	160	0.142857
11	162	0.142857
11	165	0.142857
11	172	0.142857
12	0	0.017857
12	1	0.033333
12	5	0.055556
12	6	0.035714
12	8	0.017241
12	9	0.021277
12	11	0.027027
12	22	0.038462
12	26	0.055556
12	35	0.100000
12	54	0.050000
12	57	0.071429
12	58	0.076923
12	63	0.083333
12	69	0.100000
12	85	0.062500
12	87	0.125000
12	89	0.125000
12	91	0.090909
12	98	0.111111
12	100	0.142857
12	111	0.142857
12	112	0.125000
12	113	0.125000
12	117	0.100000
12	129	0.111111
12	136	0.125000
12	142	0.111111
12	148	0.142857
12	150	0.142857
13	0	0.017857
13	1	0.033333
13	6	0.035714
13	7	0.038462
13	8	0.017241
13	9	0.021277
13	10	0.022727
13	14	0.022222
13	16	0.030303
13	18	0.031250
13	19	0.029412
13	20	0.043478
13	29	0.050000
13	31	0.083333
13	35	0.100000
13	36	0.062500
13	37	0.071429
13	39	0.055556
13	41	0.038462
13	45	0.055556
13	47	0.083333
13	48	0.071429
13	49	0.050000
13	60	0.058824
13	74	0.100000
13	75	0.090909
13	82	0.142857
13	83	0.090909
13	91	0.090909
13	94	0.090909
13	95	0.090909
13	98	0.111111
13	99	0.083333
13	106	0.111111
13	109	0.111111
13	136	0.125000
13	151	0.142857
13	154	0.125000
13	157	0.142857
14	0	0.017857
14	6	0.035714
14	7	0.038462
14	9	0.021277
14	10	0.022727
14	11	0.027027
14	13	0.025641
14	20	0.043478
14	23	0.038462
14	27	0.038462
14	28	0.052632
14	30	0.041667
14	31	0.083333
14	35	0.100000
14	39	0.055556
14	49	0.050000
14	52	0.090909
14	54	0.050000
14	59	0.090909
14	61	0.083333
14	65	0.111111
14	71	0.062500
14	77	0.100000
14	81	0.100000
14	87	0.125000
14	88	0.066667
14	101	0.111111
14	102	0.100000
14	106	0.111111
14	108	0.125000
14	112	0.125000
14	115	0.125000
14	118	0.125000
14	120	0.125000
14	121	0.125000
14	122	0.142857
14	125	0.125000
14	127	0.100000
14	139	0.142857
14	146	0.111111
14	151	0.142857
14	155	0.125000
14	161	0.142857
14	165	0.142857
14	166	0.142857
15	0	0.017857
15	1	0.033333
15	2	0.027778
15	5	0.055556
15	6	0.035714
15	7	0.038462
15	9	0.021277
15	18	0.031250
15	19	0.029412
15	23	0.038462
15	25	0.071429
15	33	0.047619
15	48	0.071429
15	49	0.050000
15	50	0.083333
15	53	0.100000
15	103	0.111111
15	122	0.142857
15	152	0.125000
15	163	0.142857
15	166	0.142857
15	177	0.142857
16	0	0.017857
16	2	0.027778
16	5	0.055556
16	8	0.017241
16	10	0.022727
16	11	0.027027
16	13	0.025641
16	17	0.038462
16	22	0.038462
16	23	0.038462
16	27	0.038462
16	31	0.083333
16	34	0.045455
16	35	0.100000
16	43	0.083333
16	53	0.100000
16	54	0.050000
16	63	0.083333
16	64	0.090909
16	65	0.111111
16	68	0.071429
16	69	0.100000
16	70	0.111111
16	80	0.090909
16	96	0.090909
16	104	0.111111
16	115	0.125000
16	123	0.100000
16	136	0.125000
16	137	0.142857
16	143	0.142857
16	157	0.142857
16	177	0.142857
17	1	0.033333
17	2	0.027778
17	3	0.047619
17	9	0.021277
17	10	0.022727
17	11	0.027027
17	16	0.030303
17	20	0.043478
17	22	0.038462
17	24	0.038462
17	28	0.052632
17	35	0.100000
17	36	0.062500
17	37	0.071429
17	50	0.083333
17	58	0.076923
17	61	0.083333
17	67	0.055556
17	90	0.090909
17	93	0.125000
17	116	0.142857
17	121	0.125000
17	137	0.142857
17	138	0.142857
17	141	0.111111
17	162	0.142857
18	0	0.017857
18	2	0.027778
18	8	0.017241
18	9	0.021277
18	11	0.027027
18	13	0.025641
18	15	0.045455
18	19	0.029412
18	21	0.083333
18	22	0.038462
18	27	0.038462
18	30	0.041667
18	32	0.040000
18	33	0.047619
18	40	0.050000
18	41	0.038462
18	44	0.100000
18	45	0.055556
18	48	0.071429
18	52	0.090909
18	71	0.062500
18	80	0.090909
18	84	0.111111
18	86	0.125000
18	99	0.083333
18	100	0.142857
18	107	0.071429
18	110	0.111111
18	147	0.142857
18	148	0.142857
18	152	0.125000
18	167	0.142857
19	0	0.017857
19	1	0.033333
19	3	0.047619
19	6	0.035714
19	13	0.025641
19	15	0.045455
19	18	0.031250
19	20	0.043478
19	23	0.038462
19	27	0.038462
19	36	0.062500
19	37	0.071429
19	39	0.055556
19	43	0.083333
19	46	0.100000
19	48	0.071429
19	49	0.050000
19	57	0.071429
19	61	0.083333
19	62	0.066667
19	70	0.111111
19	72	0.090909
19	79	0.071429
19	80	0.090909
19	86	0.125000
19	87	0.125000
19	96	0.090909
19	97	0.125000
19	100	0.142857
19	104	0.111111
19	134	0.125000
19	148	0.142857
19	161	0.142857
19	170	0.125000
20	2	0.027778
20	8	0.017241
20	11	0.027027
20	13	0.025641
20	14	0.022222
20	17	0.038462
20	19	0.029412
20	21	0.083333
20	22	0.038462
20	32	0.040000
20	34	0.045455
20	54	0.050000
20	60	0.058824
20	64	0.090909
20	70	0.111111
20	74	0.100000
20	83	0.090909
20	95	0.090909
20	120	0.125000
20	122	0.142857
20	125	0.125000
20	153	0.142857
20	158	0.142857
21	1	0.033333
21	2	0.027778
21	3	0.047619
21	7	0.038462
21	8	0.017241
21	18	0.031250
21	20	0.043478
21	47	0.083333
21	48	0.071429
21	55	0.071429
21	62	0.066667
21	124	0.125000
22	0	0.017857
22	6	0.035714
22	12	0.033333
22	16	0.030303
22	17	0.038462
22	18	0.031250
22	20	0.043478
22	27	0.038462
22	30	0.041667
22	36	0.062500
22	39	0.055556
22	58	0.076923
22	59	0.090909
22	65	0.111111
22	73	0.083333
22	74	0.100000
22	78	0.111111
22	107	0.071429
22	114	0.125000
22	117	0.100000
22	119	0.083333
22	145	0.111111
22	149	0.125000
22	168	0.142857
22	173	0.142857
22	175	0.142857
23	0	0.017857
23	8	0.017241
23	10	0.022727
23	14	0.022222
23	15	0.045455
23	16	0.030303
23	19	0.029412
23	24	0.038462
23	29	0.050000
23	31	0.083333
23	33	0.047619
23	34	0.045455
23	38	0.100000
23	45	0.055556
23	46	0.100000
23	52	0.090909
23	94	0.090909
23	99	0.083333
23	101	0.111111
23	105	0.142857
23	145	0.111111
23	152	0.125000
23	153	0.142857
23	158	0.142857
23	164	0.142857
23	176	0.125000
24	2	0.027778
24	4	0.166667
24	7	0.038462
24	8	0.017241
24	9	0.021277
24	17	0.038462
24	23	0.038462
24	29	0.050000
24	35	0.100000
24	42	0.090909
24	52	0.090909
24	66	0.090909
24	87	0.125000
24	96	0.090909
24	101	0.111111
24	104	0.111111
24	106	0.111111
24	109	0.111111
24	113	0.125000
24	133	0.111111
24	139	0.142857
24	150	0.142857
24	155	0.125000
24	171	0.142857
24	172	0.142857
24	174	0.142857
25	2	0.027778
25	6	0.035714
25	7	0.038462
25	8	0.017241
25	9	0.021277
25	11	0.027027
25	15	0.045455
25	42	0.090909
25	51	0.100000
25	70	0.111111
25	78	0.111111
25	89	0.125000
25	101	0.111111
25	124	0.125000
26	0	0.017857
26	2	0.027778
26	6	0.035714
26	7	0.038462
26	8	0.017241
26	10	0.022727
26	12	0.033333
26	27	0.038462
26	40	0.050000
26	44	0.100000
26	82	0.142857
26	90	0.090909
26	105	0.142857
26	128	0.125000
26	130	0.142857
26	137	0.142857
26	144	0.125000
26	163	0.142857
27	9	0.021277
27	14	0.022222
27	16	0.030303
27	18	0.031250
27	19	0.029412
27	22	0.038462
27	26	0.055556
27	28	0.052632
27	44	0.100000
27	50	0.083333
27	51	0.100000
27	60	0.058824
27	72	0.090909
27	82	0.142857
27	84	0.111111
27	91	0.090909
27	98	0.111111
27	113	0.125000
27	120	0.125000
27	132	0.142857
27	136	0.125000
27	153	0.142857
27	160	0.142857
27	163	0.142857
27	168	0.142857
27	173	0.142857
28	0	0.017857
28	7	0.038462
28	9	0.021277
28	10	0.022727
28	14	0.022222
28	17	0.038462
28	27	0.038462
28	29	0.050000
28	39	0.055556
28	43	0.083333
28	45	0.055556
28	85	0.062500
28	98	0.111111
28	103	0.111111
28	119	0.083333
28	128	0.125000
28	146	0.111111
28	151	0.142857
28	176	0.125000
29	2	0.027778
29	10	0.022727
29	11	0.027027
29	13	0.025641
29	23	0.038462
29	24	0.038462
29	28	0.052632
29	32	0.040000
29	37	0.071429
29	51	0.100000
29	55	0.071429
29	58	0.076923
29	59	0.090909
29	71	0.062500
29	73	0.083333
29	84	0.111111
29	86	0.125000
29	106	0.111111
29	121	0.125000
29	160	0.142857
30	7	0.038462
30	8	0.017241
30	9	0.021277
30	10	0.022727
30	14	0.022222
30	18	0.031250
30	22	0.038462
30	34	0.045455
30	35	0.100000
30	47	0.083333
30	51	0.100000
30	56	0.058824
30	65	0.111111
30	83	0.090909
30	89	0.125000
30	95	0.090909
30	100	0.142857
30	102	0.100000
30	128	0.125000
30	140	0.142857
30	150	0.142857
30	156	0.125000
30	160	0.142857
30	163	0.142857
31	5	0.055556
31	6	0.035714
31	8	0.017241
31	13	0.025641
31	14	0.022222
31	16	0.030303
31	23	0.038462
31	36	0.062500
31	79	0.071429
31	116	0.142857
31	136	0.125000
31	178	0.142857
32	0	0.017857
32	8	0.017241
32	9	0.021277
32	10	0.022727
32	18	0.031250
32	20	0.043478
32	29	0.050000
32	38	0.100000
32	46	0.100000
32	48	0.071429
32	59	0.090909
32	67	0.055556
32	93	0.125000
32	100	0.142857
32	107	0.071429
32	115	0.125000
32	124	0.125000
32	131	0.142857
32	143	0.142857
32	144	0.125000
32	149	0.125000
32	154	0.125000
32	164	0.142857
32	177	0.142857
32	178	0.142857
33	0	0.017857
33	1	0.033333
33	5	0.055556
33	8	0.017241
33	15	0.045455
33	18	0.031250
33	23	0.038462
33	36	0.062500
33	37	0.071429
33	59	0.090909
33	62	0.066667
33	72	0.090909
33	81	0.100000
33	93	0.125000
33	97	0.125000
33	112	0.125000
33	117	0.100000
33	132	0.142857
33	150	0.142857
33	153	0.142857
33	163	0.142857
34	5	0.055556
34	7	0.038462
34	10	0.022727
34	16	0.030303
34	20	0.043478
34	23	0.038462
34	30	0.041667
34	43	0.083333
34	45	0.055556
34	46	0.100000
34	57	0.071429
34	77	0.100000
34	78	0.111111
34	81	0.100000
34	112	0.125000
34	114	0.125000
34	123	0.100000
34	139	0.142857
34	143	0.142857
34	145	0.111111
34	152	0.125000
34	172	0.142857
35	12	0.033333
35	13	0.025641
35	14	0.022222
35	16	0.030303
35	17	0.038462
35	24	0.038462
35	30	0.041667
35	99	0.083333
35	142	0.111111
35	161	0.142857
36	0	0.017857
36	13	0.025641
36	17	0.038462
36	19	0.029412
36	22	0.038462
36	31	0.083333
36	33	0.047619
36	42	0.090909
36	43	0.083333
36	47	0.083333
36	55	0.071429
36	63	0.083333
36	67	0.055556
36	101	0.111111
36	125	0.125000
36	127	0.100000
37	6	0.035714
37	8	0.017241
37	13	0.025641
37	17	0.038462
37	19	0.029412
37	29	0.050000
37	33	0.047619
37	44	0.100000
37	45	0.055556
37	49	0.050000
37	50	0.083333
37	57	0.071429
37	58	0.076923
37	108	0.125000
38	0	0.017857
38	5	0.055556
38	7	0.038462
38	10	0.022727
38	11	0.027027
38	23	0.038462
38	32	0.040000
38	74	0.100000
38	83	0.090909
38	147	0.142857
39	0	0.017857
39	1	0.033333
39	13	0.025641
39	14	0.022222
39	19	0.029412
39	22	0.038462
39	28	0.052632
39	40	0.050000
39	66	0.090909
39	73	0.083333
39	79	0.071429
39	80	0.090909
39	88	0.066667
39	90	0.090909
39	96	0.090909
39	112	0.125000
39	119	0.083333
39	162	0.142857
40	0	0.017857
40	2	0.027778
40	9	0.021277
40	11	0.027027
40	18	0.031250
40	26	0.055556
40	39	0.055556
40	41	0.038462
40	47	0.083333
40	49	0.050000
40	53	0.100000
40	57	0.071429
40	63	0.083333
40	67	0.055556
40	99	0.083333
40	114	0.125000
40	119	0.083333
40	131	0.142857
40	135	0.142857
40	151	0.142857
41	3	0.047619
41	6	0.035714
41	9	0.021277
41	11	0.027027
41	13	0.025641
41	18	0.031250
41	40	0.050000
41	44	0.100000
41	51	0.100000
41	52	0.090909
41	64	0.090909
41	71	0.062500
41	72	0.090909
41	73	0.083333
41	85	0.062500
41	91	0.090909
41	128	0.125000
41	130	0.142857
41	134	0.125000
41	135	0.142857
41	139	0.142857
41	154	0.125000
41	155	0.125000
41	168	0.142857
41	171	0.142857
41	173	0.142857
42	2	0.027778
42	5	0.055556
42	6	0.035714
42	10	0.022727
42	24	0.038462
42	25	0.071429
42	36	0.062500
42	64	0.090909
42	127	0.100000
42	142	0.111111
42	147	0.142857
43	0	0.017857
43	3	0.047619
43	16	0.030303
43	19	0.029412
43	28	0.052632
43	34	0.045455
43	36	0.062500
43	61	0.083333
43	82	0.142857
43	84	0.111111
43	117	0.100000
43	126	0.111111
44	1	0.033333
44	8	0.017241
44	18	0.031250
44	26	0.055556
44	27	0.038462
44	37	0.071429
44	41	0.038462
44	53	0.100000
44	146	0.111111
44	167	0.142857
45	2	0.027778
45	13	0.025641
45	18	0.031250
45	23	0.038462
45	28	0.052632
45	34	0.045455
45	37	0.071429
45	49	0.050000
45	56	0.058824
45	58	0.076923
45	66	0.090909
45	75	0.090909
45	94	0.090909
45	97	0.125000
45	112	0.125000
45	130	0.142857
45	154	0.125000
45	157	0.142857
46	6	0.035714
46	8	0.017241
46	11	0.027027
46	19	0.029412
46	23	0.038462
46	32	0.040000
46	34	0.045455
46	122	0.142857
46	134	0.125000
46	145	0.111111
47	0	0.017857
47	9	0.021277
47	13	0.025641
47	21	0.083333
47	30	0.041667
47	36	0.062500
47	40	0.050000
47	77	0.100000
47	78	0.111111
47	138	0.142857
47	139	0.142857
47	164	0.142857
48	1	0.033333
48	13	0.025641
48	15	0.045455
48	18	0.031250
48	19	0.029412
48	21	0.083333
48	32	0.040000
48	72	0.090909
48	73	0.083333
48	119	0.083333
48	128	0.125000
48	130	0.142857
48	161	0.142857
48	175	0.142857
49	13	0.025641
49	14	0.022222
49	15	0.045455
49	19	0.029412
49	37	0.071429
49	40	0.050000
49	45	0.055556
49	67	0.055556
49	69	0.100000
49	82	0.142857
49	83	0.090909
49	121	0.125000
49	124	0.125000
49	126	0.111111
49	134	0.125000
49	137	0.142857
49	151	0.142857
49	160	0.142857
49	164	0.142857
49	171	0.142857
50	2	0.027778
50	9	0.021277
50	10	0.022727
50	15	0.045455
50	17	0.038462
50	27	0.038462
50	37	0.071429
50	74	0.100000
50	85	0.062500
50	96	0.090909
50	113	0.125000
50	131	0.142857
51	3	0.047619
51	10	0.022727
51	25	0.071429
51	27	0.038462
51	29	0.050000
51	30	0.041667
51	41	0.038462
51	53	0.100000
51	156	0.125000
51	175	0.142857
52	2	0.027778
52	8	0.017241
52	14	0.022222
52	18	0.031250
52	23	0.038462
52	24	0.038462
52	41	0.038462
52	56	0.058824
52	88	0.066667
52	148	0.142857
52	165	0.142857
53	3	0.047619
53	9	0.021277
53	15	0.045455
53	16	0.030303
53	40	0.050000
53	44	0.100000
53	51	0.100000
53	55	0.071429
53	71	0.062500
53	140	0.142857
54	0	0.017857
54	6	0.035714
54	8	0.017241
54	12	0.033333
54	14	0.022222
54	16	0.030303
54	20	0.043478
54	66	0.090909
54	75	0.090909
54	76	0.083333
54	78	0.111111
54	80	0.090909
54	108	0.125000
54	123	0.100000
54	126	0.111111
54	132	0.142857
54	148	0.142857
54	156	0.125000
54	171	0.142857
54	177	0.142857
55	0	0.017857
55	2	0.027778
55	8	0.017241
55	21	0.083333
55	29	0.050000
55	36	0.062500
55	53	0.100000
55	56	0.058824
55	71	0.062500
55	108	0.125000
55	118	0.125000
55	159	0.142857
55	166	0.142857
55	170	0.125000
56	1	0.033333
56	3	0.047619
56	9	0.021277
56	30	0.041667
56	45	0.055556
56	52	0.090909
56	55	0.071429
56	62	0.066667
56	86	0.125000
56	90	0.090909
56	92	0.090909
56	130	0.142857
56	132	0.142857
56	137	0.142857
56	148	0.142857
56	169	0.142857
56	172	0.142857
57	9	0.021277
57	10	0.022727
57	12	0.033333
57	19	0.029412
57	34	0.045455
57	37	0.071429
57	40	0.050000
57	70	0.111111
57	73	0.083333
57	81	0.100000
57	110	0.111111
57	125	0.125000
57	169	0.142857
57	176	0.125000
58	8	0.017241
58	12	0.033333
58	17	0.038462
58	22	0.038462
58	29	0.050000
58	37	0.071429
58	45	0.055556
58	81	0.100000
58	85	0.062500
58	91	0.090909
58	111	0.142857
58	141	0.111111
58	163	0.142857
59	5	0.055556
59	8	0.017241
59	14	0.022222
59	22	0.038462
59	29	0.050000
59	32	0.040000
59	33	0.047619
59	65	0.111111
59	77	0.100000
59	79	0.071429
59	118	0.125000
60	0	0.017857
60	7	0.038462
60	8	0.017241
60	10	0.022727
60	13	0.025641
60	20	0.043478
60	27	0.038462
60	61	0.083333
60	66	0.090909
60	90	0.090909
60	102	0.100000
60	110	0.111111
60	143	0.142857
60	153	0.142857
60	158	0.142857
60	164	0.142857
60	166	0.142857
61	2	0.027778
61	10	0.022727
61	14	0.022222
61	17	0.038462
61	19	0.029412
61	43	0.083333
61	60	0.058824
61	69	0.100000
61	79	0.071429
61	94	0.090909
61	96	0.090909
61	123	0.100000
62	5	0.055556
62	6	0.035714
62	9	0.021277
62	19	0.029412
62	21	0.083333
62	33	0.047619
62	56	0.058824
62	63	0.083333
62	78	0.111111
62	92	0.090909
62	93	0.125000
62	102	0.100000
62	107	0.071429
62	114	0.125000
62	165	0.142857
63	6	0.035714
63	9	0.021277
63	12	0.033333
63	16	0.030303
63	36	0.062500
63	40	0.050000
63	62	0.066667
63	64	0.090909
63	86	0.125000
63	95	0.090909
63	118	0.125000
63	166	0.142857
64	6	0.035714
64	10	0.022727
64	16	0.030303
64	20	0.043478
64	41	0.038462
64	42	0.090909
64	63	0.083333
64	115	0.125000
64	138	0.142857
64	141	0.111111
64	159	0.142857
65	2	0.027778
65	11	0.027027
65	14	0.022222
65	16	0.030303
65	22	0.038462
65	30	0.041667
65	59	0.090909
65	80	0.090909
65	156	0.125000
66	0	0.017857
66	9	0.021277
66	24	0.038462
66	39	0.055556
66	45	0.055556
66	54	0.050000
66	60	0.058824
66	85	0.062500
66	90	0.090909
66	121	0.125000
66	165	0.142857
67	0	0.017857
67	11	0.027027
67	17	0.038462
67	32	0.040000
67	36	0.062500
67	40	0.050000
67	49	0.050000
67	68	0.071429
67	81	0.100000
67	84	0.111111
67	109	0.111111
67	123	0.100000
67	140	0.142857
67	151	0.142857
67	155	0.125000
67	161	0.142857
67	162	0.142857
67	169	0.142857
68	1	0.033333
68	3	0.047619
68	6	0.035714
68	9	0.021277
68	11	0.027027
68	16	0.030303
68	67	0.055556
68	69	0.100000
68	95	0.090909
68	97	0.125000
68	107	0.071429
68	110	0.111111
68	129	0.111111
68	137	0.142857
69	0	0.017857
69	9	0.021277
69	12	0.033333
69	16	0.030303
69	49	0.050000
69	61	0.083333
69	68	0.071429
69	116	0.142857
69	138	0.142857
69	147	0.142857
70	10	0.022727
70	11	0.027027
70	16	0.030303
70	19	0.029412
70	20	0.043478
70	25	0.071429
70	57	0.071429
70	122	0.142857
70	174	0.142857
71	8	0.017241
71	14	0.022222
71	18	0.031250
71	29	0.050000
71	41	0.038462
71	53	0.100000
71	55	0.071429
71	76	0.083333
71	89	0.125000
71	115	0.125000
71	124	0.125000
71	127	0.100000
71	135	0.142857
71	137	0.142857
71	159	0.142857
71	174	0.142857
72	8	0.017241
72	9	0.021277
72	19	0.029412
72	27	0.038462
72	33	0.047619
72	41	0.038462
72	48	0.071429
72	109	0.111111
72	120	0.125000
72	122	0.142857
72	158	0.142857
73	7	0.038462
73	22	0.038462
73	29	0.050000
73	39	0.055556
73	41	0.038462
73	48	0.071429
73	57	0.071429
73	76	0.083333
73	95	0.090909
73	97	0.125000
73	150	0.142857
73	167	0.142857
74	2	0.027778
74	8	0.017241
74	13	0.025641
74	20	0.043478
74	22	0.038462
74	38	0.100000
74	50	0.083333
74	92	0.090909
74	95	0.090909
74	103	0.111111
75	0	0.017857
75	1	0.033333
75	2	0.027778
75	10	0.022727
75	13	0.025641
75	45	0.055556
75	54	0.050000
75	99	0.083333
75	101	0.111111
75	141	0.111111
75	148	0.142857
76	1	0.033333
76	8	0.017241
76	9	0.021277
76	10	0.022727
76	54	0.050000
76	71	0.062500
76	73	0.083333
76	84	0.111111
76	91	0.090909
76	102	0.100000
76	141	0.111111
76	178	0.142857
77	1	0.033333
77	2	0.027778
77	8	0.017241
77	14	0.022222
77	34	0.045455
77	47	0.083333
77	59	0.090909
77	88	0.066667
77	100	0.142857
77	109	0.111111
78	0	0.017857
78	22	0.038462
78	25	0.071429
78	34	0.045455
78	47	0.083333
78	54	0.050000
78	62	0.066667
78	134	0.125000
78	140	0.142857
79	0	0.017857
79	11	0.027027
79	19	0.029412
79	31	0.083333
79	39	0.055556
79	59	0.090909
79	61	0.083333
79	87	0.125000
79	105	0.142857
79	127	0.100000
79	131	0.142857
79	140	0.142857
79	146	0.111111
79	149	0.125000
80	6	0.035714
80	16	0.030303
80	18	0.031250
80	19	0.029412
80	39	0.055556
80	54	0.050000
80	65	0.111111
80	114	0.125000
80	120	0.125000
80	124	0.125000
80	144	0.125000
81	3	0.047619
81	14	0.022222
81	33	0.047619
81	34	0.045455
81	57	0.071429
81	58	0.076923
81	67	0.055556
81	157	0.142857
81	164	0.142857
81	170	0.125000
82	1	0.033333
82	7	0.038462
82	13	0.025641
82	26	0.055556
82	27	0.038462
82	43	0.083333
82	49	0.050000
83	3	0.047619
83	9	0.021277
83	13	0.025641
83	20	0.043478
83	30	0.041667
83	38	0.100000
83	49	0.050000
83	111	0.142857
83	117	0.100000
83	136	0.125000
83	174	0.142857
84	11	0.027027
84	18	0.031250
84	27	0.038462
84	29	0.050000
84	43	0.083333
84	67	0.055556
84	76	0.083333
84	117	0.100000
84	155	0.125000
85	10	0.022727
85	12	0.033333
85	28	0.052632
85	41	0.038462
85	50	0.083333
85	58	0.076923
85	66	0.090909
85	92	0.090909
85	96	0.090909
85	100	0.142857
85	107	0.071429
85	108	0.125000
85	120	0.125000
85	125	0.125000
85	144	0.125000
85	157	0.142857
86	1	0.033333
86	11	0.027027
86	18	0.031250
86	19	0.029412
86	29	0.050000
86	56	0.058824
86	63	0.083333
86	105	0.142857
87	5	0.055556
87	9	0.021277
87	12	0.033333
87	14	0.022222
87	19	0.029412
87	24	0.038462
87	79	0.071429
87	162	0.142857
88	0	0.017857
88	3	0.047619
88	8	0.017241
88	14	0.022222
88	39	0.055556
88	52	0.090909
88	77	0.100000
88	89	0.125000
88	104	0.111111
88	118	0.125000
88	131	0.142857
88	144	0.125000
88	158	0.142857
88	171	0.142857
88	174	0.142857
89	5	0.055556
89	8	0.017241
89	12	0.033333
89	25	0.071429
89	30	0.041667
89	71	0.062500
89	88	0.066667
89	169	0.142857
90	11	0.027027
90	17	0.038462
90	26	0.055556
90	39	0.055556
90	56	0.058824
90	60	0.058824
90	66	0.090909
90	111	0.142857
90	112	0.125000
90	133	0.111111
90	173	0.142857
91	7	0.038462
91	12	0.033333
91	13	0.025641
91	27	0.038462
91	41	0.038462
91	58	0.076923
91	76	0.083333
91	126	0.111111
91	159	0.142857
91	160	0.142857
91	176	0.125000
92	8	0.017241
92	9	0.021277
92	10	0.022727
92	56	0.058824
92	62	0.066667
92	74	0.100000
92	85	0.062500
92	117	0.100000
92	138	0.142857
92	156	0.125000
92	175	0.142857
93	0	0.017857
93	8	0.017241
93	9	0.021277
93	17	0.038462
93	32	0.040000
93	33	0.047619
93	62	0.066667
93	110	0.111111
94	3	0.047619
94	8	0.017241
94	9	0.021277
94	13	0.025641
94	23	0.038462
94	45	0.055556
94	61	0.083333
94	97	0.125000
94	104	0.111111
94	115	0.125000
94	144	0.125000
95	13	0.025641
95	20	0.043478
95	30	0.041667
95	63	0.083333
95	68	0.071429
95	73	0.083333
95	74	0.100000
95	106	0.111111
95	116	0.142857
95	142	0.111111
95	147	0.142857
96	16	0.030303
96	19	0.029412
96	24	0.038462
96	39	0.055556
96	50	0.083333
96	61	0.083333
96	85	0.062500
96	129	0.111111
96	153	0.142857
96	156	0.125000
96	169	0.142857
97	2	0.027778
97	19	0.029412
97	33	0.047619
97	45	0.055556
97	68	0.071429
97	73	0.083333
97	94	0.090909
97	110	0.111111
98	2	0.027778
98	7	0.038462
98	11	0.027027
98	12	0.033333
98	13	0.025641
98	27	0.038462
98	28	0.052632
98	124	0.125000
98	170	0.125000
99	8	0.017241
99	13	0.025641
99	18	0.031250
99	23	0.038462
99	35	0.100000
99	40	0.050000
99	75	0.090909
99	103	0.111111
99	108	0.125000
99	138	0.142857
99	166	0.142857
99	173	0.142857
100	12	0.033333
100	18	0.031250
100	19	0.029412
100	30	0.041667
100	32	0.040000
100	77	0.100000
100	85	0.062500
101	8	0.017241
101	14	0.022222
101	23	0.038462
101	24	0.038462
101	25	0.071429
101	36	0.062500
101	75	0.090909
101	115	0.125000
101	125	0.125000
102	7	0.038462
102	9	0.021277
102	14	0.022222
102	30	0.041667
102	60	0.058824
102	62	0.066667
102	76	0.083333
102	118	0.125000
102	158	0.142857
102	176	0.125000
103	1	0.033333
103	2	0.027778
103	10	0.022727
103	15	0.045455
103	28	0.052632
103	74	0.100000
103	99	0.083333
103	159	0.142857
103	162	0.142857
104	0	0.017857
104	2	0.027778
104	16	0.030303
104	19	0.029412
104	24	0.038462
104	88	0.066667
104	94	0.090909
104	123	0.100000
104	125	0.125000
105	0	0.017857
105	1	0.033333
105	11	0.027027
105	23	0.038462
105	26	0.055556
105	79	0.071429
105	86	0.125000
106	0	0.017857
106	6	0.035714
106	13	0.025641
106	14	0.022222
106	24	0.038462
106	29	0.050000
106	95	0.090909
106	113	0.125000
106	139	0.142857
107	8	0.017241
107	18	0.031250
107	22	0.038462
107	32	0.040000
107	62	0.066667
107	68	0.071429
107	85	0.062500
107	111	0.142857
107	114	0.125000
107	129	0.111111
107	133	0.111111
107	147	0.142857
107	162	0.142857
107	173	0.142857
108	0	0.017857
108	14	0.022222
108	37	0.071429
108	54	0.050000
108	55	0.071429
108	85	0.062500
108	99	0.083333
108	130	0.142857
109	6	0.035714
109	9	0.021277
109	13	0.025641
109	24	0.038462
109	67	0.055556
109	72	0.090909
109	77	0.100000
109	132	0.142857
109	168	0.142857
110	10	0.022727
110	18	0.031250
110	57	0.071429
110	60	0.058824
110	68	0.071429
110	93	0.125000
110	97	0.125000
110	129	0.111111
110	149	0.125000
111	9	0.021277
111	10	0.022727
111	12	0.033333
111	58	0.076923
111	83	0.090909
111	90	0.090909
111	107	0.071429
112	12	0.033333
112	14	0.022222
112	33	0.047619
112	34	0.045455
112	39	0.055556
112	45	0.055556
112	90	0.090909
112	113	0.125000
113	10	0.022727
113	12	0.033333
113	24	0.038462
113	27	0.038462
113	50	0.083333
113	106	0.111111
113	112	0.125000
113	177	0.142857
114	1	0.033333
114	22	0.038462
114	34	0.045455
114	40	0.050000
114	62	0.066667
114	80	0.090909
114	107	0.071429
114	170	0.125000
115	14	0.022222
115	16	0.030303
115	32	0.040000
115	64	0.090909
115	71	0.062500
115	94	0.090909
115	101	0.111111
115	172	0.142857
116	0	0.017857
116	2	0.027778
116	3	0.047619
116	17	0.038462
116	31	0.083333
116	69	0.100000
116	95	0.090909
117	12	0.033333
117	22	0.038462
117	33	0.047619
117	43	0.083333
117	83	0.090909
117	84	0.111111
117	92	0.090909
117	135	0.142857
117	143	0.142857
117	161	0.142857
118	8	0.017241
118	14	0.022222
118	55	0.071429
118	59	0.090909
118	63	0.083333
118	88	0.066667
118	102	0.100000
118	128	0.125000
119	8	0.017241
119	10	0.022727
119	22	0.038462
119	28	0.052632
119	39	0.055556
119	40	0.050000
119	48	0.071429
119	126	0.111111
119	133	0.111111
119	143	0.142857
119	154	0.125000
119	167	0.142857
120	0	0.017857
120	14	0.022222
120	20	0.043478
120	27	0.038462
120	72	0.090909
120	80	0.090909
120	85	0.062500
120	150	0.142857
121	0	0.017857
121	11	0.027027
121	14	0.022222
121	17	0.038462
121	29	0.050000
121	49	0.050000
121	66	0.090909
121	174	0.142857
122	11	0.027027
122	14	0.022222
122	15	0.045455
122	20	0.043478
122	46	0.100000
122	70	0.111111
122	72	0.090909
123	0	0.017857
123	16	0.030303
123	34	0.045455
123	54	0.050000
123	61	0.083333
123	67	0.055556
123	104	0.111111
123	145	0.111111
123	167	0.142857
123	174	0.142857
124	21	0.083333
124	25	0.071429
124	32	0.040000
124	49	0.050000
124	71	0.062500
124	80	0.090909
124	98	0.111111
124	156	0.125000
125	14	0.022222
125	20	0.043478
125	36	0.062500
125	57	0.071429
125	85	0.062500
125	101	0.111111
125	104	0.111111
125	175	0.142857
126	0	0.017857
126	10	0.022727
126	43	0.083333
126	49	0.050000
126	54	0.050000
126	91	0.090909
126	119	0.083333
126	149	0.125000
126	171	0.142857
127	9	0.021277
127	11	0.027027
127	14	0.022222
127	36	0.062500
127	42	0.090909
127	71	0.062500
127	79	0.071429
127	141	0.111111
127	149	0.125000
127	177	0.142857
128	0	0.017857
128	26	0.055556
128	28	0.052632
128	30	0.041667
128	41	0.038462
128	48	0.071429
128	118	0.125000
128	141	0.111111
129	2	0.027778
129	11	0.027027
129	12	0.033333
129	68	0.071429
129	96	0.090909
129	107	0.071429
129	110	0.111111
129	146	0.111111
129	165	0.142857
130	1	0.033333
130	26	0.055556
130	41	0.038462
130	45	0.055556
130	48	0.071429
130	56	0.058824
130	108	0.125000
131	0	0.017857
131	3	0.047619
131	32	0.040000
131	40	0.050000
131	50	0.083333
131	79	0.071429
131	88	0.066667
132	0	0.017857
132	9	0.021277
132	27	0.038462
132	33	0.047619
132	54	0.050000
132	56	0.058824
132	109	0.111111
133	1	0.033333
133	2	0.027778
133	8	0.017241
133	24	0.038462
133	90	0.090909
133	107	0.071429
133	119	0.083333
133	157	0.142857
133	172	0.142857
134	9	0.021277
134	10	0.022727
134	19	0.029412
134	41	0.038462
134	46	0.100000
134	49	0.050000
134	78	0.111111
134	169	0.142857
135	1	0.033333
135	8	0.017241
135	10	0.022727
135	40	0.050000
135	41	0.038462
135	71	0.062500
135	117	0.100000
136	6	0.035714
136	12	0.033333
136	13	0.025641
136	16	0.030303
136	27	0.038462
136	31	0.083333
136	83	0.090909
136	153	0.142857
137	16	0.030303
137	17	0.038462
137	26	0.055556
137	49	0.050000
137	56	0.058824
137	68	0.071429
137	71	0.062500
138	3	0.047619
138	17	0.038462
138	47	0.083333
138	64	0.090909
138	69	0.100000
138	92	0.090909
138	99	0.083333
139	0	0.017857
139	14	0.022222
139	24	0.038462
139	34	0.045455
139	41	0.038462
139	47	0.083333
139	106	0.111111
140	4	0.166667
140	6	0.035714
140	30	0.041667
140	53	0.100000
140	67	0.055556
140	78	0.111111
140	79	0.071429
141	17	0.038462
141	58	0.076923
141	64	0.090909
141	75	0.090909
141	76	0.083333
141	127	0.100000
141	128	0.125000
141	154	0.125000
141	175	0.142857
142	0	0.017857
142	6	0.035714
142	7	0.038462
142	12	0.033333
142	35	0.100000
142	42	0.090909
142	95	0.090909
142	155	0.125000
142	169	0.142857
143	7	0.038462
143	16	0.030303
143	32	0.040000
143	34	0.045455
143	60	0.058824
143	117	0.100000
143	119	0.083333
144	10	0.022727
144	26	0.055556
144	32	0.040000
144	80	0.090909
144	85	0.062500
144	88	0.066667
144	94	0.090909
144	167	0.142857
145	5	0.055556
145	7	0.038462
145	22	0.038462
145	23	0.038462
145	34	0.045455
145	46	0.100000
145	123	0.100000
145	152	0.125000
145	159	0.142857
146	5	0.055556
146	6	0.035714
146	14	0.022222
146	28	0.052632
146	44	0.100000
146	79	0.071429
146	129	0.111111
146	155	0.125000
146	178	0.142857
147	6	0.035714
147	18	0.031250
147	38	0.100000
147	42	0.090909
147	69	0.100000
147	95	0.090909
147	107	0.071429
148	12	0.033333
148	18	0.031250
148	19	0.029412
148	52	0.090909
148	54	0.050000
148	56	0.058824
148	75	0.090909
149	8	0.017241
149	22	0.038462
149	32	0.040000
149	79	0.071429
149	110	0.111111
149	126	0.111111
149	127	0.100000
149	158	0.142857
150	7	0.038462
150	12	0.033333
150	24	0.038462
150	30	0.041667
150	33	0.047619
150	73	0.083333
150	120	0.125000
151	8	0.017241
151	13	0.025641
151	14	0.022222
151	28	0.052632
151	40	0.050000
151	49	0.050000
151	67	0.055556
152	1	0.033333
152	8	0.017241
152	15	0.045455
152	18	0.031250
152	23	0.038462
152	34	0.045455
152	145	0.111111
152	171	0.142857
153	20	0.043478
153	23	0.038462
153	27	0.038462
153	33	0.047619
153	60	0.058824
153	96	0.090909
153	136	0.125000
154	10	0.022727
154	13	0.025641
154	32	0.040000
154	41	0.038462
154	45	0.055556
154	119	0.083333
154	141	0.111111
154	165	0.142857
155	14	0.022222
155	24	0.038462
155	41	0.038462
155	67	0.055556
155	84	0.111111
155	142	0.111111
155	146	0.111111
155	176	0.125000
156	30	0.041667
156	51	0.100000
156	54	0.050000
156	65	0.111111
156	92	0.090909
156	96	0.090909
156	124	0.125000
156	178	0.142857
157	2	0.027778
157	13	0.025641
157	16	0.030303
157	45	0.055556
157	81	0.100000
157	85	0.062500
157	133	0.111111
158	20	0.043478
158	23	0.038462
158	60	0.058824
158	72	0.090909
158	88	0.066667
158	102	0.100000
158	149	0.125000
159	8	0.017241
159	55	0.071429
159	64	0.090909
159	71	0.062500
159	91	0.090909
159	103	0.111111
159	145	0.111111
160	9	0.021277
160	11	0.027027
160	27	0.038462
160	29	0.050000
160	30	0.041667
160	49	0.050000
160	91	0.090909
161	8	0.017241
161	14	0.022222
161	19	0.029412
161	35	0.100000
161	48	0.071429
161	67	0.055556
161	117	0.100000
162	11	0.027027
162	17	0.038462
162	39	0.055556
162	67	0.055556
162	87	0.125000
162	103	0.111111
162	107	0.071429
163	8	0.017241
163	15	0.045455
163	26	0.055556
163	27	0.038462
163	30	0.041667
163	33	0.047619
163	58	0.076923
164	8	0.017241
164	23	0.038462
164	32	0.040000
164	47	0.083333
164	49	0.050000
164	60	0.058824
164	81	0.100000
165	11	0.027027
165	14	0.022222
165	52	0.090909
165	62	0.066667
165	66	0.090909
165	129	0.111111
165	154	0.125000
166	8	0.017241
166	14	0.022222
166	15	0.045455
166	55	0.071429
166	60	0.058824
166	63	0.083333
166	99	0.083333
167	0	0.017857
167	18	0.031250
167	44	0.100000
167	73	0.083333
167	119	0.083333
167	123	0.100000
167	144	0.125000
168	1	0.033333
168	2	0.027778
168	8	0.017241
168	22	0.038462
168	27	0.038462
168	41	0.038462
168	109	0.111111
169	56	0.058824
169	57	0.071429
169	67	0.055556
169	89	0.125000
169	96	0.090909
169	134	0.125000
169	142	0.111111
170	3	0.047619
170	10	0.022727
170	19	0.029412
170	55	0.071429
170	81	0.100000
170	98	0.111111
170	114	0.125000
170	173	0.142857
171	24	0.038462
171	41	0.038462
171	49	0.050000
171	54	0.050000
171	88	0.066667
171	126	0.111111
171	152	0.125000
172	7	0.038462
172	11	0.027027
172	24	0.038462
172	34	0.045455
172	56	0.058824
172	115	0.125000
172	133	0.111111
173	22	0.038462
173	27	0.038462
173	41	0.038462
173	90	0.090909
173	99	0.083333
173	107	0.071429
173	170	0.125000
174	24	0.038462
174	70	0.111111
174	71	0.062500
174	83	0.090909
174	88	0.066667
174	121	0.125000
174	123	0.100000
175	5	0.055556
175	22	0.038462
175	48	0.071429
175	51	0.100000
175	92	0.090909
175	125	0.125000
175	141	0.111111
176	9	0.021277
176	23	0.038462
176	28	0.052632
176	57	0.071429
176	91	0.090909
176	102	0.100000
176	155	0.125000
176	177	0.142857
177	15	0.045455
177	16	0.030303
177	32	0.040000
177	54	0.050000
177	113	0.125000
177	127	0.100000
177	176	0.125000
178	2	0.027778
178	10	0.022727
178	31	0.083333
178	32	0.040000
178	76	0.083333
178	146	0.111111
178	156	0.125000
