121	936
0	4	0.029412
0	5	0.033333
0	11	0.055556
0	18	0.111111
0	20	0.100000
0	27	0.142857
0	30	0.125000
0	31	0.100000
0	37	0.166667
0	43	0.200000
0	50	0.200000
0	51	0.200000
0	52	0.142857
0	54	0.200000
0	59	0.200000
0	61	0.166667
0	62	0.200000
0	79	0.200000
0	90	0.200000
0	92	0.200000
0	109	0.250000
0	114	0.200000
1	4	0.029412
1	6	0.050000
1	7	0.052632
1	8	0.062500
1	10	0.100000
1	11	0.055556
1	14	0.111111
1	15	0.083333
1	20	0.100000
1	25	0.111111
1	26	0.125000
1	29	0.250000
1	30	0.125000
1	32	0.166667
1	36	0.125000
1	38	0.111111
1	39	0.250000
1	41	0.111111
1	44	0.200000
1	57	0.166667
1	61	0.166667
1	63	0.200000
1	65	0.166667
1	67	0.200000
1	68	0.200000
1	71	0.200000
1	80	0.200000
1	82	0.200000
1	83	0.142857
1	85	0.200000
1	94	0.250000
1	98	0.200000
1	100	0.250000
1	101	0.250000
1	107	0.250000
1	115	0.250000
2	4	0.029412
2	5	0.033333
2	7	0.052632
2	9	0.032258
2	11	0.055556
2	12	0.142857
2	13	0.058824
2	18	0.111111
2	21	0.083333
2	23	0.125000
2	31	0.100000
2	46	0.142857
2	57	0.166667
2	85	0.200000
2	99	0.250000
2	101	0.250000
2	107	0.250000
3	4	0.029412
3	5	0.033333
3	6	0.050000
3	7	0.052632
3	8	0.062500
3	9	0.032258
3	28	0.200000
3	31	0.100000
3	38	0.111111
3	45	0.166667
3	59	0.200000
3	67	0.200000
3	70	0.250000
3	88	0.166667
3	93	0.250000
4	0	0.045455
4	1	0.027778
4	2	0.058824
4	3	0.066667
4	5	0.033333
4	6	0.050000
4	7	0.052632
4	8	0.062500
4	9	0.032258
4	11	0.055556
4	13	0.058824
4	14	0.111111
4	15	0.083333
4	16	0.041667
4	19	0.062500
4	24	0.166667
4	25	0.111111
4	26	0.125000
4	27	0.142857
4	33	0.100000
4	35	0.166667
4	45	0.166667
4	48	0.200000
4	53	0.142857
4	55	0.250000
4	61	0.166667
4	72	0.200000
4	88	0.166667
4	94	0.250000
4	99	0.250000
4	103	0.250000
4	108	0.250000
4	112	0.200000
4	120	0.250000
5	0	0.045455
5	2	0.058824
5	3	0.066667
5	4	0.029412
5	6	0.050000
5	10	0.100000
5	12	0.142857
5	16	0.041667
5	18	0.111111
5	19	0.062500
5	21	0.083333
5	22	0.100000
5	26	0.125000
5	28	0.200000
5	32	0.166667
5	33	0.100000
5	45	0.166667
5	49	0.166667
5	58	0.166667
5	60	0.142857
5	63	0.200000
5	69	0.200000
5	71	0.200000
5	72	0.200000
5	98	0.200000
5	105	0.200000
5	110	0.250000
5	112	0.200000
5	113	0.250000
5	118	0.250000
6	1	0.027778
6	3	0.066667
6	4	0.029412
6	5	0.033333
6	8	0.062500
6	10	0.100000
6	12	0.142857
6	25	0.111111
6	35	0.166667
6	36	0.125000
6	37	0.166667
6	38	0.111111
6	74	0.250000
6	76	0.250000
6	77	0.250000
6	79	0.200000
6	86	0.250000
6	89	0.250000
6	101	0.250000
6	111	0.250000
7	1	0.027778
7	2	0.058824
7	3	0.066667
7	4	0.029412
7	9	0.032258
7	12	0.142857
7	14	0.111111
7	15	0.083333
7	17	0.083333
7	18	0.111111
7	20	0.100000
7	23	0.125000
7	24	0.166667
7	26	0.125000
7	27	0.142857
7	34	0.111111
7	44	0.200000
7	67	0.200000
7	92	0.200000
8	1	0.027778
8	3	0.066667
8	4	0.029412
8	6	0.050000
8	10	0.100000
8	24	0.166667
8	33	0.100000
8	34	0.111111
8	48	0.200000
8	49	0.166667
8	71	0.200000
8	78	0.250000
8	89	0.250000
8	91	0.200000
8	98	0.200000
8	102	0.250000
9	2	0.058824
9	3	0.066667
9	4	0.029412
9	7	0.052632
9	13	0.058824
9	17	0.083333
9	27	0.142857
9	28	0.200000
9	31	0.100000
9	32	0.166667
9	33	0.100000
9	34	0.111111
9	39	0.250000
9	40	0.166667
9	42	0.200000
9	46	0.142857
9	47	0.100000
9	49	0.166667
9	52	0.142857
9	53	0.142857
9	59	0.200000
9	66	0.142857
9	78	0.250000
9	86	0.250000
9	92	0.200000
9	93	0.250000
9	95	0.250000
9	96	0.166667
9	106	0.200000
9	111	0.250000
9	116	0.200000
10	1	0.027778
10	5	0.033333
10	6	0.050000
10	8	0.062500
10	13	0.058824
10	20	0.100000
10	56	0.111111
10	78	0.250000
10	96	0.166667
10	111	0.250000
11	0	0.045455
11	1	0.027778
11	2	0.058824
11	4	0.029412
11	16	0.041667
11	22	0.100000
11	29	0.250000
11	30	0.125000
11	32	0.166667
11	35	0.166667
11	41	0.111111
11	50	0.200000
11	53	0.142857
11	57	0.166667
11	80	0.200000
11	81	0.166667
11	84	0.250000
11	110	0.250000
12	2	0.058824
12	5	0.033333
12	6	0.050000
12	7	0.052632
12	34	0.111111
12	40	0.166667
12	44	0.200000
13	2	0.058824
13	4	0.029412
13	9	0.032258
13	10	0.100000
13	14	0.111111
13	16	0.041667
13	17	0.083333
13	21	0.083333
13	22	0.100000
13	23	0.125000
13	43	0.200000
13	53	0.142857
13	73	0.200000
13	78	0.250000
13	97	0.250000
13	103	0.250000
13	112	0.200000
14	1	0.027778
14	4	0.029412
14	7	0.052632
14	13	0.058824
14	15	0.083333
14	51	0.200000
14	91	0.200000
14	100	0.250000
14	120	0.250000
15	1	0.027778
15	4	0.029412
15	7	0.052632
15	14	0.111111
15	19	0.062500
15	21	0.083333
15	52	0.142857
15	55	0.250000
15	74	0.250000
15	75	0.250000
15	88	0.166667
15	104	0.250000
16	4	0.029412
16	5	0.033333
16	11	0.055556
16	13	0.058824
16	17	0.083333
16	19	0.062500
16	23	0.125000
16	29	0.250000
16	30	0.125000
16	36	0.125000
16	42	0.200000
16	46	0.142857
16	58	0.166667
16	60	0.142857
16	63	0.200000
16	69	0.200000
16	81	0.166667
16	87	0.250000
16	93	0.250000
16	96	0.166667
16	103	0.250000
16	104	0.250000
16	105	0.200000
16	119	0.250000
17	7	0.052632
17	9	0.032258
17	13	0.058824
17	16	0.041667
17	42	0.200000
17	43	0.200000
17	64	0.250000
17	66	0.142857
17	75	0.250000
17	76	0.250000
17	95	0.250000
17	114	0.200000
18	0	0.045455
18	2	0.058824
18	5	0.033333
18	7	0.052632
18	22	0.100000
18	35	0.166667
18	40	0.166667
18	76	0.250000
18	84	0.250000
19	4	0.029412
19	5	0.033333
19	15	0.083333
19	16	0.041667
19	24	0.166667
19	29	0.250000
19	45	0.166667
19	48	0.200000
19	58	0.166667
19	60	0.142857
19	64	0.250000
19	65	0.166667
19	72	0.200000
19	75	0.250000
19	77	0.250000
19	111	0.250000
20	0	0.045455
20	1	0.027778
20	7	0.052632
20	10	0.100000
20	43	0.200000
20	55	0.250000
20	66	0.142857
20	90	0.200000
20	102	0.250000
20	119	0.250000
21	2	0.058824
21	5	0.033333
21	13	0.058824
21	15	0.083333
21	47	0.100000
21	64	0.250000
21	69	0.200000
21	74	0.250000
21	82	0.200000
21	87	0.250000
21	89	0.250000
21	118	0.250000
22	5	0.033333
22	11	0.055556
22	13	0.058824
22	18	0.111111
22	50	0.200000
22	54	0.200000
22	56	0.111111
22	84	0.250000
22	102	0.250000
22	103	0.250000
23	2	0.058824
23	7	0.052632
23	13	0.058824
23	16	0.041667
23	40	0.166667
23	62	0.200000
23	89	0.250000
23	100	0.250000
24	4	0.029412
24	7	0.052632
24	8	0.062500
24	19	0.062500
24	25	0.111111
24	99	0.250000
25	1	0.027778
25	4	0.029412
25	6	0.050000
25	24	0.166667
25	54	0.200000
25	80	0.200000
25	101	0.250000
25	107	0.250000
25	116	0.200000
26	1	0.027778
26	4	0.029412
26	5	0.033333
26	7	0.052632
26	37	0.166667
26	47	0.100000
26	70	0.250000
26	83	0.142857
27	0	0.045455
27	4	0.029412
27	7	0.052632
27	9	0.032258
27	28	0.200000
27	50	0.200000
27	104	0.250000
28	3	0.066667
28	5	0.033333
28	9	0.032258
28	27	0.142857
28	71	0.200000
29	1	0.027778
29	11	0.055556
29	16	0.041667
29	19	0.062500
30	0	0.045455
30	1	0.027778
30	11	0.055556
30	16	0.041667
30	41	0.111111
30	42	0.200000
30	51	0.200000
30	62	0.200000
31	0	0.045455
31	2	0.058824
31	3	0.066667
31	9	0.032258
31	65	0.166667
31	66	0.142857
31	68	0.200000
31	90	0.200000
31	91	0.200000
31	110	0.250000
32	1	0.027778
32	5	0.033333
32	9	0.032258
32	11	0.055556
32	64	0.250000
32	70	0.250000
33	4	0.029412
33	5	0.033333
33	8	0.062500
33	9	0.032258
33	39	0.250000
33	44	0.200000
33	65	0.166667
33	67	0.200000
33	68	0.200000
33	84	0.250000
34	7	0.052632
34	8	0.062500
34	9	0.032258
34	12	0.142857
34	36	0.125000
34	39	0.250000
34	48	0.200000
34	49	0.166667
34	59	0.200000
35	4	0.029412
35	6	0.050000
35	11	0.055556
35	18	0.111111
35	38	0.111111
35	51	0.200000
36	1	0.027778
36	6	0.050000
36	16	0.041667
36	34	0.111111
36	37	0.166667
36	58	0.166667
36	94	0.250000
36	113	0.250000
37	0	0.045455
37	6	0.050000
37	26	0.125000
37	36	0.125000
37	77	0.250000
37	110	0.250000
38	1	0.027778
38	3	0.066667
38	6	0.050000
38	35	0.166667
38	52	0.142857
38	57	0.166667
38	79	0.200000
38	87	0.250000
38	109	0.250000
39	1	0.027778
39	9	0.032258
39	33	0.100000
39	34	0.111111
40	9	0.032258
40	12	0.142857
40	18	0.111111
40	23	0.125000
40	41	0.111111
40	56	0.111111
41	1	0.027778
41	11	0.055556
41	30	0.125000
41	40	0.166667
41	46	0.142857
41	79	0.200000
41	82	0.200000
41	95	0.250000
41	112	0.200000
42	9	0.032258
42	16	0.041667
42	17	0.083333
42	30	0.125000
42	97	0.250000
43	0	0.045455
43	13	0.058824
43	17	0.083333
43	20	0.100000
43	114	0.200000
44	1	0.027778
44	7	0.052632
44	12	0.142857
44	33	0.100000
44	54	0.200000
45	3	0.066667
45	4	0.029412
45	5	0.033333
45	19	0.062500
45	47	0.100000
45	70	0.250000
46	2	0.058824
46	9	0.032258
46	16	0.041667
46	41	0.111111
46	63	0.200000
46	68	0.200000
46	86	0.250000
47	9	0.032258
47	21	0.083333
47	26	0.125000
47	45	0.166667
47	60	0.142857
47	73	0.200000
47	81	0.166667
47	82	0.200000
47	87	0.250000
47	92	0.200000
48	4	0.029412
48	8	0.062500
48	19	0.062500
48	34	0.111111
48	105	0.200000
49	5	0.033333
49	8	0.062500
49	9	0.032258
49	34	0.111111
49	61	0.166667
49	69	0.200000
50	0	0.045455
50	11	0.055556
50	22	0.100000
50	27	0.142857
50	73	0.200000
51	0	0.045455
51	14	0.111111
51	30	0.125000
51	35	0.166667
51	108	0.250000
52	0	0.045455
52	9	0.032258
52	15	0.083333
52	38	0.111111
52	55	0.250000
52	86	0.250000
52	116	0.200000
53	4	0.029412
53	9	0.032258
53	11	0.055556
53	13	0.058824
53	56	0.111111
53	83	0.142857
53	117	0.250000
54	0	0.045455
54	22	0.100000
54	25	0.111111
54	44	0.200000
54	106	0.200000
55	4	0.029412
55	15	0.083333
55	20	0.100000
55	52	0.142857
56	10	0.100000
56	22	0.100000
56	40	0.166667
56	53	0.142857
56	62	0.200000
56	80	0.200000
56	95	0.250000
56	98	0.200000
56	109	0.250000
57	1	0.027778
57	2	0.058824
57	11	0.055556
57	38	0.111111
57	81	0.166667
57	109	0.250000
58	5	0.033333
58	16	0.041667
58	19	0.062500
58	36	0.125000
58	94	0.250000
58	117	0.250000
59	0	0.045455
59	3	0.066667
59	9	0.032258
59	34	0.111111
59	117	0.250000
60	5	0.033333
60	16	0.041667
60	19	0.062500
60	47	0.100000
60	72	0.200000
60	90	0.200000
60	100	0.250000
61	0	0.045455
61	1	0.027778
61	4	0.029412
61	49	0.166667
61	77	0.250000
61	108	0.250000
62	0	0.045455
62	23	0.125000
62	30	0.125000
62	56	0.111111
62	74	0.250000
63	1	0.027778
63	5	0.033333
63	16	0.041667
63	46	0.142857
63	117	0.250000
64	17	0.083333
64	19	0.062500
64	21	0.083333
64	32	0.166667
65	1	0.027778
65	19	0.062500
65	31	0.100000
65	33	0.100000
65	97	0.250000
65	118	0.250000
66	9	0.032258
66	17	0.083333
66	20	0.100000
66	31	0.100000
66	73	0.200000
66	76	0.250000
66	99	0.250000
67	1	0.027778
67	3	0.066667
67	7	0.052632
67	33	0.100000
67	102	0.250000
68	1	0.027778
68	31	0.100000
68	33	0.100000
68	46	0.142857
68	85	0.200000
69	5	0.033333
69	16	0.041667
69	21	0.083333
69	49	0.166667
69	75	0.250000
70	3	0.066667
70	26	0.125000
70	32	0.166667
70	45	0.166667
71	1	0.027778
71	5	0.033333
71	8	0.062500
71	28	0.200000
71	106	0.200000
72	4	0.029412
72	5	0.033333
72	19	0.062500
72	60	0.142857
72	115	0.250000
73	13	0.058824
73	47	0.100000
73	50	0.200000
73	66	0.142857
73	83	0.142857
74	6	0.050000
74	15	0.083333
74	21	0.083333
74	62	0.200000
75	15	0.083333
75	17	0.083333
75	19	0.062500
75	69	0.200000
76	6	0.050000
76	17	0.083333
76	18	0.111111
76	66	0.142857
77	6	0.050000
77	19	0.062500
77	37	0.166667
77	61	0.166667
78	8	0.062500
78	9	0.032258
78	10	0.100000
78	13	0.058824
79	0	0.045455
79	6	0.050000
79	38	0.111111
79	41	0.111111
79	106	0.200000
80	1	0.027778
80	11	0.055556
80	25	0.111111
80	56	0.111111
80	105	0.200000
81	11	0.055556
81	16	0.041667
81	47	0.100000
81	57	0.166667
81	88	0.166667
81	93	0.250000
82	1	0.027778
82	21	0.083333
82	41	0.111111
82	47	0.100000
82	118	0.250000
83	1	0.027778
83	26	0.125000
83	53	0.142857
83	73	0.200000
83	85	0.200000
83	115	0.250000
83	120	0.250000
84	11	0.055556
84	18	0.111111
84	22	0.100000
84	33	0.100000
85	1	0.027778
85	2	0.058824
85	68	0.200000
85	83	0.142857
85	115	0.250000
86	6	0.050000
86	9	0.032258
86	46	0.142857
86	52	0.142857
87	16	0.041667
87	21	0.083333
87	38	0.111111
87	47	0.100000
88	3	0.066667
88	4	0.029412
88	15	0.083333
88	81	0.166667
88	91	0.200000
88	120	0.250000
89	6	0.050000
89	8	0.062500
89	21	0.083333
89	23	0.125000
90	0	0.045455
90	20	0.100000
90	31	0.100000
90	60	0.142857
90	97	0.250000
91	8	0.062500
91	14	0.111111
91	31	0.100000
91	88	0.166667
91	104	0.250000
92	0	0.045455
92	7	0.052632
92	9	0.032258
92	47	0.100000
92	96	0.166667
93	3	0.066667
93	9	0.032258
93	16	0.041667
93	81	0.166667
94	1	0.027778
94	4	0.029412
94	36	0.125000
94	58	0.166667
95	9	0.032258
95	17	0.083333
95	41	0.111111
95	56	0.111111
96	9	0.032258
96	10	0.100000
96	16	0.041667
96	92	0.200000
96	108	0.250000
96	113	0.250000
97	13	0.058824
97	42	0.200000
97	65	0.166667
97	90	0.200000
98	1	0.027778
98	5	0.033333
98	8	0.062500
98	56	0.111111
98	113	0.250000
99	2	0.058824
99	4	0.029412
99	24	0.166667
99	66	0.142857
100	1	0.027778
100	14	0.111111
100	23	0.125000
100	60	0.142857
101	1	0.027778
101	2	0.058824
101	6	0.050000
101	25	0.111111
102	8	0.062500
102	20	0.100000
102	22	0.100000
102	67	0.200000
103	4	0.029412
103	13	0.058824
103	16	0.041667
103	22	0.100000
104	15	0.083333
104	16	0.041667
104	27	0.142857
104	91	0.200000
105	5	0.033333
105	16	0.041667
105	48	0.200000
105	80	0.200000
105	107	0.250000
106	9	0.032258
106	54	0.200000
106	71	0.200000
106	79	0.200000
106	114	0.200000
107	1	0.027778
107	2	0.058824
107	25	0.111111
107	105	0.200000
108	4	0.029412
108	51	0.200000
108	61	0.166667
108	96	0.166667
109	0	0.045455
109	38	0.111111
109	56	0.111111
109	57	0.166667
110	5	0.033333
110	11	0.055556
110	31	0.100000
110	37	0.166667
111	6	0.050000
111	9	0.032258
111	10	0.100000
111	19	0.062500
112	4	0.029412
112	5	0.033333
112	13	0.058824
112	41	0.111111
112	119	0.250000
113	5	0.033333
113	36	0.125000
113	96	0.166667
113	98	0.200000
114	0	0.045455
114	17	0.083333
114	43	0.200000
114	106	0.200000
114	116	0.200000
115	1	0.027778
115	72	0.200000
115	83	0.142857
115	85	0.200000
116	9	0.032258
116	25	0.111111
116	52	0.142857
116	114	0.200000
116	119	0.250000
117	53	0.142857
117	58	0.166667
117	59	0.200000
117	63	0.200000
118	5	0.033333
118	21	0.083333
118	65	0.166667
118	82	0.200000
119	16	0.041667
119	20	0.100000
119	112	0.200000
119	116	0.200000
120	4	0.029412
120	14	0.111111
120	83	0.142857
120	88	0.166667
