111	852
0	4	0.022727
0	8	0.045455
0	10	0.058824
0	12	0.062500
0	18	0.111111
0	21	0.076923
0	24	0.090909
0	33	0.142857
0	35	0.166667
0	39	0.250000
0	55	0.166667
0	57	0.250000
0	61	0.142857
0	71	0.250000
0	81	0.250000
0	86	0.250000
0	98	0.250000
0	99	0.250000
0	104	0.250000
1	4	0.022727
1	5	0.035714
1	6	0.041667
1	7	0.083333
1	8	0.045455
1	12	0.062500
1	15	0.111111
1	18	0.111111
1	20	0.125000
1	21	0.076923
1	22	0.111111
1	23	0.090909
1	28	0.166667
1	33	0.142857
1	35	0.166667
1	41	0.250000
1	42	0.125000
1	44	0.142857
1	46	0.100000
1	47	0.166667
1	48	0.125000
1	50	0.166667
1	56	0.166667
1	60	0.250000
1	64	0.250000
1	65	0.250000
1	66	0.200000
1	67	0.200000
1	69	0.250000
1	76	0.200000
1	79	0.250000
1	84	0.200000
1	85	0.200000
1	92	0.250000
1	105	0.250000
1	108	0.250000
2	4	0.022727
2	5	0.035714
2	6	0.041667
2	7	0.083333
2	8	0.045455
2	9	0.055556
2	10	0.058824
2	11	0.100000
2	13	0.083333
2	16	0.062500
2	20	0.125000
2	29	0.142857
2	33	0.142857
2	45	0.125000
2	54	0.200000
2	64	0.250000
2	69	0.250000
2	73	0.200000
2	87	0.250000
2	90	0.200000
2	94	0.250000
2	95	0.200000
2	97	0.250000
2	103	0.250000
2	105	0.250000
2	106	0.250000
3	4	0.022727
3	5	0.035714
3	6	0.041667
3	9	0.055556
3	36	0.250000
3	44	0.142857
3	54	0.200000
3	58	0.166667
3	96	0.250000
4	0	0.052632
4	1	0.027778
4	2	0.038462
4	3	0.111111
4	5	0.035714
4	6	0.041667
4	7	0.083333
4	8	0.045455
4	9	0.055556
4	10	0.058824
4	11	0.100000
4	12	0.062500
4	14	0.125000
4	15	0.111111
4	16	0.062500
4	19	0.111111
4	25	0.200000
4	28	0.166667
4	32	0.125000
4	33	0.142857
4	34	0.166667
4	36	0.250000
4	38	0.100000
4	39	0.250000
4	40	0.142857
4	41	0.250000
4	43	0.200000
4	45	0.125000
4	48	0.125000
4	49	0.111111
4	51	0.142857
4	54	0.200000
4	63	0.250000
4	67	0.200000
4	68	0.166667
4	74	0.250000
4	79	0.250000
4	81	0.250000
4	82	0.250000
4	84	0.200000
4	87	0.250000
4	91	0.200000
4	92	0.250000
4	100	0.250000
5	1	0.027778
5	2	0.038462
5	3	0.111111
5	4	0.022727
5	7	0.083333
5	10	0.058824
5	12	0.062500
5	13	0.083333
5	14	0.125000
5	18	0.111111
5	23	0.090909
5	26	0.166667
5	30	0.090909
5	31	0.200000
5	43	0.200000
5	55	0.166667
5	56	0.166667
5	57	0.250000
5	67	0.200000
5	68	0.166667
5	74	0.250000
5	76	0.200000
5	82	0.250000
5	85	0.200000
5	94	0.250000
5	102	0.250000
5	105	0.250000
5	110	0.250000
6	1	0.027778
6	2	0.038462
6	3	0.111111
6	4	0.022727
6	11	0.100000
6	13	0.083333
6	15	0.111111
6	17	0.200000
6	19	0.111111
6	22	0.111111
6	24	0.090909
6	34	0.166667
6	35	0.166667
6	37	0.142857
6	38	0.100000
6	42	0.125000
6	52	0.166667
6	58	0.166667
6	72	0.250000
6	90	0.200000
6	93	0.200000
6	98	0.250000
6	100	0.250000
6	108	0.250000
7	1	0.027778
7	2	0.038462
7	4	0.022727
7	5	0.035714
7	16	0.062500
7	19	0.111111
7	24	0.090909
7	26	0.166667
7	27	0.250000
7	40	0.142857
7	60	0.250000
7	64	0.250000
8	0	0.052632
8	1	0.027778
8	2	0.038462
8	4	0.022727
8	9	0.055556
8	13	0.083333
8	20	0.125000
8	28	0.166667
8	30	0.090909
8	32	0.125000
8	37	0.142857
8	42	0.125000
8	45	0.125000
8	47	0.166667
8	49	0.111111
8	53	0.166667
8	61	0.142857
8	70	0.200000
8	73	0.200000
8	74	0.250000
8	90	0.200000
8	99	0.250000
9	2	0.038462
9	3	0.111111
9	4	0.022727
9	8	0.045455
9	14	0.125000
9	16	0.062500
9	22	0.111111
9	25	0.200000
9	31	0.200000
9	39	0.250000
9	44	0.142857
9	65	0.250000
9	66	0.200000
9	74	0.250000
9	80	0.250000
9	101	0.250000
9	102	0.250000
9	104	0.250000
10	0	0.052632
10	2	0.038462
10	4	0.022727
10	5	0.035714
10	11	0.100000
10	14	0.125000
10	15	0.111111
10	20	0.125000
10	22	0.111111
10	26	0.166667
10	49	0.111111
10	70	0.200000
10	71	0.250000
10	88	0.250000
10	92	0.250000
10	96	0.250000
10	104	0.250000
11	2	0.038462
11	4	0.022727
11	6	0.041667
11	10	0.058824
11	17	0.200000
11	47	0.166667
11	80	0.250000
11	93	0.200000
11	97	0.250000
11	108	0.250000
12	0	0.052632
12	1	0.027778
12	4	0.022727
12	5	0.035714
12	18	0.111111
12	21	0.076923
12	27	0.250000
12	30	0.090909
12	35	0.166667
12	37	0.142857
12	53	0.166667
12	58	0.166667
12	59	0.250000
12	66	0.200000
12	84	0.200000
12	92	0.250000
13	2	0.038462
13	5	0.035714
13	6	0.041667
13	8	0.045455
13	17	0.200000
13	42	0.125000
13	47	0.166667
13	50	0.166667
13	52	0.166667
13	69	0.250000
13	91	0.200000
13	102	0.250000
14	4	0.022727
14	5	0.035714
14	9	0.055556
14	10	0.058824
14	38	0.100000
14	52	0.166667
14	85	0.200000
14	90	0.200000
15	1	0.027778
15	4	0.022727
15	6	0.041667
15	10	0.058824
15	32	0.125000
15	50	0.166667
15	67	0.200000
15	107	0.200000
15	108	0.250000
16	2	0.038462
16	4	0.022727
16	7	0.083333
16	9	0.055556
16	19	0.111111
16	23	0.090909
16	29	0.142857
16	34	0.166667
16	73	0.200000
16	79	0.250000
16	80	0.250000
16	81	0.250000
16	93	0.200000
16	94	0.250000
16	103	0.250000
16	105	0.250000
17	6	0.041667
17	11	0.100000
17	13	0.083333
17	32	0.125000
17	106	0.250000
18	0	0.052632
18	1	0.027778
18	5	0.035714
18	12	0.062500
18	21	0.076923
18	27	0.250000
18	46	0.100000
18	59	0.250000
18	96	0.250000
19	4	0.022727
19	6	0.041667
19	7	0.083333
19	16	0.062500
19	25	0.200000
19	30	0.090909
19	37	0.142857
19	51	0.142857
19	76	0.200000
20	1	0.027778
20	2	0.038462
20	8	0.045455
20	10	0.058824
20	27	0.250000
20	36	0.250000
20	52	0.166667
20	88	0.250000
21	0	0.052632
21	1	0.027778
21	12	0.062500
21	18	0.111111
21	23	0.090909
21	24	0.090909
21	25	0.200000
21	38	0.100000
21	41	0.250000
21	60	0.250000
21	63	0.250000
21	75	0.142857
21	110	0.250000
22	1	0.027778
22	6	0.041667
22	9	0.055556
22	10	0.058824
22	31	0.200000
22	36	0.250000
22	45	0.125000
22	49	0.111111
22	73	0.200000
23	1	0.027778
23	5	0.035714
23	16	0.062500
23	21	0.076923
23	29	0.142857
23	53	0.166667
23	62	0.166667
23	63	0.250000
23	64	0.250000
23	83	0.250000
23	103	0.250000
24	0	0.052632
24	6	0.041667
24	7	0.083333
24	21	0.076923
24	26	0.166667
24	28	0.166667
24	29	0.142857
24	31	0.200000
24	46	0.100000
24	60	0.250000
24	77	0.250000
25	4	0.022727
25	9	0.055556
25	19	0.111111
25	21	0.076923
25	43	0.200000
26	5	0.035714
26	7	0.083333
26	10	0.058824
26	24	0.090909
26	46	0.100000
26	56	0.166667
27	7	0.083333
27	12	0.062500
27	18	0.111111
27	20	0.125000
28	1	0.027778
28	4	0.022727
28	8	0.045455
28	24	0.090909
28	34	0.166667
28	75	0.142857
29	2	0.038462
29	16	0.062500
29	23	0.090909
29	24	0.090909
29	43	0.200000
29	72	0.250000
29	106	0.250000
30	5	0.035714
30	8	0.045455
30	12	0.062500
30	19	0.111111
30	51	0.142857
30	58	0.166667
30	65	0.250000
30	77	0.250000
30	82	0.250000
30	96	0.250000
30	107	0.200000
31	5	0.035714
31	9	0.055556
31	22	0.111111
31	24	0.090909
31	87	0.250000
32	4	0.022727
32	8	0.045455
32	15	0.111111
32	17	0.200000
32	41	0.250000
32	53	0.166667
32	55	0.166667
32	109	0.250000
33	0	0.052632
33	1	0.027778
33	2	0.038462
33	4	0.022727
33	54	0.200000
33	97	0.250000
33	103	0.250000
34	4	0.022727
34	6	0.041667
34	16	0.062500
34	28	0.166667
34	40	0.142857
34	75	0.142857
35	0	0.052632
35	1	0.027778
35	6	0.041667
35	12	0.062500
35	39	0.250000
35	59	0.250000
36	3	0.111111
36	4	0.022727
36	20	0.125000
36	22	0.111111
37	6	0.041667
37	8	0.045455
37	12	0.062500
37	19	0.111111
37	48	0.125000
37	83	0.250000
37	86	0.250000
38	4	0.022727
38	6	0.041667
38	14	0.125000
38	21	0.076923
38	40	0.142857
38	48	0.125000
38	51	0.142857
38	83	0.250000
38	100	0.250000
38	110	0.250000
39	0	0.052632
39	4	0.022727
39	9	0.055556
39	35	0.166667
40	4	0.022727
40	7	0.083333
40	34	0.166667
40	38	0.100000
40	62	0.166667
40	68	0.166667
40	70	0.200000
41	1	0.027778
41	4	0.022727
41	21	0.076923
41	32	0.125000
42	1	0.027778
42	6	0.041667
42	8	0.045455
42	13	0.083333
42	44	0.142857
42	55	0.166667
42	89	0.200000
42	95	0.200000
43	4	0.022727
43	5	0.035714
43	25	0.200000
43	29	0.142857
43	65	0.250000
44	1	0.027778
44	3	0.111111
44	9	0.055556
44	42	0.125000
44	61	0.142857
44	62	0.166667
44	99	0.250000
45	2	0.038462
45	4	0.022727
45	8	0.045455
45	22	0.111111
45	63	0.250000
45	68	0.166667
45	88	0.250000
45	107	0.200000
46	1	0.027778
46	18	0.111111
46	24	0.090909
46	26	0.166667
46	76	0.200000
46	77	0.250000
46	78	0.250000
46	79	0.250000
46	88	0.250000
46	89	0.200000
47	1	0.027778
47	8	0.045455
47	11	0.100000
47	13	0.083333
47	62	0.166667
47	80	0.250000
48	1	0.027778
48	4	0.022727
48	37	0.142857
48	38	0.100000
48	56	0.166667
48	57	0.250000
48	72	0.250000
48	98	0.250000
49	4	0.022727
49	8	0.045455
49	10	0.058824
49	22	0.111111
49	50	0.166667
49	69	0.250000
49	71	0.250000
49	75	0.142857
49	84	0.200000
50	1	0.027778
50	13	0.083333
50	15	0.111111
50	49	0.111111
50	57	0.250000
50	77	0.250000
51	4	0.022727
51	19	0.111111
51	30	0.090909
51	38	0.100000
51	61	0.142857
51	78	0.250000
51	109	0.250000
52	6	0.041667
52	13	0.083333
52	14	0.125000
52	20	0.125000
52	82	0.250000
52	83	0.250000
53	8	0.045455
53	12	0.062500
53	23	0.090909
53	32	0.125000
53	78	0.250000
53	87	0.250000
54	2	0.038462
54	3	0.111111
54	4	0.022727
54	33	0.142857
54	72	0.250000
55	0	0.052632
55	5	0.035714
55	32	0.125000
55	42	0.125000
55	81	0.250000
55	95	0.200000
56	1	0.027778
56	5	0.035714
56	26	0.166667
56	48	0.125000
56	59	0.250000
56	91	0.200000
57	0	0.052632
57	5	0.035714
57	48	0.125000
57	50	0.166667
58	3	0.111111
58	6	0.041667
58	12	0.062500
58	30	0.090909
58	71	0.250000
58	78	0.250000
59	12	0.062500
59	18	0.111111
59	35	0.166667
59	56	0.166667
60	1	0.027778
60	7	0.083333
60	21	0.076923
60	24	0.090909
61	0	0.052632
61	8	0.045455
61	44	0.142857
61	51	0.142857
61	66	0.200000
61	89	0.200000
61	109	0.250000
62	23	0.090909
62	40	0.142857
62	44	0.142857
62	47	0.166667
62	70	0.200000
62	89	0.200000
63	4	0.022727
63	21	0.076923
63	23	0.090909
63	45	0.125000
64	1	0.027778
64	2	0.038462
64	7	0.083333
64	23	0.090909
65	1	0.027778
65	9	0.055556
65	30	0.090909
65	43	0.200000
66	1	0.027778
66	9	0.055556
66	12	0.062500
66	61	0.142857
66	93	0.200000
67	1	0.027778
67	4	0.022727
67	5	0.035714
67	15	0.111111
67	101	0.250000
68	4	0.022727
68	5	0.035714
68	40	0.142857
68	45	0.125000
68	94	0.250000
68	104	0.250000
69	1	0.027778
69	2	0.038462
69	13	0.083333
69	49	0.111111
70	8	0.045455
70	10	0.058824
70	40	0.142857
70	62	0.166667
70	91	0.200000
71	0	0.052632
71	10	0.058824
71	49	0.111111
71	58	0.166667
72	6	0.041667
72	29	0.142857
72	48	0.125000
72	54	0.200000
73	2	0.038462
73	8	0.045455
73	16	0.062500
73	22	0.111111
73	86	0.250000
74	4	0.022727
74	5	0.035714
74	8	0.045455
74	9	0.055556
75	21	0.076923
75	28	0.166667
75	34	0.166667
75	49	0.111111
75	86	0.250000
75	95	0.200000
75	109	0.250000
76	1	0.027778
76	5	0.035714
76	19	0.111111
76	46	0.100000
76	85	0.200000
77	24	0.090909
77	30	0.090909
77	46	0.100000
77	50	0.166667
78	46	0.100000
78	51	0.142857
78	53	0.166667
78	58	0.166667
79	1	0.027778
79	4	0.022727
79	16	0.062500
79	46	0.100000
80	9	0.055556
80	11	0.100000
80	16	0.062500
80	47	0.166667
81	0	0.052632
81	4	0.022727
81	16	0.062500
81	55	0.166667
82	4	0.022727
82	5	0.035714
82	30	0.090909
82	52	0.166667
83	23	0.090909
83	37	0.142857
83	38	0.100000
83	52	0.166667
84	1	0.027778
84	4	0.022727
84	12	0.062500
84	49	0.111111
84	101	0.250000
85	1	0.027778
85	5	0.035714
85	14	0.125000
85	76	0.200000
85	102	0.250000
86	0	0.052632
86	37	0.142857
86	73	0.200000
86	75	0.142857
87	2	0.038462
87	4	0.022727
87	31	0.200000
87	53	0.166667
88	10	0.058824
88	20	0.125000
88	45	0.125000
88	46	0.100000
89	42	0.125000
89	46	0.100000
89	61	0.142857
89	62	0.166667
89	99	0.250000
90	2	0.038462
90	6	0.041667
90	8	0.045455
90	14	0.125000
90	106	0.250000
91	4	0.022727
91	13	0.083333
91	56	0.166667
91	70	0.200000
91	101	0.250000
92	1	0.027778
92	4	0.022727
92	10	0.058824
92	12	0.062500
93	6	0.041667
93	11	0.100000
93	16	0.062500
93	66	0.200000
93	107	0.200000
94	2	0.038462
94	5	0.035714
94	16	0.062500
94	68	0.166667
95	2	0.038462
95	42	0.125000
95	55	0.166667
95	75	0.142857
95	100	0.250000
96	3	0.111111
96	10	0.058824
96	18	0.111111
96	30	0.090909
97	2	0.038462
97	11	0.100000
97	33	0.142857
97	98	0.250000
98	0	0.052632
98	6	0.041667
98	48	0.125000
98	97	0.250000
99	0	0.052632
99	8	0.045455
99	44	0.142857
99	89	0.200000
100	4	0.022727
100	6	0.041667
100	38	0.100000
100	95	0.200000
101	9	0.055556
101	67	0.200000
101	84	0.200000
101	91	0.200000
102	5	0.035714
102	9	0.055556
102	13	0.083333
102	85	0.200000
103	2	0.038462
103	16	0.062500
103	23	0.090909
103	33	0.142857
104	0	0.052632
104	9	0.055556
104	10	0.058824
104	68	0.166667
105	1	0.027778
105	2	0.038462
105	5	0.035714
105	16	0.062500
106	2	0.038462
106	17	0.200000
106	29	0.142857
106	90	0.200000
107	15	0.111111
107	30	0.090909
107	45	0.125000
107	93	0.200000
107	110	0.250000
108	1	0.027778
108	6	0.041667
108	11	0.100000
108	15	0.111111
109	32	0.125000
109	51	0.142857
109	61	0.142857
109	75	0.142857
110	5	0.035714
110	21	0.076923
110	38	0.100000
110	107	0.200000
