172	1992
0	1	0.038462
0	2	0.031250
0	3	0.066667
0	4	0.029412
0	5	0.045455
0	6	0.250000
0	7	0.025000
0	8	0.024390
0	9	0.024390
0	10	0.035714
0	11	0.034483
0	12	0.024390
0	13	0.047619
0	14	0.031250
0	15	0.041667
0	16	0.040000
0	19	0.032258
0	20	0.058824
0	21	0.052632
0	24	0.076923
0	31	0.052632
0	32	0.111111
0	33	0.100000
0	34	0.045455
0	37	0.090909
0	39	0.083333
0	41	0.071429
0	43	0.100000
0	44	0.100000
0	45	0.055556
0	46	0.142857
0	48	0.055556
0	50	0.071429
0	52	0.090909
0	53	0.083333
0	55	0.076923
0	60	0.071429
0	64	0.076923
0	67	0.142857
0	76	0.142857
0	78	0.125000
0	80	0.142857
0	81	0.111111
0	84	0.166667
0	86	0.166667
0	88	0.083333
0	90	0.166667
0	91	0.100000
0	95	0.083333
0	103	0.111111
0	109	0.125000
0	119	0.142857
0	123	0.142857
0	125	0.166667
0	126	0.125000
0	127	0.125000
0	139	0.111111
0	145	0.100000
0	146	0.166667
0	151	0.166667
0	158	0.166667
0	160	0.142857
0	161	0.166667
1	0	0.015873
1	7	0.025000
1	8	0.024390
1	9	0.024390
1	10	0.035714
1	16	0.040000
1	19	0.032258
1	23	0.050000
1	25	0.090909
1	30	0.062500
1	33	0.100000
1	35	0.090909
1	40	0.076923
1	42	0.076923
1	44	0.100000
1	46	0.142857
1	49	0.083333
1	55	0.076923
1	56	0.111111
1	63	0.100000
1	74	0.125000
1	94	0.166667
1	99	0.125000
1	116	0.142857
1	157	0.166667
1	167	0.142857
2	0	0.015873
2	7	0.025000
2	8	0.024390
2	9	0.024390
2	11	0.034483
2	12	0.024390
2	13	0.047619
2	17	0.037037
2	19	0.032258
2	21	0.052632
2	22	0.041667
2	27	0.100000
2	31	0.052632
2	32	0.111111
2	36	0.071429
2	45	0.055556
2	60	0.071429
2	68	0.090909
2	73	0.142857
2	81	0.111111
2	107	0.142857
2	111	0.142857
2	117	0.166667
2	125	0.166667
2	126	0.125000
2	131	0.125000
2	132	0.142857
2	138	0.142857
2	140	0.166667
2	152	0.166667
2	154	0.166667
2	171	0.166667
3	0	0.015873
3	7	0.025000
3	10	0.035714
3	13	0.047619
3	15	0.041667
3	30	0.062500
3	43	0.100000
3	67	0.142857
3	79	0.100000
3	86	0.166667
3	104	0.125000
3	149	0.166667
3	150	0.166667
3	162	0.166667
3	170	0.166667
4	0	0.015873
4	7	0.025000
4	8	0.024390
4	9	0.024390
4	10	0.035714
4	12	0.024390
4	13	0.047619
4	14	0.031250
4	18	0.045455
4	19	0.032258
4	21	0.052632
4	25	0.090909
4	29	0.062500
4	37	0.090909
4	38	0.083333
4	52	0.090909
4	57	0.125000
4	74	0.125000
4	75	0.166667
4	81	0.111111
4	82	0.111111
4	84	0.166667
4	85	0.142857
4	101	0.142857
4	109	0.125000
4	121	0.125000
4	124	0.142857
4	129	0.166667
4	134	0.111111
4	137	0.166667
4	139	0.111111
4	159	0.166667
4	162	0.166667
4	165	0.166667
5	0	0.015873
5	7	0.025000
5	8	0.024390
5	9	0.024390
5	10	0.035714
5	13	0.047619
5	14	0.031250
5	18	0.045455
5	21	0.052632
5	22	0.041667
5	26	0.055556
5	31	0.052632
5	40	0.076923
5	46	0.142857
5	60	0.071429
5	69	0.125000
5	98	0.076923
5	111	0.142857
5	115	0.125000
5	128	0.166667
5	136	0.166667
5	160	0.142857
6	0	0.015873
6	15	0.041667
6	87	0.100000
6	115	0.125000
7	0	0.015873
7	1	0.038462
7	2	0.031250
7	3	0.066667
7	4	0.029412
7	5	0.045455
7	8	0.024390
7	9	0.024390
7	10	0.035714
7	11	0.034483
7	12	0.024390
7	14	0.031250
7	15	0.041667
7	18	0.045455
7	24	0.076923
7	28	0.050000
7	32	0.111111
7	41	0.071429
7	42	0.076923
7	45	0.055556
7	48	0.055556
7	58	0.090909
7	67	0.142857
7	70	0.083333
7	73	0.142857
7	78	0.125000
7	80	0.142857
7	81	0.111111
7	89	0.142857
7	91	0.100000
7	95	0.083333
7	96	0.100000
7	98	0.076923
7	99	0.125000
7	101	0.142857
7	106	0.142857
7	107	0.142857
7	130	0.166667
7	143	0.142857
7	163	0.166667
8	0	0.015873
8	1	0.038462
8	2	0.031250
8	4	0.029412
8	5	0.045455
8	7	0.025000
8	11	0.034483
8	12	0.024390
8	14	0.031250
8	15	0.041667
8	20	0.058824
8	22	0.041667
8	23	0.050000
8	25	0.090909
8	28	0.050000
8	31	0.052632
8	32	0.111111
8	34	0.045455
8	37	0.090909
8	40	0.076923
8	46	0.142857
8	51	0.166667
8	52	0.090909
8	53	0.083333
8	55	0.076923
8	56	0.111111
8	65	0.111111
8	71	0.142857
8	83	0.111111
8	92	0.071429
8	97	0.125000
8	98	0.076923
8	102	0.083333
8	111	0.142857
8	118	0.166667
8	120	0.125000
8	126	0.125000
8	133	0.166667
8	141	0.166667
8	156	0.166667
8	166	0.166667
9	0	0.015873
9	1	0.038462
9	2	0.031250
9	4	0.029412
9	5	0.045455
9	7	0.025000
9	11	0.034483
9	14	0.031250
9	16	0.040000
9	17	0.037037
9	18	0.045455
9	19	0.032258
9	20	0.058824
9	23	0.050000
9	26	0.055556
9	29	0.062500
9	33	0.100000
9	38	0.083333
9	39	0.083333
9	43	0.100000
9	49	0.083333
9	57	0.125000
9	63	0.100000
9	70	0.083333
9	85	0.142857
9	91	0.100000
9	93	0.142857
9	95	0.083333
9	96	0.100000
9	104	0.125000
9	110	0.125000
9	116	0.142857
9	122	0.166667
9	133	0.166667
9	141	0.166667
9	147	0.166667
9	153	0.166667
9	154	0.166667
9	164	0.166667
9	167	0.142857
9	170	0.166667
10	0	0.015873
10	1	0.038462
10	3	0.066667
10	4	0.029412
10	5	0.045455
10	7	0.025000
10	11	0.034483
10	15	0.041667
10	16	0.040000
10	17	0.037037
10	20	0.058824
10	28	0.050000
10	35	0.090909
10	37	0.090909
10	66	0.100000
10	69	0.125000
10	76	0.142857
10	80	0.142857
10	88	0.083333
10	97	0.125000
10	106	0.142857
10	114	0.166667
10	131	0.125000
10	133	0.166667
10	134	0.111111
10	142	0.125000
10	144	0.142857
10	166	0.166667
11	0	0.015873
11	2	0.031250
11	7	0.025000
11	8	0.024390
11	9	0.024390
11	10	0.035714
11	12	0.024390
11	16	0.040000
11	17	0.037037
11	18	0.045455
11	23	0.050000
11	25	0.090909
11	39	0.083333
11	44	0.100000
11	50	0.071429
11	59	0.083333
11	65	0.111111
11	75	0.166667
11	76	0.142857
11	92	0.071429
11	93	0.142857
11	98	0.076923
11	101	0.142857
11	106	0.142857
11	114	0.166667
11	120	0.125000
11	123	0.142857
11	134	0.111111
11	145	0.100000
12	0	0.015873
12	2	0.031250
12	4	0.029412
12	7	0.025000
12	8	0.024390
12	11	0.034483
12	13	0.047619
12	17	0.037037
12	20	0.058824
12	22	0.041667
12	23	0.050000
12	24	0.076923
12	25	0.090909
12	26	0.055556
12	27	0.100000
12	28	0.050000
12	30	0.062500
12	32	0.111111
12	47	0.058824
12	52	0.090909
12	54	0.142857
12	55	0.076923
12	57	0.125000
12	69	0.125000
12	71	0.142857
12	72	0.090909
12	80	0.142857
12	89	0.142857
12	92	0.071429
12	101	0.142857
12	103	0.111111
12	104	0.125000
12	105	0.125000
12	114	0.166667
12	115	0.125000
12	121	0.125000
12	132	0.142857
12	149	0.166667
12	150	0.166667
12	152	0.166667
12	163	0.166667
13	0	0.015873
13	2	0.031250
13	3	0.066667
13	4	0.029412
13	5	0.045455
13	12	0.024390
13	17	0.037037
13	27	0.100000
13	30	0.062500
13	34	0.045455
13	36	0.071429
13	45	0.055556
13	68	0.090909
13	72	0.090909
13	74	0.125000
13	80	0.142857
13	97	0.125000
13	128	0.166667
13	154	0.166667
13	160	0.142857
13	171	0.166667
14	0	0.015873
14	4	0.029412
14	5	0.045455
14	7	0.025000
14	8	0.024390
14	9	0.024390
14	19	0.032258
14	26	0.055556
14	27	0.100000
14	30	0.062500
14	39	0.083333
14	40	0.076923
14	43	0.100000
14	44	0.100000
14	48	0.055556
14	53	0.083333
14	54	0.142857
14	60	0.071429
14	61	0.100000
14	68	0.090909
14	71	0.142857
14	73	0.142857
14	83	0.111111
14	86	0.166667
14	94	0.166667
14	107	0.142857
14	117	0.166667
14	125	0.166667
14	127	0.125000
14	146	0.166667
14	160	0.142857
14	166	0.166667
15	0	0.015873
15	3	0.066667
15	6	0.250000
15	7	0.025000
15	8	0.024390
15	10	0.035714
15	16	0.040000
15	20	0.058824
15	29	0.062500
15	54	0.142857
15	64	0.076923
15	67	0.142857
15	70	0.083333
15	74	0.125000
15	78	0.125000
15	89	0.142857
15	119	0.142857
15	126	0.125000
15	138	0.142857
15	139	0.111111
15	143	0.142857
15	162	0.166667
15	167	0.142857
15	169	0.166667
16	0	0.015873
16	1	0.038462
16	9	0.024390
16	10	0.035714
16	11	0.034483
16	15	0.041667
16	18	0.045455
16	21	0.052632
16	24	0.076923
16	26	0.055556
16	32	0.111111
16	34	0.045455
16	39	0.083333
16	52	0.090909
16	63	0.100000
16	66	0.100000
16	70	0.083333
16	72	0.090909
16	79	0.100000
16	88	0.083333
16	102	0.083333
16	118	0.166667
16	145	0.100000
16	157	0.166667
16	164	0.166667
17	2	0.031250
17	9	0.024390
17	10	0.035714
17	11	0.034483
17	12	0.024390
17	13	0.047619
17	23	0.050000
17	31	0.052632
17	34	0.045455
17	39	0.083333
17	43	0.100000
17	49	0.083333
17	64	0.076923
17	68	0.090909
17	70	0.083333
17	86	0.166667
17	87	0.100000
17	88	0.083333
17	94	0.166667
17	100	0.125000
17	106	0.142857
17	112	0.166667
17	130	0.166667
17	148	0.166667
17	154	0.166667
17	160	0.142857
17	164	0.166667
18	4	0.029412
18	5	0.045455
18	7	0.025000
18	9	0.024390
18	11	0.034483
18	16	0.040000
18	22	0.041667
18	25	0.090909
18	28	0.050000
18	33	0.100000
18	34	0.045455
18	93	0.142857
18	108	0.125000
18	110	0.125000
18	112	0.166667
18	137	0.166667
18	138	0.142857
18	149	0.166667
18	156	0.166667
18	162	0.166667
18	164	0.166667
18	169	0.166667
19	0	0.015873
19	1	0.038462
19	2	0.031250
19	4	0.029412
19	9	0.024390
19	14	0.031250
19	22	0.041667
19	26	0.055556
19	41	0.071429
19	47	0.058824
19	48	0.055556
19	50	0.071429
19	51	0.166667
19	52	0.090909
19	56	0.111111
19	59	0.083333
19	62	0.125000
19	66	0.100000
19	69	0.125000
19	77	0.100000
19	91	0.100000
19	95	0.083333
19	120	0.125000
19	121	0.125000
19	122	0.166667
19	123	0.142857
19	124	0.142857
19	131	0.125000
19	155	0.166667
19	157	0.166667
19	168	0.166667
20	0	0.015873
20	8	0.024390
20	9	0.024390
20	10	0.035714
20	12	0.024390
20	15	0.041667
20	21	0.052632
20	36	0.071429
20	42	0.076923
20	57	0.125000
20	58	0.090909
20	62	0.125000
20	63	0.100000
20	78	0.125000
20	100	0.125000
20	128	0.166667
20	135	0.166667
21	0	0.015873
21	2	0.031250
21	4	0.029412
21	5	0.045455
21	16	0.040000
21	20	0.058824
21	33	0.100000
21	35	0.090909
21	43	0.100000
21	45	0.055556
21	51	0.166667
21	64	0.076923
21	69	0.125000
21	70	0.083333
21	97	0.125000
21	100	0.125000
21	104	0.125000
21	124	0.142857
21	156	0.166667
22	2	0.031250
22	5	0.045455
22	8	0.024390
22	12	0.024390
22	18	0.045455
22	19	0.032258
22	24	0.076923
22	29	0.062500
22	31	0.052632
22	35	0.090909
22	37	0.090909
22	38	0.083333
22	41	0.071429
22	42	0.076923
22	49	0.083333
22	67	0.142857
22	75	0.166667
22	82	0.111111
22	85	0.142857
22	96	0.100000
22	115	0.125000
22	146	0.166667
22	156	0.166667
22	169	0.166667
23	1	0.038462
23	8	0.024390
23	9	0.024390
23	11	0.034483
23	12	0.024390
23	17	0.037037
23	24	0.076923
23	27	0.100000
23	36	0.071429
23	37	0.090909
23	40	0.076923
23	44	0.100000
23	46	0.142857
23	47	0.058824
23	77	0.100000
23	85	0.142857
23	100	0.125000
23	114	0.166667
23	131	0.125000
23	159	0.166667
24	0	0.015873
24	7	0.025000
24	12	0.024390
24	16	0.040000
24	22	0.041667
24	23	0.050000
24	27	0.100000
24	48	0.055556
24	50	0.071429
24	65	0.111111
24	67	0.142857
24	90	0.166667
24	168	0.166667
25	1	0.038462
25	4	0.029412
25	8	0.024390
25	11	0.034483
25	12	0.024390
25	18	0.045455
25	47	0.058824
25	72	0.090909
25	74	0.125000
25	94	0.166667
25	100	0.125000
26	5	0.045455
26	9	0.024390
26	12	0.024390
26	14	0.031250
26	16	0.040000
26	19	0.032258
26	28	0.050000
26	29	0.062500
26	35	0.090909
26	54	0.142857
26	61	0.100000
26	68	0.090909
26	83	0.111111
26	118	0.166667
26	121	0.125000
26	122	0.166667
26	136	0.166667
26	164	0.166667
27	2	0.031250
27	12	0.024390
27	13	0.047619
27	14	0.031250
27	23	0.050000
27	24	0.076923
27	84	0.166667
27	105	0.125000
27	144	0.142857
27	171	0.166667
28	7	0.025000
28	8	0.024390
28	10	0.035714
28	12	0.024390
28	18	0.045455
28	26	0.055556
28	29	0.062500
28	30	0.062500
28	33	0.100000
28	36	0.071429
28	42	0.076923
28	54	0.142857
28	55	0.076923
28	56	0.111111
28	58	0.090909
28	62	0.125000
28	72	0.090909
28	83	0.111111
28	103	0.111111
28	121	0.125000
29	4	0.029412
29	9	0.024390
29	15	0.041667
29	22	0.041667
29	26	0.055556
29	28	0.050000
29	56	0.111111
29	79	0.100000
29	103	0.111111
29	113	0.125000
29	119	0.142857
29	128	0.166667
29	139	0.111111
29	140	0.166667
29	147	0.166667
29	170	0.166667
30	1	0.038462
30	3	0.066667
30	12	0.024390
30	13	0.047619
30	14	0.031250
30	28	0.050000
30	41	0.071429
30	53	0.083333
30	65	0.111111
30	66	0.100000
30	76	0.142857
30	84	0.166667
30	121	0.125000
30	144	0.142857
30	161	0.166667
30	169	0.166667
31	0	0.015873
31	2	0.031250
31	5	0.045455
31	8	0.024390
31	17	0.037037
31	22	0.041667
31	35	0.090909
31	36	0.071429
31	38	0.083333
31	40	0.076923
31	41	0.071429
31	51	0.166667
31	53	0.083333
31	86	0.166667
31	97	0.125000
31	98	0.076923
31	106	0.142857
31	116	0.142857
31	128	0.166667
32	0	0.015873
32	2	0.031250
32	7	0.025000
32	8	0.024390
32	12	0.024390
32	16	0.040000
32	87	0.100000
32	145	0.100000
32	151	0.166667
33	0	0.015873
33	1	0.038462
33	9	0.024390
33	18	0.045455
33	21	0.052632
33	28	0.050000
33	69	0.125000
33	105	0.125000
33	117	0.166667
33	144	0.142857
34	0	0.015873
34	8	0.024390
34	13	0.047619
34	16	0.040000
34	17	0.037037
34	18	0.045455
34	50	0.071429
34	53	0.083333
34	55	0.076923
34	61	0.100000
34	71	0.142857
34	79	0.100000
34	90	0.166667
34	92	0.071429
34	93	0.142857
34	96	0.100000
34	102	0.083333
34	116	0.142857
34	129	0.166667
34	130	0.166667
34	157	0.166667
34	171	0.166667
35	1	0.038462
35	10	0.035714
35	21	0.052632
35	22	0.041667
35	26	0.055556
35	31	0.052632
35	42	0.076923
35	47	0.058824
35	75	0.166667
35	87	0.100000
35	149	0.166667
36	2	0.031250
36	13	0.047619
36	20	0.058824
36	23	0.050000
36	28	0.050000
36	31	0.052632
36	38	0.083333
36	64	0.076923
36	71	0.142857
36	77	0.100000
36	81	0.111111
36	117	0.166667
36	118	0.166667
36	142	0.125000
37	0	0.015873
37	4	0.029412
37	8	0.024390
37	10	0.035714
37	22	0.041667
37	23	0.050000
37	38	0.083333
37	90	0.166667
37	93	0.142857
37	108	0.125000
37	167	0.142857
38	4	0.029412
38	9	0.024390
38	22	0.041667
38	31	0.052632
38	36	0.071429
38	37	0.090909
38	46	0.142857
38	62	0.125000
38	77	0.100000
38	82	0.111111
38	88	0.083333
38	141	0.166667
39	0	0.015873
39	9	0.024390
39	11	0.034483
39	14	0.031250
39	16	0.040000
39	17	0.037037
39	50	0.071429
39	102	0.083333
39	111	0.142857
39	115	0.125000
39	136	0.166667
39	148	0.166667
40	1	0.038462
40	5	0.045455
40	8	0.024390
40	14	0.031250
40	23	0.050000
40	31	0.052632
40	45	0.055556
40	58	0.090909
40	60	0.071429
40	96	0.100000
40	99	0.125000
40	109	0.125000
40	137	0.166667
41	0	0.015873
41	7	0.025000
41	19	0.032258
41	22	0.041667
41	30	0.062500
41	31	0.052632
41	44	0.100000
41	57	0.125000
41	79	0.100000
41	110	0.125000
41	113	0.125000
41	124	0.142857
41	163	0.166667
41	168	0.166667
42	1	0.038462
42	7	0.025000
42	20	0.058824
42	22	0.041667
42	28	0.050000
42	35	0.090909
42	49	0.083333
42	65	0.111111
42	91	0.100000
42	95	0.083333
42	148	0.166667
42	151	0.166667
42	165	0.166667
43	0	0.015873
43	3	0.066667
43	9	0.024390
43	14	0.031250
43	17	0.037037
43	21	0.052632
43	62	0.125000
43	111	0.142857
43	130	0.166667
43	151	0.166667
44	0	0.015873
44	1	0.038462
44	11	0.034483
44	14	0.031250
44	23	0.050000
44	41	0.071429
44	47	0.058824
44	104	0.125000
44	129	0.166667
44	155	0.166667
45	0	0.015873
45	2	0.031250
45	7	0.025000
45	13	0.047619
45	21	0.052632
45	40	0.076923
45	49	0.083333
45	51	0.166667
45	57	0.125000
45	58	0.090909
45	59	0.083333
45	63	0.100000
45	68	0.090909
45	119	0.142857
45	126	0.125000
45	135	0.166667
45	144	0.142857
45	145	0.100000
46	0	0.015873
46	1	0.038462
46	5	0.045455
46	8	0.024390
46	23	0.050000
46	38	0.083333
46	97	0.125000
47	12	0.024390
47	19	0.032258
47	23	0.050000
47	25	0.090909
47	35	0.090909
47	44	0.100000
47	48	0.055556
47	51	0.166667
47	62	0.125000
47	66	0.100000
47	82	0.111111
47	96	0.100000
47	99	0.125000
47	108	0.125000
47	110	0.125000
47	127	0.125000
47	150	0.166667
48	0	0.015873
48	7	0.025000
48	14	0.031250
48	19	0.032258
48	24	0.076923
48	47	0.058824
48	56	0.111111
48	59	0.083333
48	60	0.071429
48	61	0.100000
48	63	0.100000
48	73	0.142857
48	83	0.111111
48	112	0.166667
48	118	0.166667
48	132	0.142857
48	142	0.125000
48	166	0.166667
49	1	0.038462
49	9	0.024390
49	17	0.037037
49	22	0.041667
49	42	0.076923
49	45	0.055556
49	81	0.111111
49	86	0.166667
49	102	0.083333
49	105	0.125000
49	133	0.166667
49	139	0.111111
50	0	0.015873
50	11	0.034483
50	19	0.032258
50	24	0.076923
50	34	0.045455
50	39	0.083333
50	54	0.142857
50	90	0.166667
50	98	0.076923
50	101	0.142857
50	120	0.125000
50	150	0.166667
50	155	0.166667
50	168	0.166667
51	8	0.024390
51	19	0.032258
51	21	0.052632
51	31	0.052632
51	45	0.055556
51	47	0.058824
52	0	0.015873
52	4	0.029412
52	8	0.024390
52	12	0.024390
52	16	0.040000
52	19	0.032258
52	61	0.100000
52	74	0.125000
52	84	0.166667
52	119	0.142857
52	129	0.166667
53	0	0.015873
53	8	0.024390
53	14	0.031250
53	30	0.062500
53	31	0.052632
53	34	0.045455
53	59	0.083333
53	92	0.071429
53	103	0.111111
53	105	0.125000
53	122	0.166667
53	157	0.166667
54	12	0.024390
54	14	0.031250
54	15	0.041667
54	26	0.055556
54	28	0.050000
54	50	0.071429
54	80	0.142857
55	0	0.015873
55	1	0.038462
55	8	0.024390
55	12	0.024390
55	28	0.050000
55	34	0.045455
55	58	0.090909
55	61	0.100000
55	85	0.142857
55	132	0.142857
55	137	0.166667
55	142	0.125000
55	163	0.166667
56	1	0.038462
56	8	0.024390
56	19	0.032258
56	28	0.050000
56	29	0.062500
56	48	0.055556
56	59	0.083333
56	83	0.111111
56	142	0.125000
57	4	0.029412
57	9	0.024390
57	12	0.024390
57	20	0.058824
57	41	0.071429
57	45	0.055556
57	64	0.076923
57	157	0.166667
58	7	0.025000
58	20	0.058824
58	28	0.050000
58	40	0.076923
58	45	0.055556
58	55	0.076923
58	148	0.166667
58	153	0.166667
58	158	0.166667
58	159	0.166667
58	163	0.166667
59	11	0.034483
59	19	0.032258
59	45	0.055556
59	48	0.055556
59	53	0.083333
59	56	0.111111
59	95	0.083333
59	127	0.125000
59	137	0.166667
59	159	0.166667
59	161	0.166667
59	166	0.166667
60	0	0.015873
60	2	0.031250
60	5	0.045455
60	14	0.031250
60	40	0.076923
60	48	0.055556
60	77	0.100000
60	82	0.111111
60	92	0.071429
60	125	0.166667
60	127	0.125000
60	130	0.166667
60	131	0.125000
60	133	0.166667
61	14	0.031250
61	26	0.055556
61	34	0.045455
61	48	0.055556
61	52	0.090909
61	55	0.076923
61	66	0.100000
61	76	0.142857
61	100	0.125000
61	118	0.166667
62	19	0.032258
62	20	0.058824
62	28	0.050000
62	38	0.083333
62	43	0.100000
62	47	0.058824
62	89	0.142857
62	171	0.166667
63	1	0.038462
63	9	0.024390
63	16	0.040000
63	20	0.058824
63	45	0.055556
63	48	0.055556
63	76	0.142857
63	77	0.100000
63	109	0.125000
63	147	0.166667
64	0	0.015873
64	15	0.041667
64	17	0.037037
64	21	0.052632
64	36	0.071429
64	57	0.125000
64	65	0.111111
64	75	0.166667
64	93	0.142857
64	117	0.166667
64	127	0.125000
64	146	0.166667
64	156	0.166667
65	8	0.024390
65	11	0.034483
65	24	0.076923
65	30	0.062500
65	42	0.076923
65	64	0.076923
65	88	0.083333
65	108	0.125000
65	136	0.166667
66	10	0.035714
66	16	0.040000
66	19	0.032258
66	30	0.062500
66	47	0.058824
66	61	0.100000
66	120	0.125000
66	122	0.166667
66	138	0.142857
66	158	0.166667
67	0	0.015873
67	3	0.066667
67	7	0.025000
67	15	0.041667
67	22	0.041667
67	24	0.076923
67	104	0.125000
68	2	0.031250
68	13	0.047619
68	14	0.031250
68	17	0.037037
68	26	0.055556
68	45	0.055556
68	73	0.142857
68	78	0.125000
68	87	0.100000
68	124	0.142857
68	169	0.166667
69	5	0.045455
69	10	0.035714
69	12	0.024390
69	19	0.032258
69	21	0.052632
69	33	0.100000
69	112	0.166667
69	170	0.166667
70	7	0.025000
70	9	0.024390
70	15	0.041667
70	16	0.040000
70	17	0.037037
70	21	0.052632
70	71	0.142857
70	72	0.090909
70	73	0.142857
70	75	0.166667
70	89	0.142857
70	158	0.166667
71	8	0.024390
71	12	0.024390
71	14	0.031250
71	34	0.045455
71	36	0.071429
71	70	0.083333
71	140	0.166667
72	12	0.024390
72	13	0.047619
72	16	0.040000
72	25	0.090909
72	28	0.050000
72	70	0.083333
72	82	0.111111
72	89	0.142857
72	107	0.142857
72	134	0.111111
72	143	0.142857
73	2	0.031250
73	7	0.025000
73	14	0.031250
73	48	0.055556
73	68	0.090909
73	70	0.083333
73	140	0.166667
74	1	0.038462
74	4	0.029412
74	13	0.047619
74	15	0.041667
74	25	0.090909
74	52	0.090909
74	130	0.166667
74	153	0.166667
75	4	0.029412
75	11	0.034483
75	22	0.041667
75	35	0.090909
75	64	0.076923
75	70	0.083333
76	0	0.015873
76	10	0.035714
76	11	0.034483
76	30	0.062500
76	61	0.100000
76	63	0.100000
76	79	0.100000
77	19	0.032258
77	23	0.050000
77	36	0.071429
77	38	0.083333
77	60	0.071429
77	63	0.100000
77	78	0.125000
77	128	0.166667
77	141	0.166667
77	143	0.142857
78	0	0.015873
78	7	0.025000
78	15	0.041667
78	20	0.058824
78	68	0.090909
78	77	0.100000
78	94	0.166667
78	141	0.166667
79	3	0.066667
79	16	0.040000
79	29	0.062500
79	34	0.045455
79	41	0.071429
79	76	0.142857
79	90	0.166667
79	106	0.142857
79	148	0.166667
79	153	0.166667
80	0	0.015873
80	7	0.025000
80	10	0.035714
80	12	0.024390
80	13	0.047619
80	54	0.142857
80	149	0.166667
81	0	0.015873
81	2	0.031250
81	4	0.029412
81	7	0.025000
81	36	0.071429
81	49	0.083333
81	84	0.166667
81	85	0.142857
81	142	0.125000
82	4	0.029412
82	22	0.041667
82	38	0.083333
82	47	0.058824
82	60	0.071429
82	72	0.090909
82	108	0.125000
82	123	0.142857
82	126	0.125000
83	8	0.024390
83	14	0.031250
83	26	0.055556
83	28	0.050000
83	48	0.055556
83	56	0.111111
83	87	0.100000
83	102	0.083333
83	111	0.142857
84	0	0.015873
84	4	0.029412
84	27	0.100000
84	30	0.062500
84	52	0.090909
84	81	0.111111
85	4	0.029412
85	9	0.024390
85	22	0.041667
85	23	0.050000
85	55	0.076923
85	81	0.111111
85	107	0.142857
86	0	0.015873
86	3	0.066667
86	14	0.031250
86	17	0.037037
86	31	0.052632
86	49	0.083333
87	6	0.250000
87	17	0.037037
87	32	0.111111
87	35	0.090909
87	68	0.090909
87	83	0.111111
87	91	0.100000
87	99	0.125000
87	112	0.166667
87	129	0.166667
88	0	0.015873
88	10	0.035714
88	16	0.040000
88	17	0.037037
88	38	0.083333
88	65	0.111111
88	94	0.166667
88	113	0.125000
88	135	0.166667
88	145	0.100000
88	150	0.166667
88	165	0.166667
89	7	0.025000
89	12	0.024390
89	15	0.041667
89	62	0.125000
89	70	0.083333
89	72	0.090909
89	153	0.166667
90	0	0.015873
90	24	0.076923
90	34	0.045455
90	37	0.090909
90	50	0.071429
90	79	0.100000
91	0	0.015873
91	7	0.025000
91	9	0.024390
91	19	0.032258
91	42	0.076923
91	87	0.100000
91	103	0.111111
91	113	0.125000
91	161	0.166667
91	167	0.142857
92	8	0.024390
92	11	0.034483
92	12	0.024390
92	34	0.045455
92	53	0.083333
92	60	0.071429
92	101	0.142857
92	107	0.142857
92	112	0.166667
92	113	0.125000
92	132	0.142857
92	133	0.166667
92	152	0.166667
92	155	0.166667
93	9	0.024390
93	11	0.034483
93	18	0.045455
93	34	0.045455
93	37	0.090909
93	64	0.076923
93	117	0.166667
94	1	0.038462
94	14	0.031250
94	17	0.037037
94	25	0.090909
94	78	0.125000
94	88	0.083333
95	0	0.015873
95	7	0.025000
95	9	0.024390
95	19	0.032258
95	42	0.076923
95	59	0.083333
95	109	0.125000
95	115	0.125000
95	116	0.142857
95	123	0.142857
95	134	0.111111
95	163	0.166667
96	7	0.025000
96	9	0.024390
96	22	0.041667
96	34	0.045455
96	40	0.076923
96	47	0.058824
96	120	0.125000
96	135	0.166667
96	159	0.166667
96	161	0.166667
97	8	0.024390
97	10	0.035714
97	13	0.047619
97	21	0.052632
97	31	0.052632
97	46	0.142857
97	114	0.166667
97	140	0.166667
98	5	0.045455
98	7	0.025000
98	8	0.024390
98	11	0.034483
98	31	0.052632
98	50	0.071429
98	99	0.125000
98	109	0.125000
98	110	0.125000
98	144	0.142857
98	147	0.166667
98	167	0.142857
98	171	0.166667
99	1	0.038462
99	7	0.025000
99	40	0.076923
99	47	0.058824
99	87	0.100000
99	98	0.076923
99	105	0.125000
99	152	0.166667
100	17	0.037037
100	20	0.058824
100	21	0.052632
100	23	0.050000
100	25	0.090909
100	61	0.100000
100	125	0.166667
100	154	0.166667
101	4	0.029412
101	7	0.025000
101	11	0.034483
101	12	0.024390
101	50	0.071429
101	92	0.071429
101	137	0.166667
102	8	0.024390
102	16	0.040000
102	34	0.045455
102	39	0.083333
102	49	0.083333
102	83	0.111111
102	123	0.142857
102	138	0.142857
102	140	0.166667
102	147	0.166667
102	152	0.166667
102	159	0.166667
103	0	0.015873
103	12	0.024390
103	28	0.050000
103	29	0.062500
103	53	0.083333
103	91	0.100000
103	108	0.125000
103	122	0.166667
103	162	0.166667
104	3	0.066667
104	9	0.024390
104	12	0.024390
104	21	0.052632
104	44	0.100000
104	67	0.142857
104	143	0.142857
104	150	0.166667
105	12	0.024390
105	27	0.100000
105	33	0.100000
105	49	0.083333
105	53	0.083333
105	99	0.125000
105	110	0.125000
105	114	0.166667
106	7	0.025000
106	10	0.035714
106	11	0.034483
106	17	0.037037
106	31	0.052632
106	79	0.100000
106	116	0.142857
107	2	0.031250
107	7	0.025000
107	14	0.031250
107	72	0.090909
107	85	0.142857
107	92	0.071429
107	143	0.142857
108	18	0.045455
108	37	0.090909
108	47	0.058824
108	65	0.111111
108	82	0.111111
108	103	0.111111
108	136	0.166667
108	165	0.166667
109	0	0.015873
109	4	0.029412
109	40	0.076923
109	63	0.100000
109	95	0.083333
109	98	0.076923
109	119	0.142857
109	132	0.142857
110	9	0.024390
110	18	0.045455
110	41	0.071429
110	47	0.058824
110	98	0.076923
110	105	0.125000
110	138	0.142857
110	148	0.166667
111	2	0.031250
111	5	0.045455
111	8	0.024390
111	39	0.083333
111	43	0.100000
111	83	0.111111
111	113	0.125000
112	17	0.037037
112	18	0.045455
112	48	0.055556
112	69	0.125000
112	87	0.100000
112	92	0.071429
113	29	0.062500
113	41	0.071429
113	88	0.083333
113	91	0.100000
113	92	0.071429
113	111	0.142857
113	139	0.111111
113	165	0.166667
114	10	0.035714
114	11	0.034483
114	12	0.024390
114	23	0.050000
114	97	0.125000
114	105	0.125000
115	5	0.045455
115	6	0.250000
115	12	0.024390
115	22	0.041667
115	39	0.083333
115	95	0.083333
115	124	0.142857
115	131	0.125000
116	1	0.038462
116	9	0.024390
116	31	0.052632
116	34	0.045455
116	95	0.083333
116	106	0.142857
116	125	0.166667
117	2	0.031250
117	14	0.031250
117	33	0.100000
117	36	0.071429
117	64	0.076923
117	93	0.142857
118	8	0.024390
118	16	0.040000
118	26	0.055556
118	36	0.071429
118	48	0.055556
118	61	0.100000
119	0	0.015873
119	15	0.041667
119	29	0.062500
119	45	0.055556
119	52	0.090909
119	109	0.125000
119	160	0.142857
120	8	0.024390
120	11	0.034483
120	19	0.032258
120	50	0.071429
120	66	0.100000
120	96	0.100000
120	129	0.166667
120	156	0.166667
121	4	0.029412
121	12	0.024390
121	19	0.032258
121	26	0.055556
121	28	0.050000
121	30	0.062500
121	147	0.166667
121	161	0.166667
122	9	0.024390
122	19	0.032258
122	26	0.055556
122	53	0.083333
122	66	0.100000
122	103	0.111111
123	0	0.015873
123	11	0.034483
123	19	0.032258
123	82	0.111111
123	95	0.083333
123	102	0.083333
123	165	0.166667
124	4	0.029412
124	19	0.032258
124	21	0.052632
124	41	0.071429
124	68	0.090909
124	115	0.125000
124	135	0.166667
125	0	0.015873
125	2	0.031250
125	14	0.031250
125	60	0.071429
125	100	0.125000
125	116	0.142857
126	0	0.015873
126	2	0.031250
126	8	0.024390
126	15	0.041667
126	45	0.055556
126	82	0.111111
126	152	0.166667
126	170	0.166667
127	0	0.015873
127	14	0.031250
127	47	0.058824
127	59	0.083333
127	60	0.071429
127	64	0.076923
127	155	0.166667
127	168	0.166667
128	5	0.045455
128	13	0.047619
128	20	0.058824
128	29	0.062500
128	31	0.052632
128	77	0.100000
129	4	0.029412
129	34	0.045455
129	44	0.100000
129	52	0.090909
129	87	0.100000
129	120	0.125000
130	7	0.025000
130	17	0.037037
130	34	0.045455
130	43	0.100000
130	60	0.071429
130	74	0.125000
131	2	0.031250
131	10	0.035714
131	19	0.032258
131	23	0.050000
131	60	0.071429
131	115	0.125000
131	134	0.111111
131	149	0.166667
132	2	0.031250
132	12	0.024390
132	48	0.055556
132	55	0.076923
132	92	0.071429
132	109	0.125000
132	155	0.166667
133	8	0.024390
133	9	0.024390
133	10	0.035714
133	49	0.083333
133	60	0.071429
133	92	0.071429
134	4	0.029412
134	10	0.035714
134	11	0.034483
134	72	0.090909
134	95	0.083333
134	131	0.125000
134	135	0.166667
134	136	0.166667
134	158	0.166667
135	20	0.058824
135	45	0.055556
135	88	0.083333
135	96	0.100000
135	124	0.142857
135	134	0.111111
136	5	0.045455
136	26	0.055556
136	39	0.083333
136	65	0.111111
136	108	0.125000
136	134	0.111111
137	4	0.029412
137	18	0.045455
137	40	0.076923
137	55	0.076923
137	59	0.083333
137	101	0.142857
138	2	0.031250
138	15	0.041667
138	18	0.045455
138	66	0.100000
138	102	0.083333
138	110	0.125000
138	146	0.166667
139	0	0.015873
139	4	0.029412
139	15	0.041667
139	29	0.062500
139	49	0.083333
139	113	0.125000
139	141	0.166667
139	166	0.166667
139	170	0.166667
140	2	0.031250
140	29	0.062500
140	71	0.142857
140	73	0.142857
140	97	0.125000
140	102	0.083333
141	8	0.024390
141	9	0.024390
141	38	0.083333
141	77	0.100000
141	78	0.125000
141	139	0.111111
142	10	0.035714
142	36	0.071429
142	48	0.055556
142	55	0.076923
142	56	0.111111
142	81	0.111111
142	146	0.166667
142	151	0.166667
143	7	0.025000
143	15	0.041667
143	72	0.090909
143	77	0.100000
143	104	0.125000
143	107	0.142857
143	168	0.166667
144	10	0.035714
144	27	0.100000
144	30	0.062500
144	33	0.100000
144	45	0.055556
144	98	0.076923
144	153	0.166667
145	0	0.015873
145	11	0.034483
145	16	0.040000
145	32	0.111111
145	45	0.055556
145	88	0.083333
145	151	0.166667
145	154	0.166667
145	158	0.166667
145	164	0.166667
146	0	0.015873
146	14	0.031250
146	22	0.041667
146	64	0.076923
146	138	0.142857
146	142	0.125000
147	9	0.024390
147	29	0.062500
147	63	0.100000
147	98	0.076923
147	102	0.083333
147	121	0.125000
148	17	0.037037
148	39	0.083333
148	42	0.076923
148	58	0.090909
148	79	0.100000
148	110	0.125000
149	3	0.066667
149	12	0.024390
149	18	0.045455
149	35	0.090909
149	80	0.142857
149	131	0.125000
150	3	0.066667
150	12	0.024390
150	47	0.058824
150	50	0.071429
150	88	0.083333
150	104	0.125000
151	0	0.015873
151	32	0.111111
151	42	0.076923
151	43	0.100000
151	142	0.125000
151	145	0.100000
152	2	0.031250
152	12	0.024390
152	92	0.071429
152	99	0.125000
152	102	0.083333
152	126	0.125000
153	9	0.024390
153	58	0.090909
153	74	0.125000
153	79	0.100000
153	89	0.142857
153	144	0.142857
154	2	0.031250
154	9	0.024390
154	13	0.047619
154	17	0.037037
154	100	0.125000
154	145	0.100000
155	19	0.032258
155	44	0.100000
155	50	0.071429
155	92	0.071429
155	127	0.125000
155	132	0.142857
156	8	0.024390
156	18	0.045455
156	21	0.052632
156	22	0.041667
156	64	0.076923
156	120	0.125000
157	1	0.038462
157	16	0.040000
157	19	0.032258
157	34	0.045455
157	53	0.083333
157	57	0.125000
158	0	0.015873
158	58	0.090909
158	66	0.100000
158	70	0.083333
158	134	0.111111
158	145	0.100000
159	4	0.029412
159	23	0.050000
159	58	0.090909
159	59	0.083333
159	96	0.100000
159	102	0.083333
160	0	0.015873
160	5	0.045455
160	13	0.047619
160	14	0.031250
160	17	0.037037
160	119	0.142857
160	162	0.166667
161	0	0.015873
161	30	0.062500
161	59	0.083333
161	91	0.100000
161	96	0.100000
161	121	0.125000
162	3	0.066667
162	4	0.029412
162	15	0.041667
162	18	0.045455
162	103	0.111111
162	160	0.142857
163	7	0.025000
163	12	0.024390
163	41	0.071429
163	55	0.076923
163	58	0.090909
163	95	0.083333
164	9	0.024390
164	16	0.040000
164	17	0.037037
164	18	0.045455
164	26	0.055556
164	145	0.100000
165	4	0.029412
165	42	0.076923
165	88	0.083333
165	108	0.125000
165	113	0.125000
165	123	0.142857
166	8	0.024390
166	10	0.035714
166	14	0.031250
166	48	0.055556
166	59	0.083333
166	139	0.111111
167	1	0.038462
167	9	0.024390
167	15	0.041667
167	37	0.090909
167	91	0.100000
167	98	0.076923
167	169	0.166667
168	19	0.032258
168	24	0.076923
168	41	0.071429
168	50	0.071429
168	127	0.125000
168	143	0.142857
169	15	0.041667
169	18	0.045455
169	22	0.041667
169	30	0.062500
169	68	0.090909
169	167	0.142857
170	3	0.066667
170	9	0.024390
170	29	0.062500
170	69	0.125000
170	126	0.125000
170	139	0.111111
171	2	0.031250
171	13	0.047619
171	27	0.100000
171	34	0.045455
171	62	0.125000
171	98	0.076923
