178	2394
0	1	0.125000
0	2	0.052632
0	3	0.031250
0	4	0.020833
0	5	0.034483
0	6	0.111111
0	7	0.017544
0	8	0.016949
0	9	0.023810
0	10	0.018868
0	11	0.032258
0	12	0.021277
0	14	0.045455
0	15	0.045455
0	16	0.035714
0	19	0.045455
0	20	0.045455
0	21	0.062500
0	22	0.033333
0	23	0.050000
0	24	0.041667
0	26	0.076923
0	27	0.090909
0	28	0.066667
0	30	0.066667
0	31	0.045455
0	35	0.045455
0	36	0.076923
0	40	0.038462
0	45	0.100000
0	47	0.055556
0	50	0.055556
0	52	0.055556
0	57	0.076923
0	59	0.062500
0	62	0.083333
0	63	0.090909
0	65	0.100000
0	70	0.090909
0	75	0.111111
0	77	0.111111
0	79	0.111111
0	80	0.100000
0	83	0.083333
0	86	0.111111
0	88	0.083333
0	91	0.100000
0	92	0.100000
0	96	0.111111
0	99	0.142857
0	103	0.125000
0	106	0.111111
0	108	0.090909
0	112	0.100000
0	114	0.142857
0	116	0.142857
0	122	0.142857
0	123	0.125000
0	128	0.111111
0	130	0.125000
0	131	0.125000
0	132	0.125000
0	135	0.142857
0	147	0.142857
0	152	0.142857
0	153	0.142857
0	171	0.142857
0	172	0.142857
1	0	0.014706
1	16	0.035714
1	19	0.045455
1	26	0.076923
1	47	0.055556
1	49	0.142857
1	137	0.125000
1	157	0.142857
2	0	0.014706
2	8	0.016949
2	9	0.023810
2	10	0.018868
2	11	0.032258
2	13	0.029412
2	21	0.062500
2	41	0.058824
2	69	0.090909
2	82	0.066667
2	100	0.111111
2	106	0.111111
2	119	0.125000
2	128	0.111111
2	129	0.125000
2	146	0.125000
2	153	0.142857
2	155	0.111111
2	172	0.142857
3	0	0.014706
3	8	0.016949
3	9	0.023810
3	10	0.018868
3	14	0.045455
3	15	0.045455
3	16	0.035714
3	17	0.041667
3	27	0.090909
3	28	0.066667
3	42	0.071429
3	52	0.055556
3	65	0.100000
3	66	0.100000
3	68	0.111111
3	76	0.111111
3	80	0.100000
3	89	0.111111
3	97	0.100000
3	106	0.111111
3	110	0.083333
3	111	0.111111
3	132	0.125000
3	137	0.125000
3	142	0.125000
3	146	0.125000
3	150	0.142857
3	158	0.142857
3	161	0.142857
3	167	0.125000
3	169	0.142857
3	174	0.142857
4	0	0.014706
4	8	0.016949
4	9	0.023810
4	10	0.018868
4	11	0.032258
4	12	0.021277
4	13	0.029412
4	15	0.045455
4	17	0.041667
4	19	0.045455
4	20	0.045455
4	22	0.033333
4	23	0.050000
4	26	0.076923
4	32	0.032258
4	34	0.047619
4	35	0.045455
4	36	0.076923
4	37	0.062500
4	39	0.062500
4	43	0.043478
4	47	0.055556
4	59	0.062500
4	63	0.090909
4	67	0.083333
4	72	0.066667
4	73	0.058824
4	80	0.100000
4	81	0.111111
4	86	0.111111
4	90	0.111111
4	92	0.100000
4	97	0.100000
4	103	0.125000
4	105	0.125000
4	112	0.100000
4	113	0.100000
4	119	0.125000
4	124	0.100000
4	125	0.111111
4	130	0.125000
4	133	0.142857
4	146	0.125000
4	149	0.142857
4	156	0.125000
4	160	0.142857
4	162	0.142857
4	168	0.142857
5	0	0.014706
5	8	0.016949
5	9	0.023810
5	11	0.032258
5	12	0.021277
5	13	0.029412
5	14	0.045455
5	15	0.045455
5	16	0.035714
5	18	0.031250
5	28	0.066667
5	40	0.038462
5	43	0.043478
5	50	0.055556
5	53	0.076923
5	54	0.090909
5	63	0.090909
5	76	0.111111
5	81	0.111111
5	83	0.083333
5	98	0.111111
5	102	0.111111
5	110	0.083333
5	122	0.142857
5	139	0.142857
5	144	0.125000
5	154	0.142857
5	155	0.111111
5	173	0.142857
6	0	0.014706
6	8	0.016949
6	28	0.066667
6	35	0.045455
6	43	0.043478
6	63	0.090909
6	79	0.111111
6	139	0.142857
6	143	0.142857
7	0	0.014706
7	8	0.016949
7	9	0.023810
7	10	0.018868
7	11	0.032258
7	12	0.021277
7	13	0.029412
7	14	0.045455
7	15	0.045455
7	17	0.041667
7	18	0.031250
7	19	0.045455
7	21	0.062500
7	23	0.050000
7	24	0.041667
7	27	0.090909
7	29	0.052632
7	31	0.045455
7	33	0.058824
7	34	0.047619
7	37	0.062500
7	39	0.062500
7	42	0.071429
7	46	0.071429
7	48	0.083333
7	49	0.142857
7	53	0.076923
7	54	0.090909
7	58	0.066667
7	66	0.100000
7	67	0.083333
7	73	0.058824
7	74	0.076923
7	75	0.111111
7	76	0.111111
7	83	0.083333
7	96	0.111111
7	98	0.111111
7	102	0.111111
7	103	0.125000
7	105	0.125000
7	110	0.083333
7	111	0.111111
7	114	0.142857
7	123	0.125000
7	127	0.111111
7	129	0.125000
7	132	0.125000
7	142	0.125000
7	143	0.142857
7	145	0.142857
7	150	0.142857
7	158	0.142857
7	160	0.142857
7	168	0.142857
7	172	0.142857
7	174	0.142857
8	0	0.014706
8	2	0.052632
8	3	0.031250
8	4	0.020833
8	5	0.034483
8	6	0.111111
8	7	0.017544
8	9	0.023810
8	10	0.018868
8	11	0.032258
8	12	0.021277
8	13	0.029412
8	17	0.041667
8	18	0.031250
8	19	0.045455
8	21	0.062500
8	24	0.041667
8	26	0.076923
8	28	0.066667
8	29	0.052632
8	30	0.066667
8	32	0.032258
8	33	0.058824
8	37	0.062500
8	40	0.038462
8	41	0.058824
8	43	0.043478
8	44	0.090909
8	47	0.055556
8	48	0.083333
8	49	0.142857
8	61	0.100000
8	64	0.100000
8	73	0.058824
8	79	0.111111
8	83	0.083333
8	84	0.142857
8	92	0.100000
8	98	0.111111
8	100	0.111111
8	101	0.125000
8	110	0.083333
8	112	0.100000
8	129	0.125000
8	137	0.125000
8	141	0.125000
8	142	0.125000
8	144	0.125000
8	145	0.142857
8	149	0.142857
8	150	0.142857
8	160	0.142857
8	162	0.142857
8	163	0.142857
8	168	0.142857
8	169	0.142857
8	171	0.142857
8	175	0.142857
8	176	0.142857
9	0	0.014706
9	2	0.052632
9	3	0.031250
9	4	0.020833
9	5	0.034483
9	7	0.017544
9	8	0.016949
9	10	0.018868
9	11	0.032258
9	12	0.021277
9	13	0.029412
9	16	0.035714
9	17	0.041667
9	19	0.045455
9	25	0.047619
9	27	0.090909
9	29	0.052632
9	31	0.045455
9	33	0.058824
9	34	0.047619
9	39	0.062500
9	41	0.058824
9	44	0.090909
9	45	0.100000
9	46	0.071429
9	50	0.055556
9	52	0.055556
9	56	0.071429
9	60	0.100000
9	69	0.090909
9	70	0.090909
9	82	0.066667
9	83	0.083333
9	97	0.100000
9	103	0.125000
9	115	0.142857
9	116	0.142857
9	118	0.125000
9	123	0.125000
9	126	0.100000
9	136	0.142857
9	155	0.111111
10	0	0.014706
10	2	0.052632
10	3	0.031250
10	4	0.020833
10	7	0.017544
10	8	0.016949
10	9	0.023810
10	13	0.029412
10	14	0.045455
10	15	0.045455
10	17	0.041667
10	18	0.031250
10	21	0.062500
10	22	0.033333
10	24	0.041667
10	25	0.047619
10	27	0.090909
10	29	0.052632
10	30	0.066667
10	31	0.045455
10	32	0.032258
10	36	0.076923
10	45	0.100000
10	46	0.071429
10	48	0.083333
10	49	0.142857
10	51	0.055556
10	56	0.071429
10	62	0.083333
10	67	0.083333
10	71	0.071429
10	76	0.111111
10	80	0.100000
10	81	0.111111
10	89	0.111111
10	96	0.111111
10	97	0.100000
10	99	0.142857
10	100	0.111111
10	105	0.125000
10	106	0.111111
10	114	0.142857
10	122	0.142857
10	134	0.142857
10	135	0.142857
10	136	0.142857
10	151	0.142857
10	155	0.111111
10	156	0.125000
10	157	0.142857
10	159	0.142857
10	169	0.142857
10	170	0.125000
11	0	0.014706
11	2	0.052632
11	4	0.020833
11	5	0.034483
11	7	0.017544
11	8	0.016949
11	9	0.023810
11	12	0.021277
11	18	0.031250
11	22	0.033333
11	24	0.041667
11	25	0.047619
11	29	0.052632
11	30	0.066667
11	33	0.058824
11	34	0.047619
11	39	0.062500
11	51	0.055556
11	58	0.066667
11	84	0.142857
11	87	0.076923
11	89	0.111111
11	95	0.142857
11	97	0.100000
11	116	0.142857
11	118	0.125000
11	126	0.100000
11	152	0.142857
11	163	0.142857
11	165	0.142857
11	170	0.125000
12	0	0.014706
12	4	0.020833
12	5	0.034483
12	7	0.017544
12	8	0.016949
12	9	0.023810
12	11	0.032258
12	14	0.045455
12	16	0.035714
12	18	0.031250
12	23	0.050000
12	24	0.041667
12	26	0.076923
12	27	0.090909
12	28	0.066667
12	29	0.052632
12	30	0.066667
12	35	0.045455
12	36	0.076923
12	37	0.062500
12	39	0.062500
12	41	0.058824
12	46	0.071429
12	48	0.083333
12	49	0.142857
12	53	0.076923
12	64	0.100000
12	68	0.111111
12	72	0.066667
12	75	0.111111
12	80	0.100000
12	85	0.125000
12	93	0.100000
12	96	0.111111
12	105	0.125000
12	108	0.090909
12	111	0.111111
12	113	0.100000
12	115	0.142857
12	117	0.125000
12	120	0.111111
12	122	0.142857
12	154	0.142857
12	162	0.142857
12	163	0.142857
12	169	0.142857
12	170	0.125000
13	2	0.052632
13	4	0.020833
13	5	0.034483
13	7	0.017544
13	8	0.016949
13	9	0.023810
13	10	0.018868
13	14	0.045455
13	17	0.041667
13	18	0.031250
13	20	0.045455
13	21	0.062500
13	22	0.033333
13	23	0.050000
13	25	0.047619
13	33	0.058824
13	39	0.062500
13	44	0.090909
13	52	0.055556
13	56	0.071429
13	61	0.100000
13	62	0.083333
13	64	0.100000
13	68	0.111111
13	71	0.071429
13	87	0.076923
13	88	0.083333
13	89	0.111111
13	94	0.111111
13	99	0.142857
13	114	0.142857
13	125	0.111111
13	142	0.125000
13	159	0.142857
14	0	0.014706
14	3	0.031250
14	5	0.034483
14	7	0.017544
14	10	0.018868
14	12	0.021277
14	13	0.029412
14	15	0.045455
14	19	0.045455
14	24	0.041667
14	33	0.058824
14	38	0.076923
14	65	0.100000
14	74	0.076923
14	77	0.111111
14	84	0.142857
14	107	0.125000
14	121	0.111111
14	137	0.125000
14	138	0.125000
14	145	0.142857
14	175	0.142857
15	0	0.014706
15	3	0.031250
15	4	0.020833
15	5	0.034483
15	7	0.017544
15	10	0.018868
15	14	0.045455
15	16	0.035714
15	23	0.050000
15	38	0.076923
15	55	0.076923
15	64	0.100000
15	86	0.111111
15	99	0.142857
15	101	0.125000
15	109	0.125000
15	116	0.142857
15	127	0.111111
15	139	0.142857
15	152	0.142857
15	165	0.142857
15	169	0.142857
16	0	0.014706
16	1	0.125000
16	3	0.031250
16	5	0.034483
16	9	0.023810
16	12	0.021277
16	15	0.045455
16	20	0.045455
16	22	0.033333
16	23	0.050000
16	26	0.076923
16	32	0.032258
16	34	0.047619
16	40	0.038462
16	54	0.090909
16	60	0.100000
16	69	0.090909
16	73	0.058824
16	78	0.090909
16	90	0.111111
16	91	0.100000
16	98	0.111111
16	141	0.125000
16	148	0.142857
16	150	0.142857
16	154	0.142857
16	160	0.142857
16	177	0.142857
17	3	0.031250
17	4	0.020833
17	7	0.017544
17	8	0.016949
17	9	0.023810
17	10	0.018868
17	13	0.029412
17	20	0.045455
17	25	0.047619
17	30	0.066667
17	35	0.045455
17	37	0.062500
17	41	0.058824
17	52	0.055556
17	54	0.090909
17	55	0.076923
17	58	0.066667
17	62	0.083333
17	68	0.111111
17	76	0.111111
17	89	0.111111
17	91	0.100000
17	108	0.090909
17	172	0.142857
18	5	0.034483
18	7	0.017544
18	8	0.016949
18	10	0.018868
18	11	0.032258
18	12	0.021277
18	13	0.029412
18	20	0.045455
18	21	0.062500
18	25	0.047619
18	29	0.052632
18	33	0.058824
18	38	0.076923
18	48	0.083333
18	52	0.055556
18	53	0.076923
18	54	0.090909
18	57	0.076923
18	63	0.090909
18	71	0.071429
18	92	0.100000
18	115	0.142857
18	120	0.111111
18	128	0.111111
18	136	0.142857
18	139	0.142857
18	149	0.142857
18	162	0.142857
18	163	0.142857
18	165	0.142857
18	166	0.125000
18	167	0.125000
19	0	0.014706
19	1	0.125000
19	4	0.020833
19	7	0.017544
19	8	0.016949
19	9	0.023810
19	14	0.045455
19	20	0.045455
19	28	0.066667
19	35	0.045455
19	45	0.100000
19	54	0.090909
19	57	0.076923
19	59	0.062500
19	71	0.071429
19	87	0.076923
19	111	0.111111
19	116	0.142857
19	136	0.142857
19	144	0.125000
19	161	0.142857
19	164	0.142857
20	0	0.014706
20	4	0.020833
20	13	0.029412
20	16	0.035714
20	17	0.041667
20	18	0.031250
20	19	0.045455
20	31	0.045455
20	32	0.032258
20	34	0.047619
20	38	0.076923
20	46	0.071429
20	51	0.055556
20	72	0.066667
20	90	0.111111
20	104	0.090909
20	128	0.111111
20	153	0.142857
20	154	0.142857
20	157	0.142857
20	158	0.142857
20	167	0.125000
21	0	0.014706
21	2	0.052632
21	7	0.017544
21	8	0.016949
21	10	0.018868
21	13	0.029412
21	18	0.031250
21	22	0.033333
21	40	0.038462
21	45	0.100000
21	57	0.076923
21	94	0.111111
21	98	0.111111
21	113	0.100000
21	117	0.125000
21	140	0.142857
22	0	0.014706
22	4	0.020833
22	10	0.018868
22	11	0.032258
22	13	0.029412
22	16	0.035714
22	21	0.062500
22	26	0.076923
22	27	0.090909
22	32	0.032258
22	38	0.076923
22	43	0.043478
22	47	0.055556
22	53	0.076923
22	67	0.083333
22	74	0.076923
22	75	0.111111
22	77	0.111111
22	81	0.111111
22	85	0.125000
22	98	0.111111
22	99	0.142857
22	105	0.125000
22	115	0.142857
22	130	0.125000
22	148	0.142857
22	151	0.142857
22	155	0.111111
22	161	0.142857
22	162	0.142857
23	0	0.014706
23	4	0.020833
23	7	0.017544
23	12	0.021277
23	13	0.029412
23	15	0.045455
23	16	0.035714
23	25	0.047619
23	32	0.032258
23	36	0.076923
23	40	0.038462
23	42	0.071429
23	44	0.090909
23	50	0.055556
23	53	0.076923
23	59	0.062500
23	60	0.100000
23	66	0.100000
23	94	0.111111
23	128	0.111111
24	0	0.014706
24	7	0.017544
24	8	0.016949
24	10	0.018868
24	11	0.032258
24	12	0.021277
24	14	0.045455
24	31	0.045455
24	47	0.055556
24	57	0.076923
24	58	0.066667
24	63	0.090909
24	77	0.111111
24	81	0.111111
24	90	0.111111
24	93	0.100000
24	101	0.125000
24	102	0.111111
24	109	0.125000
24	117	0.125000
24	132	0.125000
24	136	0.142857
24	164	0.142857
24	173	0.142857
25	9	0.023810
25	10	0.018868
25	11	0.032258
25	13	0.029412
25	17	0.041667
25	18	0.031250
25	23	0.050000
25	38	0.076923
25	42	0.071429
25	55	0.076923
25	56	0.071429
25	69	0.090909
25	72	0.066667
25	95	0.142857
25	108	0.090909
25	115	0.142857
25	134	0.142857
25	152	0.142857
25	166	0.125000
25	169	0.142857
25	177	0.142857
26	0	0.014706
26	1	0.125000
26	4	0.020833
26	8	0.016949
26	12	0.021277
26	16	0.035714
26	22	0.033333
26	39	0.062500
26	51	0.055556
26	66	0.100000
26	86	0.111111
26	91	0.100000
26	170	0.125000
27	0	0.014706
27	3	0.031250
27	7	0.017544
27	9	0.023810
27	10	0.018868
27	12	0.021277
27	22	0.033333
27	35	0.045455
27	36	0.076923
27	61	0.100000
27	108	0.090909
28	0	0.014706
28	3	0.031250
28	5	0.034483
28	6	0.111111
28	8	0.016949
28	12	0.021277
28	19	0.045455
28	30	0.066667
28	31	0.045455
28	37	0.062500
28	47	0.055556
28	73	0.058824
28	85	0.125000
28	86	0.111111
28	142	0.125000
29	7	0.017544
29	8	0.016949
29	9	0.023810
29	10	0.018868
29	11	0.032258
29	12	0.021277
29	18	0.031250
29	37	0.062500
29	54	0.090909
29	65	0.100000
29	77	0.111111
29	85	0.125000
29	100	0.111111
29	111	0.111111
29	115	0.142857
29	117	0.125000
29	121	0.111111
29	153	0.142857
29	168	0.142857
30	0	0.014706
30	8	0.016949
30	10	0.018868
30	11	0.032258
30	12	0.021277
30	17	0.041667
30	28	0.066667
30	34	0.047619
30	46	0.071429
30	124	0.100000
30	151	0.142857
30	156	0.125000
30	166	0.125000
30	175	0.142857
30	177	0.142857
31	0	0.014706
31	7	0.017544
31	9	0.023810
31	10	0.018868
31	20	0.045455
31	24	0.041667
31	28	0.066667
31	38	0.076923
31	42	0.071429
31	50	0.055556
31	51	0.055556
31	58	0.066667
31	65	0.100000
31	75	0.111111
31	103	0.125000
31	105	0.125000
31	108	0.090909
31	113	0.100000
31	123	0.125000
31	131	0.125000
31	151	0.142857
31	154	0.142857
32	4	0.020833
32	8	0.016949
32	10	0.018868
32	16	0.035714
32	20	0.045455
32	22	0.033333
32	23	0.050000
32	41	0.058824
32	43	0.043478
32	46	0.071429
32	49	0.142857
32	57	0.076923
32	60	0.100000
32	64	0.100000
32	66	0.100000
32	68	0.111111
32	71	0.071429
32	76	0.111111
32	79	0.111111
32	91	0.100000
32	93	0.100000
32	119	0.125000
32	121	0.111111
32	130	0.125000
32	133	0.142857
32	138	0.125000
32	148	0.142857
32	151	0.142857
32	167	0.125000
32	168	0.142857
32	174	0.142857
33	7	0.017544
33	8	0.016949
33	9	0.023810
33	11	0.032258
33	13	0.029412
33	14	0.045455
33	18	0.031250
33	42	0.071429
33	45	0.100000
33	76	0.111111
33	94	0.111111
33	104	0.090909
33	112	0.100000
33	134	0.142857
33	141	0.125000
33	156	0.125000
33	159	0.142857
34	4	0.020833
34	7	0.017544
34	9	0.023810
34	11	0.032258
34	16	0.035714
34	20	0.045455
34	30	0.066667
34	36	0.076923
34	44	0.090909
34	55	0.076923
34	57	0.076923
34	69	0.090909
34	71	0.071429
34	83	0.083333
34	87	0.076923
34	104	0.090909
34	117	0.125000
34	129	0.125000
34	130	0.125000
34	140	0.142857
34	141	0.125000
35	0	0.014706
35	4	0.020833
35	6	0.111111
35	12	0.021277
35	17	0.041667
35	19	0.045455
35	27	0.090909
35	49	0.142857
35	51	0.055556
35	53	0.076923
35	55	0.076923
35	73	0.058824
35	75	0.111111
35	84	0.142857
35	85	0.125000
35	86	0.111111
35	112	0.100000
35	120	0.111111
35	124	0.100000
35	138	0.125000
35	152	0.142857
35	173	0.142857
36	0	0.014706
36	4	0.020833
36	10	0.018868
36	12	0.021277
36	23	0.050000
36	27	0.090909
36	34	0.047619
36	50	0.055556
36	67	0.083333
36	78	0.090909
36	84	0.142857
36	148	0.142857
36	164	0.142857
37	4	0.020833
37	7	0.017544
37	8	0.016949
37	12	0.021277
37	17	0.041667
37	28	0.066667
37	29	0.052632
37	40	0.038462
37	42	0.071429
37	45	0.100000
37	48	0.083333
37	56	0.071429
37	70	0.090909
37	112	0.100000
37	124	0.100000
37	134	0.142857
38	14	0.045455
38	15	0.045455
38	18	0.031250
38	20	0.045455
38	22	0.033333
38	25	0.047619
38	31	0.045455
38	70	0.090909
38	74	0.076923
38	77	0.111111
38	87	0.076923
38	93	0.100000
38	149	0.142857
39	4	0.020833
39	7	0.017544
39	9	0.023810
39	11	0.032258
39	12	0.021277
39	13	0.029412
39	26	0.076923
39	44	0.090909
39	51	0.055556
39	61	0.100000
39	91	0.100000
39	93	0.100000
39	107	0.125000
39	132	0.125000
39	144	0.125000
39	164	0.142857
40	0	0.014706
40	5	0.034483
40	8	0.016949
40	16	0.035714
40	21	0.062500
40	23	0.050000
40	37	0.062500
40	41	0.058824
40	55	0.076923
40	58	0.066667
40	72	0.066667
40	78	0.090909
40	88	0.083333
40	102	0.111111
40	113	0.100000
40	114	0.142857
40	121	0.111111
40	134	0.142857
40	135	0.142857
40	142	0.125000
40	157	0.142857
40	161	0.142857
40	165	0.142857
40	168	0.142857
40	173	0.142857
40	174	0.142857
41	2	0.052632
41	8	0.016949
41	9	0.023810
41	12	0.021277
41	17	0.041667
41	32	0.032258
41	40	0.038462
41	43	0.043478
41	52	0.055556
41	66	0.100000
41	125	0.111111
41	146	0.125000
41	147	0.142857
41	154	0.142857
41	156	0.125000
41	161	0.142857
41	172	0.142857
42	3	0.031250
42	7	0.017544
42	23	0.050000
42	25	0.047619
42	31	0.045455
42	33	0.058824
42	37	0.062500
42	50	0.055556
42	62	0.083333
42	79	0.111111
42	85	0.125000
42	131	0.125000
42	167	0.125000
42	175	0.142857
43	4	0.020833
43	5	0.034483
43	6	0.111111
43	8	0.016949
43	22	0.033333
43	32	0.032258
43	41	0.058824
43	44	0.090909
43	56	0.071429
43	69	0.090909
43	70	0.090909
43	72	0.066667
43	78	0.090909
43	79	0.111111
43	90	0.111111
43	95	0.142857
43	106	0.111111
43	109	0.125000
43	111	0.111111
43	117	0.125000
43	118	0.125000
43	168	0.142857
43	171	0.142857
44	8	0.016949
44	9	0.023810
44	13	0.029412
44	23	0.050000
44	34	0.047619
44	39	0.062500
44	43	0.043478
44	61	0.100000
44	62	0.083333
44	148	0.142857
44	153	0.142857
45	0	0.014706
45	9	0.023810
45	10	0.018868
45	19	0.045455
45	21	0.062500
45	33	0.058824
45	37	0.062500
45	69	0.090909
45	99	0.142857
45	109	0.125000
46	7	0.017544
46	9	0.023810
46	10	0.018868
46	12	0.021277
46	20	0.045455
46	30	0.066667
46	32	0.032258
46	48	0.083333
46	64	0.100000
46	102	0.111111
46	110	0.083333
46	120	0.111111
46	158	0.142857
46	165	0.142857
47	0	0.014706
47	1	0.125000
47	4	0.020833
47	8	0.016949
47	22	0.033333
47	24	0.041667
47	28	0.066667
47	55	0.076923
47	65	0.100000
47	67	0.083333
47	94	0.111111
47	96	0.111111
47	101	0.125000
47	107	0.125000
47	146	0.125000
47	152	0.142857
47	163	0.142857
47	171	0.142857
48	7	0.017544
48	8	0.016949
48	10	0.018868
48	12	0.021277
48	18	0.031250
48	37	0.062500
48	46	0.071429
48	80	0.100000
48	126	0.100000
48	133	0.142857
48	145	0.142857
48	151	0.142857
49	1	0.125000
49	7	0.017544
49	8	0.016949
49	10	0.018868
49	12	0.021277
49	32	0.032258
49	35	0.045455
50	0	0.014706
50	5	0.034483
50	9	0.023810
50	23	0.050000
50	31	0.045455
50	36	0.076923
50	42	0.071429
50	59	0.062500
50	74	0.076923
50	79	0.111111
50	82	0.066667
50	96	0.111111
50	99	0.142857
50	119	0.125000
50	126	0.100000
50	136	0.142857
50	143	0.142857
50	157	0.142857
51	10	0.018868
51	11	0.032258
51	20	0.045455
51	26	0.076923
51	31	0.045455
51	35	0.045455
51	39	0.062500
51	60	0.100000
51	61	0.100000
51	68	0.111111
51	71	0.071429
51	82	0.066667
51	84	0.142857
51	85	0.125000
51	88	0.083333
51	96	0.111111
51	125	0.111111
51	143	0.142857
52	0	0.014706
52	3	0.031250
52	9	0.023810
52	13	0.029412
52	17	0.041667
52	18	0.031250
52	41	0.058824
52	65	0.100000
52	66	0.100000
52	88	0.083333
52	89	0.111111
52	95	0.142857
52	104	0.090909
52	107	0.125000
52	109	0.125000
52	115	0.142857
52	148	0.142857
52	174	0.142857
53	5	0.034483
53	7	0.017544
53	12	0.021277
53	18	0.031250
53	22	0.033333
53	23	0.050000
53	35	0.045455
53	56	0.071429
53	67	0.083333
53	101	0.125000
53	103	0.125000
53	144	0.125000
53	165	0.142857
54	5	0.034483
54	7	0.017544
54	16	0.035714
54	17	0.041667
54	18	0.031250
54	19	0.045455
54	29	0.052632
54	106	0.111111
54	110	0.083333
54	118	0.125000
54	175	0.142857
55	15	0.045455
55	17	0.041667
55	25	0.047619
55	34	0.047619
55	35	0.045455
55	40	0.038462
55	47	0.055556
55	58	0.066667
55	60	0.100000
55	73	0.058824
55	75	0.111111
55	87	0.076923
55	88	0.083333
56	9	0.023810
56	10	0.018868
56	13	0.029412
56	25	0.047619
56	37	0.062500
56	43	0.043478
56	53	0.076923
56	61	0.100000
56	70	0.090909
56	80	0.100000
56	92	0.100000
56	116	0.142857
56	156	0.125000
56	164	0.142857
57	0	0.014706
57	18	0.031250
57	19	0.045455
57	21	0.062500
57	24	0.041667
57	32	0.032258
57	34	0.047619
57	59	0.062500
57	74	0.076923
57	93	0.100000
57	132	0.125000
57	166	0.125000
57	170	0.125000
58	7	0.017544
58	11	0.032258
58	17	0.041667
58	24	0.041667
58	31	0.045455
58	40	0.038462
58	55	0.076923
58	59	0.062500
58	60	0.100000
58	62	0.083333
58	72	0.066667
58	87	0.076923
58	91	0.100000
58	140	0.142857
58	155	0.111111
59	0	0.014706
59	4	0.020833
59	19	0.045455
59	23	0.050000
59	50	0.055556
59	57	0.076923
59	58	0.066667
59	78	0.090909
59	81	0.111111
59	107	0.125000
59	120	0.111111
59	128	0.111111
59	136	0.142857
59	141	0.125000
59	147	0.142857
59	166	0.125000
60	9	0.023810
60	16	0.035714
60	23	0.050000
60	32	0.032258
60	51	0.055556
60	55	0.076923
60	58	0.066667
60	125	0.111111
60	144	0.125000
60	158	0.142857
61	8	0.016949
61	13	0.029412
61	27	0.090909
61	39	0.062500
61	44	0.090909
61	51	0.055556
61	56	0.071429
61	70	0.090909
61	118	0.125000
61	125	0.111111
62	0	0.014706
62	10	0.018868
62	13	0.029412
62	17	0.041667
62	42	0.071429
62	44	0.090909
62	58	0.066667
62	63	0.090909
62	64	0.100000
62	145	0.142857
62	161	0.142857
62	163	0.142857
63	0	0.014706
63	4	0.020833
63	5	0.034483
63	6	0.111111
63	18	0.031250
63	24	0.041667
63	62	0.083333
63	83	0.083333
63	109	0.125000
63	116	0.142857
63	122	0.142857
64	8	0.016949
64	12	0.021277
64	13	0.029412
64	15	0.045455
64	32	0.032258
64	46	0.071429
64	62	0.083333
64	89	0.111111
64	93	0.100000
64	156	0.125000
65	0	0.014706
65	3	0.031250
65	14	0.045455
65	29	0.052632
65	31	0.045455
65	47	0.055556
65	52	0.055556
65	74	0.076923
65	103	0.125000
65	124	0.100000
66	3	0.031250
66	7	0.017544
66	23	0.050000
66	26	0.076923
66	32	0.032258
66	41	0.058824
66	52	0.055556
66	129	0.125000
66	162	0.142857
66	167	0.125000
67	4	0.020833
67	7	0.017544
67	10	0.018868
67	22	0.033333
67	36	0.076923
67	47	0.055556
67	53	0.076923
67	68	0.111111
67	95	0.142857
67	100	0.111111
67	107	0.125000
67	118	0.125000
68	3	0.031250
68	12	0.021277
68	13	0.029412
68	17	0.041667
68	32	0.032258
68	51	0.055556
68	67	0.083333
68	126	0.100000
68	144	0.125000
69	2	0.052632
69	9	0.023810
69	16	0.035714
69	25	0.047619
69	34	0.047619
69	43	0.043478
69	45	0.100000
69	130	0.125000
69	138	0.125000
69	140	0.142857
69	163	0.142857
70	0	0.014706
70	9	0.023810
70	37	0.062500
70	38	0.076923
70	43	0.043478
70	56	0.071429
70	61	0.100000
70	82	0.066667
70	84	0.142857
70	100	0.111111
70	119	0.125000
71	10	0.018868
71	13	0.029412
71	18	0.031250
71	19	0.045455
71	32	0.032258
71	34	0.047619
71	51	0.055556
71	78	0.090909
71	82	0.066667
71	94	0.111111
71	122	0.142857
71	127	0.111111
71	135	0.142857
71	153	0.142857
72	4	0.020833
72	12	0.021277
72	20	0.045455
72	25	0.047619
72	40	0.038462
72	43	0.043478
72	58	0.066667
72	78	0.090909
72	82	0.066667
72	127	0.111111
72	128	0.111111
72	131	0.125000
72	135	0.142857
72	141	0.125000
72	160	0.142857
73	4	0.020833
73	7	0.017544
73	8	0.016949
73	16	0.035714
73	28	0.066667
73	35	0.045455
73	55	0.076923
73	90	0.111111
73	92	0.100000
73	95	0.142857
73	104	0.090909
73	107	0.125000
73	110	0.083333
73	113	0.100000
73	123	0.125000
73	125	0.111111
73	154	0.142857
74	7	0.017544
74	14	0.045455
74	22	0.033333
74	38	0.076923
74	50	0.055556
74	57	0.076923
74	65	0.100000
74	77	0.111111
74	113	0.100000
74	124	0.100000
74	127	0.111111
74	131	0.125000
74	135	0.142857
75	0	0.014706
75	7	0.017544
75	12	0.021277
75	22	0.033333
75	31	0.045455
75	35	0.045455
75	55	0.076923
75	81	0.111111
75	143	0.142857
76	3	0.031250
76	5	0.034483
76	7	0.017544
76	10	0.018868
76	17	0.041667
76	32	0.032258
76	33	0.058824
76	133	0.142857
76	147	0.142857
77	0	0.014706
77	14	0.045455
77	22	0.033333
77	24	0.041667
77	29	0.052632
77	38	0.076923
77	74	0.076923
77	112	0.100000
77	120	0.111111
78	16	0.035714
78	36	0.076923
78	40	0.038462
78	43	0.043478
78	59	0.062500
78	71	0.071429
78	72	0.066667
78	86	0.111111
78	95	0.142857
78	126	0.100000
78	157	0.142857
79	0	0.014706
79	6	0.111111
79	8	0.016949
79	32	0.032258
79	42	0.071429
79	43	0.043478
79	50	0.055556
79	101	0.125000
79	133	0.142857
80	0	0.014706
80	3	0.031250
80	4	0.020833
80	10	0.018868
80	12	0.021277
80	48	0.083333
80	56	0.071429
80	126	0.100000
80	138	0.125000
80	177	0.142857
81	4	0.020833
81	5	0.034483
81	10	0.018868
81	22	0.033333
81	24	0.041667
81	59	0.062500
81	75	0.111111
81	123	0.125000
81	143	0.142857
82	2	0.052632
82	9	0.023810
82	50	0.055556
82	51	0.055556
82	70	0.090909
82	71	0.071429
82	72	0.066667
82	88	0.083333
82	105	0.125000
82	118	0.125000
82	121	0.111111
82	152	0.142857
82	155	0.111111
82	158	0.142857
82	177	0.142857
83	0	0.014706
83	5	0.034483
83	7	0.017544
83	8	0.016949
83	9	0.023810
83	34	0.047619
83	63	0.090909
83	104	0.090909
83	129	0.125000
83	130	0.125000
83	140	0.142857
83	147	0.142857
84	8	0.016949
84	11	0.032258
84	14	0.045455
84	35	0.045455
84	36	0.076923
84	51	0.055556
84	70	0.090909
85	12	0.021277
85	22	0.033333
85	28	0.066667
85	29	0.052632
85	35	0.045455
85	42	0.071429
85	51	0.055556
85	158	0.142857
86	0	0.014706
86	4	0.020833
86	15	0.045455
86	26	0.076923
86	28	0.066667
86	35	0.045455
86	78	0.090909
86	102	0.111111
86	160	0.142857
87	11	0.032258
87	13	0.029412
87	19	0.045455
87	34	0.047619
87	38	0.076923
87	55	0.076923
87	58	0.066667
87	92	0.100000
87	109	0.125000
87	132	0.125000
87	133	0.142857
87	147	0.142857
87	176	0.142857
88	0	0.014706
88	13	0.029412
88	40	0.038462
88	51	0.055556
88	52	0.055556
88	55	0.076923
88	82	0.066667
88	90	0.111111
88	111	0.111111
88	119	0.125000
88	140	0.142857
88	150	0.142857
89	3	0.031250
89	10	0.018868
89	11	0.032258
89	13	0.029412
89	17	0.041667
89	52	0.055556
89	64	0.100000
89	159	0.142857
89	174	0.142857
90	4	0.020833
90	16	0.035714
90	20	0.045455
90	24	0.041667
90	43	0.043478
90	73	0.058824
90	88	0.083333
90	104	0.090909
90	114	0.142857
91	0	0.014706
91	16	0.035714
91	17	0.041667
91	26	0.076923
91	32	0.032258
91	39	0.062500
91	58	0.066667
91	97	0.100000
91	102	0.111111
91	108	0.090909
92	0	0.014706
92	4	0.020833
92	8	0.016949
92	18	0.031250
92	56	0.071429
92	73	0.058824
92	87	0.076923
92	94	0.111111
92	148	0.142857
92	159	0.142857
93	12	0.021277
93	24	0.041667
93	32	0.032258
93	38	0.076923
93	39	0.062500
93	57	0.076923
93	64	0.100000
93	97	0.100000
93	120	0.111111
93	175	0.142857
94	13	0.029412
94	21	0.062500
94	23	0.050000
94	33	0.058824
94	47	0.055556
94	71	0.071429
94	92	0.100000
94	119	0.125000
94	145	0.142857
95	11	0.032258
95	25	0.047619
95	43	0.043478
95	52	0.055556
95	67	0.083333
95	73	0.058824
95	78	0.090909
96	0	0.014706
96	7	0.017544
96	10	0.018868
96	12	0.021277
96	47	0.055556
96	50	0.055556
96	51	0.055556
96	122	0.142857
96	127	0.111111
97	3	0.031250
97	4	0.020833
97	9	0.023810
97	10	0.018868
97	11	0.032258
97	91	0.100000
97	93	0.100000
97	98	0.111111
97	100	0.111111
97	176	0.142857
98	5	0.034483
98	7	0.017544
98	8	0.016949
98	16	0.035714
98	21	0.062500
98	22	0.033333
98	97	0.100000
98	147	0.142857
98	166	0.125000
99	0	0.014706
99	10	0.018868
99	13	0.029412
99	15	0.045455
99	22	0.033333
99	45	0.100000
99	50	0.055556
100	2	0.052632
100	8	0.016949
100	10	0.018868
100	29	0.052632
100	67	0.083333
100	70	0.090909
100	97	0.100000
100	101	0.125000
100	121	0.111111
101	8	0.016949
101	15	0.045455
101	24	0.041667
101	47	0.055556
101	53	0.076923
101	79	0.111111
101	100	0.111111
101	138	0.125000
102	5	0.034483
102	7	0.017544
102	24	0.041667
102	40	0.038462
102	46	0.071429
102	86	0.111111
102	91	0.100000
102	137	0.125000
102	142	0.125000
103	0	0.014706
103	4	0.020833
103	7	0.017544
103	9	0.023810
103	31	0.045455
103	53	0.076923
103	65	0.100000
103	106	0.111111
104	20	0.045455
104	33	0.058824
104	34	0.047619
104	52	0.055556
104	73	0.058824
104	83	0.083333
104	90	0.111111
104	114	0.142857
104	149	0.142857
104	150	0.142857
104	173	0.142857
105	4	0.020833
105	7	0.017544
105	10	0.018868
105	12	0.021277
105	22	0.033333
105	31	0.045455
105	82	0.066667
105	131	0.125000
106	0	0.014706
106	2	0.052632
106	3	0.031250
106	10	0.018868
106	43	0.043478
106	54	0.090909
106	103	0.125000
106	117	0.125000
106	134	0.142857
107	14	0.045455
107	39	0.062500
107	47	0.055556
107	52	0.055556
107	59	0.062500
107	67	0.083333
107	73	0.058824
107	138	0.125000
108	0	0.014706
108	12	0.021277
108	17	0.041667
108	25	0.047619
108	27	0.090909
108	31	0.045455
108	91	0.100000
108	129	0.125000
108	145	0.142857
108	149	0.142857
108	160	0.142857
109	15	0.045455
109	24	0.041667
109	43	0.043478
109	45	0.100000
109	52	0.055556
109	63	0.090909
109	87	0.076923
109	139	0.142857
110	3	0.031250
110	5	0.034483
110	7	0.017544
110	8	0.016949
110	46	0.071429
110	54	0.090909
110	73	0.058824
110	123	0.125000
110	133	0.142857
110	139	0.142857
110	157	0.142857
110	171	0.142857
111	3	0.031250
111	7	0.017544
111	12	0.021277
111	19	0.045455
111	29	0.052632
111	43	0.043478
111	88	0.083333
111	135	0.142857
111	176	0.142857
112	0	0.014706
112	4	0.020833
112	8	0.016949
112	33	0.058824
112	35	0.045455
112	37	0.062500
112	77	0.111111
112	141	0.125000
112	164	0.142857
112	173	0.142857
113	4	0.020833
113	12	0.021277
113	21	0.062500
113	31	0.045455
113	40	0.038462
113	73	0.058824
113	74	0.076923
113	121	0.111111
113	124	0.100000
113	146	0.125000
114	0	0.014706
114	7	0.017544
114	10	0.018868
114	13	0.029412
114	40	0.038462
114	90	0.111111
114	104	0.090909
115	9	0.023810
115	12	0.021277
115	18	0.031250
115	22	0.033333
115	25	0.047619
115	29	0.052632
115	52	0.055556
116	0	0.014706
116	9	0.023810
116	11	0.032258
116	15	0.045455
116	19	0.045455
116	56	0.071429
116	63	0.090909
117	12	0.021277
117	21	0.062500
117	24	0.041667
117	29	0.052632
117	34	0.047619
117	43	0.043478
117	106	0.111111
117	134	0.142857
118	9	0.023810
118	11	0.032258
118	43	0.043478
118	54	0.090909
118	61	0.100000
118	67	0.083333
118	82	0.066667
118	171	0.142857
119	2	0.052632
119	4	0.020833
119	32	0.032258
119	50	0.055556
119	70	0.090909
119	88	0.083333
119	94	0.111111
119	172	0.142857
120	12	0.021277
120	18	0.031250
120	35	0.045455
120	46	0.071429
120	59	0.062500
120	77	0.111111
120	93	0.100000
120	131	0.125000
120	137	0.125000
121	14	0.045455
121	29	0.052632
121	32	0.032258
121	40	0.038462
121	82	0.066667
121	100	0.111111
121	113	0.100000
121	127	0.111111
121	137	0.125000
122	0	0.014706
122	5	0.034483
122	10	0.018868
122	12	0.021277
122	63	0.090909
122	71	0.071429
122	96	0.111111
123	0	0.014706
123	7	0.017544
123	9	0.023810
123	31	0.045455
123	73	0.058824
123	81	0.111111
123	110	0.083333
123	159	0.142857
124	4	0.020833
124	30	0.066667
124	35	0.045455
124	37	0.062500
124	65	0.100000
124	74	0.076923
124	113	0.100000
124	140	0.142857
124	159	0.142857
124	164	0.142857
125	4	0.020833
125	13	0.029412
125	41	0.058824
125	51	0.055556
125	60	0.100000
125	61	0.100000
125	73	0.058824
125	151	0.142857
125	162	0.142857
126	9	0.023810
126	11	0.032258
126	48	0.083333
126	50	0.055556
126	68	0.111111
126	78	0.090909
126	80	0.100000
126	167	0.125000
126	170	0.125000
126	175	0.142857
127	7	0.017544
127	15	0.045455
127	71	0.071429
127	72	0.066667
127	74	0.076923
127	96	0.111111
127	121	0.111111
127	139	0.142857
127	146	0.125000
128	0	0.014706
128	2	0.052632
128	18	0.031250
128	20	0.045455
128	23	0.050000
128	59	0.062500
128	72	0.066667
128	161	0.142857
128	171	0.142857
129	2	0.052632
129	7	0.017544
129	8	0.016949
129	34	0.047619
129	66	0.100000
129	83	0.083333
129	108	0.090909
129	165	0.142857
130	0	0.014706
130	4	0.020833
130	22	0.033333
130	32	0.032258
130	34	0.047619
130	69	0.090909
130	83	0.083333
130	173	0.142857
131	0	0.014706
131	31	0.045455
131	42	0.071429
131	72	0.066667
131	74	0.076923
131	105	0.125000
131	120	0.111111
131	143	0.142857
132	0	0.014706
132	3	0.031250
132	7	0.017544
132	24	0.041667
132	39	0.062500
132	57	0.076923
132	87	0.076923
132	149	0.142857
133	4	0.020833
133	32	0.032258
133	48	0.083333
133	76	0.111111
133	79	0.111111
133	87	0.076923
133	110	0.083333
134	10	0.018868
134	25	0.047619
134	33	0.058824
134	37	0.062500
134	40	0.038462
134	106	0.111111
134	117	0.125000
135	0	0.014706
135	10	0.018868
135	40	0.038462
135	71	0.071429
135	72	0.066667
135	74	0.076923
135	111	0.111111
136	9	0.023810
136	10	0.018868
136	18	0.031250
136	19	0.045455
136	24	0.041667
136	50	0.055556
136	59	0.062500
137	1	0.125000
137	3	0.031250
137	8	0.016949
137	14	0.045455
137	102	0.111111
137	120	0.111111
137	121	0.111111
137	177	0.142857
138	14	0.045455
138	32	0.032258
138	35	0.045455
138	69	0.090909
138	80	0.100000
138	101	0.125000
138	107	0.125000
138	170	0.125000
139	5	0.034483
139	6	0.111111
139	15	0.045455
139	18	0.031250
139	109	0.125000
139	110	0.083333
139	127	0.111111
140	21	0.062500
140	34	0.047619
140	58	0.066667
140	69	0.090909
140	83	0.083333
140	88	0.083333
140	124	0.100000
141	8	0.016949
141	16	0.035714
141	33	0.058824
141	34	0.047619
141	59	0.062500
141	72	0.066667
141	112	0.100000
141	153	0.142857
142	3	0.031250
142	7	0.017544
142	8	0.016949
142	13	0.029412
142	28	0.066667
142	40	0.038462
142	102	0.111111
142	166	0.125000
143	6	0.111111
143	7	0.017544
143	50	0.055556
143	51	0.055556
143	75	0.111111
143	81	0.111111
143	131	0.125000
144	5	0.034483
144	8	0.016949
144	19	0.045455
144	39	0.062500
144	53	0.076923
144	60	0.100000
144	68	0.111111
144	150	0.142857
145	7	0.017544
145	8	0.016949
145	14	0.045455
145	48	0.083333
145	62	0.083333
145	94	0.111111
145	108	0.090909
146	2	0.052632
146	3	0.031250
146	4	0.020833
146	41	0.058824
146	47	0.055556
146	113	0.100000
146	127	0.111111
146	169	0.142857
147	0	0.014706
147	41	0.058824
147	59	0.062500
147	76	0.111111
147	83	0.083333
147	87	0.076923
147	98	0.111111
148	16	0.035714
148	22	0.033333
148	32	0.032258
148	36	0.076923
148	44	0.090909
148	52	0.055556
148	92	0.100000
149	4	0.020833
149	8	0.016949
149	18	0.031250
149	38	0.076923
149	104	0.090909
149	108	0.090909
149	132	0.125000
150	3	0.031250
150	7	0.017544
150	8	0.016949
150	16	0.035714
150	88	0.083333
150	104	0.090909
150	144	0.125000
151	10	0.018868
151	22	0.033333
151	30	0.066667
151	31	0.045455
151	32	0.032258
151	48	0.083333
151	125	0.111111
152	0	0.014706
152	11	0.032258
152	15	0.045455
152	25	0.047619
152	35	0.045455
152	47	0.055556
152	82	0.066667
153	0	0.014706
153	2	0.052632
153	20	0.045455
153	29	0.052632
153	44	0.090909
153	71	0.071429
153	141	0.125000
154	5	0.034483
154	12	0.021277
154	16	0.035714
154	20	0.045455
154	31	0.045455
154	41	0.058824
154	73	0.058824
155	2	0.052632
155	5	0.034483
155	9	0.023810
155	10	0.018868
155	22	0.033333
155	58	0.066667
155	82	0.066667
155	172	0.142857
155	176	0.142857
156	4	0.020833
156	10	0.018868
156	30	0.066667
156	33	0.058824
156	41	0.058824
156	56	0.071429
156	64	0.100000
156	174	0.142857
157	1	0.125000
157	10	0.018868
157	20	0.045455
157	40	0.038462
157	50	0.055556
157	78	0.090909
157	110	0.083333
158	3	0.031250
158	7	0.017544
158	20	0.045455
158	46	0.071429
158	60	0.100000
158	82	0.066667
158	85	0.125000
159	10	0.018868
159	13	0.029412
159	33	0.058824
159	89	0.111111
159	92	0.100000
159	123	0.125000
159	124	0.100000
160	4	0.020833
160	7	0.017544
160	8	0.016949
160	16	0.035714
160	72	0.066667
160	86	0.111111
160	108	0.090909
161	3	0.031250
161	19	0.045455
161	22	0.033333
161	40	0.038462
161	41	0.058824
161	62	0.083333
161	128	0.111111
162	4	0.020833
162	8	0.016949
162	12	0.021277
162	18	0.031250
162	22	0.033333
162	66	0.100000
162	125	0.111111
163	8	0.016949
163	11	0.032258
163	12	0.021277
163	18	0.031250
163	47	0.055556
163	62	0.083333
163	69	0.090909
164	19	0.045455
164	24	0.041667
164	36	0.076923
164	39	0.062500
164	56	0.071429
164	112	0.100000
164	124	0.100000
165	11	0.032258
165	15	0.045455
165	18	0.031250
165	40	0.038462
165	46	0.071429
165	53	0.076923
165	129	0.125000
166	18	0.031250
166	25	0.047619
166	30	0.066667
166	57	0.076923
166	59	0.062500
166	98	0.111111
166	142	0.125000
166	177	0.142857
167	3	0.031250
167	18	0.031250
167	20	0.045455
167	32	0.032258
167	42	0.071429
167	66	0.100000
167	126	0.100000
167	176	0.142857
168	4	0.020833
168	7	0.017544
168	8	0.016949
168	29	0.052632
168	32	0.032258
168	40	0.038462
168	43	0.043478
169	3	0.031250
169	8	0.016949
169	10	0.018868
169	12	0.021277
169	15	0.045455
169	25	0.047619
169	146	0.125000
170	10	0.018868
170	11	0.032258
170	12	0.021277
170	26	0.076923
170	57	0.076923
170	126	0.100000
170	138	0.125000
170	176	0.142857
171	0	0.014706
171	8	0.016949
171	43	0.043478
171	47	0.055556
171	110	0.083333
171	118	0.125000
171	128	0.111111
172	0	0.014706
172	2	0.052632
172	7	0.017544
172	17	0.041667
172	41	0.058824
172	119	0.125000
172	155	0.111111
173	5	0.034483
173	24	0.041667
173	35	0.045455
173	40	0.038462
173	104	0.090909
173	112	0.100000
173	130	0.125000
174	3	0.031250
174	7	0.017544
174	32	0.032258
174	40	0.038462
174	52	0.055556
174	89	0.111111
174	156	0.125000
175	8	0.016949
175	14	0.045455
175	30	0.066667
175	42	0.071429
175	54	0.090909
175	93	0.100000
175	126	0.100000
176	8	0.016949
176	87	0.076923
176	97	0.100000
176	111	0.111111
176	155	0.111111
176	167	0.125000
176	170	0.125000
177	16	0.035714
177	25	0.047619
177	30	0.066667
177	80	0.100000
177	82	0.066667
177	137	0.125000
177	166	0.125000
