114	878
0	4	0.021277
0	5	0.021739
0	9	0.058824
0	10	0.062500
0	11	0.142857
0	19	0.066667
0	23	0.111111
0	26	0.090909
0	27	0.090909
0	29	0.142857
0	32	0.090909
0	38	0.166667
0	46	0.200000
0	49	0.200000
0	52	0.166667
0	62	0.200000
0	64	0.142857
0	68	0.250000
0	69	0.200000
0	97	0.250000
0	107	0.250000
1	4	0.021277
1	5	0.021739
1	6	0.090909
1	8	0.111111
1	17	0.076923
1	22	0.111111
1	45	0.125000
1	60	0.166667
1	65	0.250000
1	66	0.166667
1	76	0.250000
2	4	0.021277
2	6	0.090909
2	25	0.083333
2	95	0.250000
2	97	0.250000
2	109	0.250000
3	4	0.021277
3	5	0.021739
3	6	0.090909
3	7	0.050000
3	8	0.111111
3	9	0.058824
3	12	0.058824
3	13	0.142857
3	15	0.100000
3	16	0.050000
3	17	0.076923
3	20	0.142857
3	21	0.142857
3	24	0.100000
3	32	0.090909
3	34	0.076923
3	37	0.200000
3	38	0.166667
3	39	0.200000
3	41	0.111111
3	43	0.166667
3	47	0.200000
3	50	0.200000
3	56	0.250000
3	59	0.200000
3	61	0.200000
3	70	0.166667
3	71	0.200000
3	72	0.200000
3	73	0.250000
3	78	0.200000
3	83	0.200000
3	93	0.250000
3	95	0.250000
3	109	0.250000
4	0	0.047619
4	1	0.090909
4	2	0.166667
4	3	0.028571
4	5	0.021739
4	7	0.050000
4	8	0.111111
4	10	0.062500
4	11	0.142857
4	12	0.058824
4	13	0.142857
4	14	0.142857
4	17	0.076923
4	18	0.125000
4	20	0.142857
4	21	0.142857
4	22	0.111111
4	26	0.090909
4	28	0.166667
4	29	0.142857
4	33	0.076923
4	39	0.200000
4	41	0.111111
4	45	0.125000
4	46	0.200000
4	48	0.142857
4	52	0.166667
4	53	0.166667
4	59	0.200000
4	60	0.166667
4	63	0.200000
4	64	0.142857
4	66	0.166667
4	67	0.200000
4	71	0.200000
4	72	0.200000
4	78	0.200000
4	79	0.200000
4	81	0.142857
4	82	0.200000
4	85	0.200000
4	87	0.250000
4	99	0.250000
4	100	0.250000
4	104	0.250000
4	112	0.250000
4	113	0.250000
5	0	0.047619
5	1	0.090909
5	3	0.028571
5	4	0.021277
5	6	0.090909
5	7	0.050000
5	9	0.058824
5	11	0.142857
5	13	0.142857
5	14	0.142857
5	15	0.100000
5	17	0.076923
5	18	0.125000
5	19	0.066667
5	20	0.142857
5	21	0.142857
5	24	0.100000
5	28	0.166667
5	30	0.100000
5	33	0.076923
5	43	0.166667
5	44	0.250000
5	48	0.142857
5	55	0.250000
5	56	0.250000
5	57	0.250000
5	61	0.200000
5	69	0.200000
5	70	0.166667
5	77	0.250000
5	81	0.142857
5	83	0.200000
5	84	0.200000
5	85	0.200000
5	86	0.200000
5	87	0.250000
5	89	0.250000
5	90	0.166667
5	99	0.250000
5	100	0.250000
5	104	0.250000
5	105	0.333333
5	108	0.250000
5	109	0.250000
5	111	0.250000
5	113	0.250000
6	1	0.090909
6	2	0.166667
6	3	0.028571
6	5	0.021739
6	7	0.050000
6	18	0.125000
6	25	0.083333
6	27	0.090909
6	58	0.200000
6	65	0.250000
6	74	0.166667
7	3	0.028571
7	4	0.021277
7	5	0.021739
7	6	0.090909
7	8	0.111111
7	9	0.058824
7	10	0.062500
7	14	0.142857
7	16	0.050000
7	23	0.111111
7	31	0.083333
7	32	0.090909
7	35	0.142857
7	54	0.166667
7	56	0.250000
7	57	0.250000
7	62	0.200000
7	63	0.200000
7	79	0.200000
7	112	0.250000
8	1	0.090909
8	3	0.028571
8	4	0.021277
8	7	0.050000
8	12	0.058824
8	15	0.100000
8	54	0.166667
8	61	0.200000
8	100	0.250000
9	0	0.047619
9	3	0.028571
9	5	0.021739
9	7	0.050000
9	10	0.062500
9	11	0.142857
9	12	0.058824
9	16	0.050000
9	23	0.111111
9	25	0.083333
9	30	0.100000
9	42	0.250000
9	43	0.166667
9	66	0.166667
9	72	0.200000
9	77	0.250000
9	107	0.250000
10	0	0.047619
10	4	0.021277
10	7	0.050000
10	9	0.058824
10	16	0.050000
10	19	0.066667
10	30	0.100000
10	31	0.083333
10	37	0.200000
10	46	0.200000
10	52	0.166667
10	67	0.200000
10	70	0.166667
10	96	0.250000
10	110	0.250000
10	113	0.250000
11	0	0.047619
11	4	0.021277
11	5	0.021739
11	9	0.058824
11	22	0.111111
11	50	0.200000
11	111	0.250000
12	3	0.028571
12	4	0.021277
12	8	0.111111
12	9	0.058824
12	13	0.142857
12	14	0.142857
12	20	0.142857
12	23	0.111111
12	24	0.100000
12	27	0.090909
12	34	0.076923
12	38	0.166667
12	47	0.200000
12	55	0.250000
12	74	0.166667
12	92	0.200000
12	107	0.250000
13	3	0.028571
13	4	0.021277
13	5	0.021739
13	12	0.058824
13	25	0.083333
13	27	0.090909
13	58	0.200000
14	4	0.021277
14	5	0.021739
14	7	0.050000
14	12	0.058824
14	15	0.100000
14	22	0.111111
14	78	0.200000
15	3	0.028571
15	5	0.021739
15	8	0.111111
15	14	0.142857
15	18	0.125000
15	31	0.083333
15	88	0.250000
15	102	0.250000
15	104	0.250000
15	108	0.250000
16	3	0.028571
16	7	0.050000
16	9	0.058824
16	10	0.062500
16	28	0.166667
16	30	0.100000
16	34	0.076923
16	35	0.142857
16	40	0.250000
16	41	0.111111
16	49	0.200000
16	55	0.250000
16	66	0.166667
16	67	0.200000
16	76	0.250000
16	89	0.250000
16	98	0.250000
16	101	0.200000
16	112	0.250000
16	113	0.250000
17	1	0.090909
17	3	0.028571
17	4	0.021277
17	5	0.021739
17	24	0.100000
17	42	0.250000
17	52	0.166667
17	68	0.250000
17	73	0.250000
17	75	0.166667
17	79	0.200000
17	94	0.250000
17	103	0.250000
18	4	0.021277
18	5	0.021739
18	6	0.090909
18	15	0.100000
18	19	0.066667
18	36	0.142857
18	76	0.250000
18	108	0.250000
19	0	0.047619
19	5	0.021739
19	10	0.062500
19	18	0.125000
19	21	0.142857
19	28	0.166667
19	36	0.142857
19	51	0.200000
19	62	0.200000
19	74	0.166667
19	80	0.200000
19	86	0.200000
19	96	0.250000
19	99	0.250000
19	101	0.200000
20	3	0.028571
20	4	0.021277
20	5	0.021739
20	12	0.058824
20	63	0.200000
20	76	0.250000
20	94	0.250000
21	3	0.028571
21	4	0.021277
21	5	0.021739
21	19	0.066667
21	32	0.090909
21	39	0.200000
21	71	0.200000
22	1	0.090909
22	4	0.021277
22	11	0.142857
22	14	0.142857
22	29	0.142857
22	31	0.083333
22	50	0.200000
22	56	0.250000
22	75	0.166667
23	0	0.047619
23	7	0.050000
23	9	0.058824
23	12	0.058824
23	26	0.090909
23	53	0.166667
23	57	0.250000
23	72	0.200000
23	79	0.200000
24	3	0.028571
24	5	0.021739
24	12	0.058824
24	17	0.076923
24	33	0.076923
24	42	0.250000
24	47	0.200000
24	48	0.142857
24	50	0.200000
24	58	0.200000
25	2	0.166667
25	6	0.090909
25	9	0.058824
25	13	0.142857
25	26	0.090909
25	29	0.142857
25	36	0.142857
25	44	0.250000
25	51	0.200000
25	69	0.200000
25	84	0.200000
25	93	0.250000
26	0	0.047619
26	4	0.021277
26	23	0.111111
26	25	0.083333
26	33	0.076923
26	35	0.142857
26	36	0.142857
26	51	0.200000
26	64	0.142857
26	90	0.166667
26	110	0.250000
27	0	0.047619
27	6	0.090909
27	12	0.058824
27	13	0.142857
27	38	0.166667
27	40	0.250000
27	44	0.250000
27	69	0.200000
27	74	0.166667
27	85	0.200000
27	90	0.166667
28	4	0.021277
28	5	0.021739
28	16	0.050000
28	19	0.066667
28	60	0.166667
28	102	0.250000
29	0	0.047619
29	4	0.021277
29	22	0.111111
29	25	0.083333
29	34	0.076923
29	85	0.200000
29	111	0.250000
30	5	0.021739
30	9	0.058824
30	10	0.062500
30	16	0.050000
30	37	0.200000
30	45	0.125000
30	51	0.200000
30	81	0.142857
30	97	0.250000
30	102	0.250000
31	7	0.050000
31	10	0.062500
31	15	0.100000
31	22	0.111111
31	37	0.200000
31	44	0.250000
31	47	0.200000
31	54	0.166667
31	58	0.200000
31	65	0.250000
31	92	0.200000
31	109	0.250000
32	0	0.047619
32	3	0.028571
32	7	0.050000
32	21	0.142857
32	39	0.200000
32	40	0.250000
32	49	0.200000
32	53	0.166667
32	57	0.250000
32	87	0.250000
32	103	0.250000
33	4	0.021277
33	5	0.021739
33	24	0.100000
33	26	0.090909
33	48	0.142857
33	55	0.250000
33	60	0.166667
33	61	0.200000
33	64	0.142857
33	65	0.250000
33	80	0.200000
33	98	0.250000
33	99	0.250000
34	3	0.028571
34	12	0.058824
34	16	0.050000
34	29	0.142857
34	35	0.142857
34	42	0.250000
34	43	0.166667
34	45	0.125000
34	46	0.200000
34	59	0.200000
34	70	0.166667
34	88	0.250000
34	92	0.200000
35	7	0.050000
35	16	0.050000
35	26	0.090909
35	34	0.076923
35	62	0.200000
35	82	0.200000
35	102	0.250000
36	18	0.125000
36	19	0.066667
36	25	0.083333
36	26	0.090909
36	40	0.250000
36	63	0.200000
36	68	0.250000
37	3	0.028571
37	10	0.062500
37	30	0.100000
37	31	0.083333
37	75	0.166667
38	0	0.047619
38	3	0.028571
38	12	0.058824
38	27	0.090909
38	41	0.111111
38	75	0.166667
39	3	0.028571
39	4	0.021277
39	21	0.142857
39	32	0.090909
39	83	0.200000
40	16	0.050000
40	27	0.090909
40	32	0.090909
40	36	0.142857
41	3	0.028571
41	4	0.021277
41	16	0.050000
41	38	0.166667
41	54	0.166667
41	73	0.250000
41	101	0.200000
41	105	0.333333
41	107	0.250000
42	9	0.058824
42	17	0.076923
42	24	0.100000
42	34	0.076923
43	3	0.028571
43	5	0.021739
43	9	0.058824
43	34	0.076923
43	59	0.200000
43	67	0.200000
44	5	0.021739
44	25	0.083333
44	27	0.090909
44	31	0.083333
45	1	0.090909
45	4	0.021277
45	30	0.100000
45	34	0.076923
45	53	0.166667
45	77	0.250000
45	80	0.200000
45	96	0.250000
46	0	0.047619
46	4	0.021277
46	10	0.062500
46	34	0.076923
46	49	0.200000
47	3	0.028571
47	12	0.058824
47	24	0.100000
47	31	0.083333
47	95	0.250000
48	4	0.021277
48	5	0.021739
48	24	0.100000
48	33	0.076923
48	106	0.250000
48	110	0.250000
48	111	0.250000
49	0	0.047619
49	16	0.050000
49	32	0.090909
49	46	0.200000
49	87	0.250000
50	3	0.028571
50	11	0.142857
50	22	0.111111
50	24	0.100000
50	91	0.250000
51	19	0.066667
51	25	0.083333
51	26	0.090909
51	30	0.100000
51	94	0.250000
52	0	0.047619
52	4	0.021277
52	10	0.062500
52	17	0.076923
52	83	0.200000
52	112	0.250000
53	4	0.021277
53	23	0.111111
53	32	0.090909
53	45	0.125000
53	91	0.250000
53	97	0.250000
54	7	0.050000
54	8	0.111111
54	31	0.083333
54	41	0.111111
54	92	0.200000
54	106	0.250000
55	5	0.021739
55	12	0.058824
55	16	0.050000
55	33	0.076923
56	3	0.028571
56	5	0.021739
56	7	0.050000
56	22	0.111111
57	5	0.021739
57	7	0.050000
57	23	0.111111
57	32	0.090909
58	6	0.090909
58	13	0.142857
58	24	0.100000
58	31	0.083333
58	86	0.200000
59	3	0.028571
59	4	0.021277
59	34	0.076923
59	43	0.166667
59	101	0.200000
60	1	0.090909
60	4	0.021277
60	28	0.166667
60	33	0.076923
60	82	0.200000
60	98	0.250000
61	3	0.028571
61	5	0.021739
61	8	0.111111
61	33	0.076923
61	89	0.250000
62	0	0.047619
62	7	0.050000
62	19	0.066667
62	35	0.142857
62	81	0.142857
63	4	0.021277
63	7	0.050000
63	20	0.142857
63	36	0.142857
63	108	0.250000
64	0	0.047619
64	4	0.021277
64	26	0.090909
64	33	0.076923
64	68	0.250000
64	71	0.200000
64	88	0.250000
65	1	0.090909
65	6	0.090909
65	31	0.083333
65	33	0.076923
66	1	0.090909
66	4	0.021277
66	9	0.058824
66	16	0.050000
66	73	0.250000
66	104	0.250000
67	4	0.021277
67	10	0.062500
67	16	0.050000
67	43	0.166667
67	77	0.250000
68	0	0.047619
68	17	0.076923
68	36	0.142857
68	64	0.142857
69	0	0.047619
69	5	0.021739
69	25	0.083333
69	27	0.090909
69	78	0.200000
70	3	0.028571
70	5	0.021739
70	10	0.062500
70	34	0.076923
70	82	0.200000
70	106	0.250000
71	3	0.028571
71	4	0.021277
71	21	0.142857
71	64	0.142857
71	84	0.200000
72	3	0.028571
72	4	0.021277
72	9	0.058824
72	23	0.111111
72	106	0.250000
73	3	0.028571
73	17	0.076923
73	41	0.111111
73	66	0.166667
74	6	0.090909
74	12	0.058824
74	19	0.066667
74	27	0.090909
74	91	0.250000
74	98	0.250000
75	17	0.076923
75	22	0.111111
75	37	0.200000
75	38	0.166667
75	86	0.200000
75	94	0.250000
76	1	0.090909
76	16	0.050000
76	18	0.125000
76	20	0.142857
77	5	0.021739
77	9	0.058824
77	45	0.125000
77	67	0.200000
78	3	0.028571
78	4	0.021277
78	14	0.142857
78	69	0.200000
78	80	0.200000
79	4	0.021277
79	7	0.050000
79	17	0.076923
79	23	0.111111
79	91	0.250000
80	19	0.066667
80	33	0.076923
80	45	0.125000
80	78	0.200000
80	88	0.250000
81	4	0.021277
81	5	0.021739
81	30	0.100000
81	62	0.200000
81	84	0.200000
81	93	0.250000
81	103	0.250000
82	4	0.021277
82	35	0.142857
82	60	0.166667
82	70	0.166667
82	89	0.250000
83	3	0.028571
83	5	0.021739
83	39	0.200000
83	52	0.166667
83	90	0.166667
84	5	0.021739
84	25	0.083333
84	71	0.200000
84	81	0.142857
84	93	0.250000
85	4	0.021277
85	5	0.021739
85	27	0.090909
85	29	0.142857
85	95	0.250000
86	5	0.021739
86	19	0.066667
86	58	0.200000
86	75	0.166667
86	96	0.250000
87	4	0.021277
87	5	0.021739
87	32	0.090909
87	49	0.200000
88	15	0.100000
88	34	0.076923
88	64	0.142857
88	80	0.200000
89	5	0.021739
89	16	0.050000
89	61	0.200000
89	82	0.200000
90	5	0.021739
90	26	0.090909
90	27	0.090909
90	83	0.200000
90	100	0.250000
90	110	0.250000
91	50	0.200000
91	53	0.166667
91	74	0.166667
91	79	0.200000
92	12	0.058824
92	31	0.083333
92	34	0.076923
92	54	0.166667
92	103	0.250000
93	3	0.028571
93	25	0.083333
93	81	0.142857
93	84	0.200000
94	17	0.076923
94	20	0.142857
94	51	0.200000
94	75	0.166667
95	2	0.166667
95	3	0.028571
95	47	0.200000
95	85	0.200000
96	10	0.062500
96	19	0.066667
96	45	0.125000
96	86	0.200000
97	0	0.047619
97	2	0.166667
97	30	0.100000
97	53	0.166667
98	16	0.050000
98	33	0.076923
98	60	0.166667
98	74	0.166667
99	4	0.021277
99	5	0.021739
99	19	0.066667
99	33	0.076923
100	4	0.021277
100	5	0.021739
100	8	0.111111
100	90	0.166667
101	16	0.050000
101	19	0.066667
101	41	0.111111
101	59	0.200000
101	105	0.333333
102	15	0.100000
102	28	0.166667
102	30	0.100000
102	35	0.142857
103	17	0.076923
103	32	0.090909
103	81	0.142857
103	92	0.200000
104	4	0.021277
104	5	0.021739
104	15	0.100000
104	66	0.166667
105	5	0.021739
105	41	0.111111
105	101	0.200000
106	48	0.142857
106	54	0.166667
106	70	0.166667
106	72	0.200000
107	0	0.047619
107	9	0.058824
107	12	0.058824
107	41	0.111111
108	5	0.021739
108	15	0.100000
108	18	0.125000
108	63	0.200000
109	2	0.166667
109	3	0.028571
109	5	0.021739
109	31	0.083333
110	10	0.062500
110	26	0.090909
110	48	0.142857
110	90	0.166667
111	5	0.021739
111	11	0.142857
111	29	0.142857
111	48	0.142857
112	4	0.021277
112	7	0.050000
112	16	0.050000
112	52	0.166667
113	4	0.021277
113	5	0.021739
113	10	0.062500
113	16	0.050000
