182	2436
0	7	0.015152
0	8	0.021739
0	9	0.021739
0	10	0.024390
0	11	0.038462
0	16	0.030303
0	17	0.030303
0	20	0.037037
0	22	0.029412
0	24	0.043478
0	33	0.033333
0	41	0.043478
0	42	0.062500
0	43	0.058824
0	45	0.076923
0	48	0.047619
0	50	0.071429
0	53	0.125000
0	60	0.100000
0	75	0.083333
0	99	0.166667
0	107	0.083333
0	130	0.125000
0	162	0.142857
0	164	0.142857
0	176	0.142857
0	180	0.142857
1	7	0.015152
1	8	0.021739
1	9	0.021739
1	10	0.024390
1	14	0.027778
1	20	0.037037
1	26	0.066667
1	28	0.052632
1	35	0.050000
1	38	0.062500
1	43	0.058824
1	45	0.076923
1	46	0.062500
1	47	0.066667
1	50	0.071429
1	57	0.100000
1	66	0.111111
1	71	0.111111
1	74	0.142857
1	79	0.090909
1	85	0.083333
1	86	0.076923
1	89	0.100000
1	93	0.111111
1	104	0.100000
1	116	0.125000
1	119	0.090909
1	120	0.111111
1	126	0.142857
1	146	0.142857
1	152	0.125000
1	155	0.125000
1	160	0.142857
1	177	0.142857
2	7	0.015152
2	8	0.021739
2	10	0.024390
2	11	0.038462
2	12	0.033333
2	13	0.022727
2	17	0.030303
2	19	0.040000
2	20	0.037037
2	24	0.043478
2	25	0.052632
2	27	0.125000
2	30	0.111111
2	31	0.076923
2	34	0.043478
2	38	0.062500
2	39	0.090909
2	44	0.076923
2	48	0.047619
2	53	0.125000
2	56	0.090909
2	58	0.125000
2	65	0.076923
2	75	0.083333
2	76	0.058824
2	78	0.076923
2	81	0.090909
2	82	0.058824
2	91	0.142857
2	104	0.100000
2	105	0.083333
2	110	0.125000
2	111	0.090909
2	114	0.125000
2	129	0.111111
2	130	0.125000
2	140	0.111111
2	143	0.142857
2	145	0.111111
2	151	0.125000
2	153	0.142857
2	161	0.142857
2	163	0.125000
2	171	0.125000
2	181	0.142857
3	7	0.015152
3	8	0.021739
3	9	0.021739
3	11	0.038462
3	13	0.022727
3	14	0.027778
3	15	0.050000
3	30	0.111111
3	35	0.050000
3	45	0.076923
3	46	0.062500
3	53	0.125000
3	62	0.100000
3	76	0.058824
3	88	0.071429
3	111	0.090909
3	117	0.090909
3	138	0.142857
3	144	0.125000
3	179	0.142857
4	7	0.015152
4	9	0.021739
4	11	0.038462
4	13	0.022727
4	14	0.027778
4	15	0.050000
4	17	0.030303
4	18	0.038462
4	22	0.029412
4	27	0.125000
4	29	0.090909
4	34	0.043478
4	38	0.062500
4	39	0.090909
4	44	0.076923
4	48	0.047619
4	52	0.055556
4	72	0.071429
4	87	0.111111
4	92	0.090909
4	97	0.083333
4	125	0.142857
4	134	0.142857
4	137	0.142857
4	150	0.142857
5	7	0.015152
5	8	0.021739
5	9	0.021739
5	10	0.024390
5	11	0.038462
5	12	0.033333
5	15	0.050000
5	17	0.030303
5	21	0.043478
5	23	0.050000
5	24	0.043478
5	29	0.090909
5	36	0.071429
5	41	0.043478
5	42	0.062500
5	51	0.125000
5	57	0.100000
5	59	0.100000
5	67	0.071429
5	69	0.100000
5	70	0.100000
5	73	0.083333
5	81	0.090909
5	90	0.090909
5	120	0.111111
5	125	0.142857
5	129	0.111111
5	142	0.125000
5	145	0.111111
5	155	0.125000
5	174	0.142857
6	7	0.015152
6	8	0.021739
6	9	0.021739
6	12	0.033333
6	18	0.038462
6	22	0.029412
6	24	0.043478
6	30	0.111111
6	34	0.043478
6	38	0.062500
6	41	0.043478
6	70	0.100000
6	83	0.100000
6	95	0.142857
6	122	0.111111
6	130	0.125000
6	148	0.100000
6	174	0.142857
7	0	0.037037
7	1	0.029412
7	2	0.022222
7	3	0.050000
7	4	0.040000
7	5	0.032258
7	6	0.055556
7	8	0.021739
7	10	0.024390
7	11	0.038462
7	12	0.033333
7	13	0.022727
7	15	0.050000
7	16	0.030303
7	17	0.030303
7	18	0.038462
7	19	0.040000
7	20	0.037037
7	22	0.029412
7	28	0.052632
7	31	0.076923
7	32	0.050000
7	36	0.071429
7	39	0.090909
7	40	0.083333
7	43	0.058824
7	44	0.076923
7	45	0.076923
7	46	0.062500
7	49	0.071429
7	52	0.055556
7	55	0.100000
7	56	0.090909
7	62	0.100000
7	63	0.111111
7	65	0.076923
7	67	0.071429
7	68	0.066667
7	69	0.100000
7	72	0.071429
7	74	0.142857
7	76	0.058824
7	79	0.090909
7	81	0.090909
7	83	0.100000
7	85	0.083333
7	87	0.111111
7	100	0.111111
7	102	0.083333
7	106	0.076923
7	110	0.125000
7	111	0.090909
7	116	0.125000
7	121	0.111111
7	123	0.111111
7	127	0.142857
7	128	0.142857
7	148	0.100000
7	154	0.142857
7	156	0.142857
7	160	0.142857
7	164	0.142857
7	168	0.142857
7	174	0.142857
7	178	0.142857
7	180	0.142857
8	0	0.037037
8	1	0.029412
8	2	0.022222
8	3	0.050000
8	5	0.032258
8	6	0.055556
8	7	0.015152
8	9	0.021739
8	10	0.024390
8	12	0.033333
8	14	0.027778
8	16	0.030303
8	17	0.030303
8	18	0.038462
8	19	0.040000
8	21	0.043478
8	23	0.050000
8	24	0.043478
8	25	0.052632
8	31	0.076923
8	32	0.050000
8	47	0.066667
8	53	0.125000
8	55	0.100000
8	60	0.100000
8	61	0.111111
8	62	0.100000
8	65	0.076923
8	71	0.111111
8	77	0.058824
8	83	0.100000
8	86	0.076923
8	105	0.083333
8	108	0.090909
8	119	0.090909
8	128	0.142857
8	135	0.125000
8	137	0.142857
8	146	0.142857
8	149	0.111111
8	151	0.125000
8	155	0.125000
8	160	0.142857
8	171	0.125000
8	174	0.142857
8	176	0.142857
9	0	0.037037
9	1	0.029412
9	3	0.050000
9	4	0.040000
9	5	0.032258
9	6	0.055556
9	8	0.021739
9	10	0.024390
9	11	0.038462
9	13	0.022727
9	16	0.030303
9	18	0.038462
9	19	0.040000
9	27	0.125000
9	30	0.111111
9	33	0.033333
9	36	0.071429
9	42	0.062500
9	43	0.058824
9	47	0.066667
9	49	0.071429
9	50	0.071429
9	52	0.055556
9	58	0.125000
9	59	0.100000
9	64	0.062500
9	66	0.111111
9	76	0.058824
9	83	0.100000
9	91	0.142857
9	93	0.111111
9	96	0.100000
9	100	0.111111
9	103	0.090909
9	104	0.100000
9	110	0.125000
9	113	0.111111
9	118	0.125000
9	120	0.111111
9	132	0.090909
9	133	0.142857
9	147	0.111111
9	150	0.142857
9	154	0.142857
9	162	0.142857
9	172	0.142857
10	0	0.037037
10	1	0.029412
10	2	0.022222
10	5	0.032258
10	7	0.015152
10	8	0.021739
10	9	0.021739
10	12	0.033333
10	13	0.022727
10	14	0.027778
10	15	0.050000
10	16	0.030303
10	21	0.043478
10	23	0.050000
10	25	0.052632
10	26	0.066667
10	27	0.125000
10	29	0.090909
10	35	0.050000
10	45	0.076923
10	47	0.066667
10	51	0.125000
10	53	0.125000
10	69	0.100000
10	74	0.142857
10	80	0.142857
10	84	0.083333
10	95	0.142857
10	101	0.100000
10	107	0.083333
10	110	0.125000
10	122	0.111111
10	126	0.142857
10	134	0.142857
10	135	0.125000
10	142	0.125000
10	148	0.100000
10	156	0.142857
10	160	0.142857
10	164	0.142857
10	171	0.125000
11	0	0.037037
11	2	0.022222
11	3	0.050000
11	4	0.040000
11	5	0.032258
11	7	0.015152
11	9	0.021739
11	12	0.033333
11	14	0.027778
11	15	0.050000
11	17	0.030303
11	19	0.040000
11	26	0.066667
11	27	0.125000
11	36	0.071429
11	54	0.066667
11	71	0.111111
11	80	0.142857
11	94	0.100000
11	100	0.111111
11	113	0.111111
11	115	0.142857
11	118	0.125000
11	126	0.142857
11	143	0.142857
11	181	0.142857
12	2	0.022222
12	5	0.032258
12	6	0.055556
12	7	0.015152
12	8	0.021739
12	10	0.024390
12	11	0.038462
12	21	0.043478
12	23	0.050000
12	25	0.052632
12	27	0.125000
12	35	0.050000
12	51	0.125000
12	70	0.100000
12	87	0.111111
12	89	0.100000
12	97	0.083333
12	99	0.166667
12	110	0.125000
12	112	0.111111
12	120	0.111111
12	121	0.111111
12	124	0.125000
12	128	0.142857
12	135	0.125000
12	147	0.111111
12	154	0.142857
12	159	0.142857
12	170	0.142857
12	175	0.125000
13	2	0.022222
13	3	0.050000
13	4	0.040000
13	7	0.015152
13	9	0.021739
13	10	0.024390
13	14	0.027778
13	15	0.050000
13	16	0.030303
13	18	0.038462
13	20	0.037037
13	24	0.043478
13	26	0.066667
13	28	0.052632
13	32	0.050000
13	33	0.033333
13	34	0.043478
13	37	0.076923
13	39	0.090909
13	54	0.066667
13	57	0.100000
13	59	0.100000
13	60	0.100000
13	63	0.111111
13	64	0.062500
13	65	0.076923
13	68	0.066667
13	69	0.100000
13	70	0.100000
13	77	0.058824
13	84	0.083333
13	94	0.100000
13	106	0.076923
13	113	0.111111
13	114	0.125000
13	115	0.142857
13	118	0.125000
13	122	0.111111
13	137	0.142857
13	140	0.111111
13	142	0.125000
13	157	0.125000
13	167	0.142857
13	168	0.142857
14	1	0.029412
14	3	0.050000
14	4	0.040000
14	8	0.021739
14	10	0.024390
14	11	0.038462
14	13	0.022727
14	16	0.030303
14	19	0.040000
14	20	0.037037
14	21	0.043478
14	22	0.029412
14	25	0.052632
14	26	0.066667
14	27	0.125000
14	28	0.052632
14	30	0.111111
14	33	0.033333
14	35	0.050000
14	40	0.083333
14	44	0.076923
14	49	0.071429
14	54	0.066667
14	57	0.100000
14	64	0.062500
14	73	0.083333
14	79	0.090909
14	82	0.058824
14	86	0.076923
14	92	0.090909
14	109	0.125000
14	140	0.111111
14	148	0.100000
14	161	0.142857
14	167	0.142857
14	168	0.142857
15	3	0.050000
15	4	0.040000
15	5	0.032258
15	7	0.015152
15	10	0.024390
15	11	0.038462
15	13	0.022727
15	22	0.029412
15	24	0.043478
15	29	0.090909
15	31	0.076923
15	39	0.090909
15	52	0.055556
15	54	0.066667
15	71	0.111111
15	83	0.100000
15	122	0.111111
15	136	0.111111
15	147	0.111111
15	169	0.125000
16	0	0.037037
16	7	0.015152
16	8	0.021739
16	9	0.021739
16	10	0.024390
16	13	0.022727
16	14	0.027778
16	19	0.040000
16	22	0.029412
16	23	0.050000
16	31	0.076923
16	37	0.076923
16	40	0.083333
16	41	0.043478
16	51	0.125000
16	54	0.066667
16	56	0.090909
16	58	0.125000
16	61	0.111111
16	63	0.111111
16	68	0.066667
16	75	0.083333
16	80	0.142857
16	87	0.111111
16	99	0.166667
16	121	0.111111
16	144	0.125000
16	152	0.125000
16	157	0.125000
16	168	0.142857
16	170	0.142857
16	176	0.142857
16	178	0.142857
17	0	0.037037
17	2	0.022222
17	4	0.040000
17	5	0.032258
17	7	0.015152
17	8	0.021739
17	11	0.038462
17	21	0.043478
17	32	0.050000
17	33	0.033333
17	37	0.076923
17	40	0.083333
17	41	0.043478
17	42	0.062500
17	46	0.062500
17	47	0.066667
17	57	0.100000
17	72	0.071429
17	73	0.083333
17	80	0.142857
17	81	0.090909
17	88	0.071429
17	90	0.090909
17	98	0.076923
17	100	0.111111
17	112	0.111111
17	114	0.125000
17	121	0.111111
17	125	0.142857
17	138	0.142857
17	157	0.125000
17	159	0.142857
17	180	0.142857
18	4	0.040000
18	6	0.055556
18	7	0.015152
18	8	0.021739
18	9	0.021739
18	13	0.022727
18	20	0.037037
18	23	0.050000
18	26	0.066667
18	29	0.090909
18	34	0.043478
18	39	0.090909
18	40	0.083333
18	43	0.058824
18	55	0.100000
18	59	0.100000
18	76	0.058824
18	85	0.083333
18	90	0.090909
18	94	0.100000
18	96	0.100000
18	108	0.090909
18	140	0.111111
18	149	0.111111
18	166	0.125000
18	179	0.142857
19	2	0.022222
19	7	0.015152
19	8	0.021739
19	9	0.021739
19	11	0.038462
19	14	0.027778
19	16	0.030303
19	21	0.043478
19	28	0.052632
19	32	0.050000
19	33	0.033333
19	36	0.071429
19	47	0.066667
19	50	0.071429
19	52	0.055556
19	56	0.090909
19	67	0.071429
19	69	0.100000
19	78	0.076923
19	89	0.100000
19	91	0.142857
19	96	0.100000
19	141	0.125000
19	154	0.142857
19	161	0.142857
20	0	0.037037
20	1	0.029412
20	2	0.022222
20	7	0.015152
20	13	0.022727
20	14	0.027778
20	18	0.038462
20	25	0.052632
20	29	0.090909
20	37	0.076923
20	58	0.125000
20	78	0.076923
20	84	0.083333
20	85	0.083333
20	94	0.100000
20	108	0.090909
20	128	0.142857
20	129	0.111111
20	131	0.125000
20	135	0.125000
20	137	0.142857
20	141	0.125000
20	152	0.125000
20	158	0.142857
20	164	0.142857
20	170	0.142857
20	180	0.142857
21	5	0.032258
21	8	0.021739
21	10	0.024390
21	12	0.033333
21	14	0.027778
21	17	0.030303
21	19	0.040000
21	42	0.062500
21	48	0.047619
21	68	0.066667
21	72	0.071429
21	77	0.058824
21	78	0.076923
21	79	0.090909
21	92	0.090909
21	142	0.125000
21	153	0.142857
21	156	0.142857
21	158	0.142857
21	163	0.125000
21	165	0.142857
21	177	0.142857
21	181	0.142857
22	0	0.037037
22	4	0.040000
22	6	0.055556
22	7	0.015152
22	14	0.027778
22	15	0.050000
22	16	0.030303
22	25	0.052632
22	34	0.043478
22	36	0.071429
22	38	0.062500
22	39	0.090909
22	40	0.083333
22	41	0.043478
22	46	0.062500
22	49	0.071429
22	51	0.125000
22	56	0.090909
22	59	0.100000
22	67	0.071429
22	74	0.142857
22	78	0.076923
22	88	0.071429
22	93	0.111111
22	110	0.125000
22	131	0.125000
22	135	0.125000
22	136	0.111111
22	145	0.111111
22	151	0.125000
22	152	0.125000
22	159	0.142857
22	160	0.142857
22	167	0.142857
23	5	0.032258
23	8	0.021739
23	10	0.024390
23	12	0.033333
23	16	0.030303
23	18	0.038462
23	35	0.050000
23	38	0.062500
23	61	0.111111
23	63	0.111111
23	74	0.142857
23	77	0.058824
23	83	0.100000
23	88	0.071429
23	103	0.090909
23	117	0.090909
23	144	0.125000
23	152	0.125000
23	156	0.142857
23	163	0.125000
24	0	0.037037
24	2	0.022222
24	5	0.032258
24	6	0.055556
24	8	0.021739
24	13	0.022727
24	15	0.050000
24	30	0.111111
24	36	0.071429
24	37	0.076923
24	51	0.125000
24	55	0.100000
24	60	0.100000
24	69	0.100000
24	81	0.090909
24	90	0.090909
24	97	0.083333
24	99	0.166667
24	104	0.100000
24	106	0.076923
24	132	0.090909
24	171	0.125000
24	175	0.125000
25	2	0.022222
25	8	0.021739
25	10	0.024390
25	12	0.033333
25	14	0.027778
25	20	0.037037
25	22	0.029412
25	28	0.052632
25	29	0.090909
25	56	0.090909
25	69	0.100000
25	70	0.100000
25	71	0.111111
25	96	0.100000
25	107	0.083333
25	121	0.111111
25	148	0.100000
25	153	0.142857
25	170	0.142857
26	1	0.029412
26	10	0.024390
26	11	0.038462
26	13	0.022727
26	14	0.027778
26	18	0.038462
26	28	0.052632
26	37	0.076923
26	62	0.100000
26	97	0.083333
26	100	0.111111
26	108	0.090909
26	113	0.111111
26	131	0.125000
26	176	0.142857
27	2	0.022222
27	4	0.040000
27	9	0.021739
27	10	0.024390
27	11	0.038462
27	12	0.033333
27	14	0.027778
27	31	0.076923
28	1	0.029412
28	7	0.015152
28	13	0.022727
28	14	0.027778
28	19	0.040000
28	25	0.052632
28	26	0.066667
28	30	0.111111
28	32	0.050000
28	35	0.050000
28	44	0.076923
28	46	0.062500
28	67	0.071429
28	71	0.111111
28	89	0.100000
28	106	0.076923
28	116	0.125000
28	129	0.111111
28	159	0.142857
29	4	0.040000
29	5	0.032258
29	10	0.024390
29	15	0.050000
29	18	0.038462
29	20	0.037037
29	25	0.052632
29	31	0.076923
29	79	0.090909
29	138	0.142857
29	147	0.111111
30	2	0.022222
30	3	0.050000
30	6	0.055556
30	9	0.021739
30	14	0.027778
30	24	0.043478
30	28	0.052632
30	56	0.090909
30	180	0.142857
31	2	0.022222
31	7	0.015152
31	8	0.021739
31	15	0.050000
31	16	0.030303
31	27	0.125000
31	29	0.090909
31	32	0.050000
31	37	0.076923
31	55	0.100000
31	101	0.100000
31	114	0.125000
31	176	0.142857
32	7	0.015152
32	8	0.021739
32	13	0.022727
32	17	0.030303
32	19	0.040000
32	28	0.052632
32	31	0.076923
32	33	0.033333
32	34	0.043478
32	48	0.047619
32	53	0.125000
32	59	0.100000
32	91	0.142857
32	97	0.083333
32	106	0.076923
32	125	0.142857
32	128	0.142857
32	146	0.142857
32	167	0.142857
32	171	0.125000
33	0	0.037037
33	9	0.021739
33	13	0.022727
33	14	0.027778
33	17	0.030303
33	19	0.040000
33	32	0.050000
33	42	0.062500
33	43	0.058824
33	46	0.062500
33	47	0.066667
33	52	0.055556
33	54	0.066667
33	58	0.125000
33	65	0.076923
33	67	0.071429
33	70	0.100000
33	75	0.083333
33	95	0.142857
33	99	0.166667
33	115	0.142857
33	131	0.125000
33	133	0.142857
33	135	0.125000
33	159	0.142857
33	166	0.125000
33	170	0.142857
33	172	0.142857
33	174	0.142857
33	175	0.125000
34	2	0.022222
34	4	0.040000
34	6	0.055556
34	13	0.022727
34	18	0.038462
34	22	0.029412
34	32	0.050000
34	38	0.062500
34	40	0.083333
34	44	0.076923
34	53	0.125000
34	55	0.100000
34	62	0.100000
34	83	0.100000
34	88	0.071429
34	95	0.142857
34	97	0.083333
34	114	0.125000
34	119	0.090909
34	124	0.125000
34	132	0.090909
34	139	0.142857
34	176	0.142857
35	1	0.029412
35	3	0.050000
35	10	0.024390
35	12	0.033333
35	14	0.027778
35	23	0.050000
35	28	0.052632
35	42	0.062500
35	48	0.047619
35	51	0.125000
35	55	0.100000
35	60	0.100000
35	66	0.111111
35	78	0.076923
35	86	0.076923
35	128	0.142857
35	142	0.125000
35	151	0.125000
35	167	0.142857
35	173	0.125000
36	5	0.032258
36	7	0.015152
36	9	0.021739
36	11	0.038462
36	19	0.040000
36	22	0.029412
36	24	0.043478
36	41	0.043478
36	64	0.062500
36	74	0.142857
36	75	0.083333
36	116	0.125000
36	149	0.111111
36	155	0.125000
37	13	0.022727
37	16	0.030303
37	17	0.030303
37	20	0.037037
37	24	0.043478
37	26	0.066667
37	31	0.076923
37	57	0.100000
37	63	0.111111
37	72	0.071429
37	92	0.090909
37	134	0.142857
37	169	0.125000
38	1	0.029412
38	2	0.022222
38	4	0.040000
38	6	0.055556
38	22	0.029412
38	23	0.050000
38	34	0.043478
38	57	0.100000
38	65	0.076923
38	79	0.090909
38	96	0.100000
38	104	0.100000
38	105	0.083333
38	115	0.142857
38	123	0.111111
38	162	0.142857
39	2	0.022222
39	4	0.040000
39	7	0.015152
39	13	0.022727
39	15	0.050000
39	18	0.038462
39	22	0.029412
39	49	0.071429
39	54	0.066667
39	79	0.090909
39	98	0.076923
40	7	0.015152
40	14	0.027778
40	16	0.030303
40	17	0.030303
40	18	0.038462
40	22	0.029412
40	34	0.043478
40	80	0.142857
40	87	0.111111
40	98	0.076923
40	127	0.142857
40	177	0.142857
41	0	0.037037
41	5	0.032258
41	6	0.055556
41	16	0.030303
41	17	0.030303
41	22	0.029412
41	36	0.071429
41	43	0.058824
41	45	0.076923
41	50	0.071429
41	58	0.125000
41	60	0.100000
41	61	0.111111
41	85	0.083333
41	98	0.076923
41	105	0.083333
41	107	0.083333
41	115	0.142857
41	122	0.111111
41	139	0.142857
41	143	0.142857
41	166	0.125000
41	175	0.125000
42	0	0.037037
42	5	0.032258
42	9	0.021739
42	17	0.030303
42	21	0.043478
42	33	0.033333
42	35	0.050000
42	44	0.076923
42	45	0.076923
42	48	0.047619
42	49	0.071429
42	64	0.062500
42	92	0.090909
42	95	0.142857
42	123	0.111111
42	131	0.125000
43	0	0.037037
43	1	0.029412
43	7	0.015152
43	9	0.021739
43	18	0.038462
43	33	0.033333
43	41	0.043478
43	50	0.071429
43	52	0.055556
43	62	0.100000
43	76	0.058824
43	81	0.090909
43	86	0.076923
43	100	0.111111
43	141	0.125000
43	164	0.142857
43	177	0.142857
44	2	0.022222
44	4	0.040000
44	7	0.015152
44	14	0.027778
44	28	0.052632
44	34	0.043478
44	42	0.062500
44	62	0.100000
44	70	0.100000
44	111	0.090909
44	143	0.142857
44	150	0.142857
44	165	0.142857
45	0	0.037037
45	1	0.029412
45	3	0.050000
45	7	0.015152
45	10	0.024390
45	41	0.043478
45	42	0.062500
45	64	0.062500
45	84	0.083333
45	86	0.076923
45	145	0.111111
45	162	0.142857
45	163	0.125000
46	1	0.029412
46	3	0.050000
46	7	0.015152
46	17	0.030303
46	22	0.029412
46	28	0.052632
46	33	0.033333
46	66	0.111111
46	68	0.066667
46	82	0.058824
46	116	0.125000
46	119	0.090909
46	126	0.142857
46	136	0.111111
46	173	0.125000
46	181	0.142857
47	1	0.029412
47	8	0.021739
47	9	0.021739
47	10	0.024390
47	17	0.030303
47	19	0.040000
47	33	0.033333
47	49	0.071429
47	66	0.111111
47	73	0.083333
47	82	0.058824
47	91	0.142857
47	93	0.111111
47	156	0.142857
47	174	0.142857
48	0	0.037037
48	2	0.022222
48	4	0.040000
48	21	0.043478
48	32	0.050000
48	35	0.050000
48	42	0.062500
48	58	0.125000
48	60	0.100000
48	61	0.111111
48	64	0.062500
48	67	0.071429
48	71	0.111111
48	94	0.100000
48	116	0.125000
48	118	0.125000
48	119	0.090909
48	126	0.142857
48	128	0.142857
48	150	0.142857
48	162	0.142857
49	7	0.015152
49	9	0.021739
49	14	0.027778
49	22	0.029412
49	39	0.090909
49	42	0.062500
49	47	0.066667
49	50	0.071429
49	66	0.111111
49	68	0.066667
49	95	0.142857
49	108	0.090909
49	129	0.111111
49	162	0.142857
50	0	0.037037
50	1	0.029412
50	9	0.021739
50	19	0.040000
50	41	0.043478
50	43	0.058824
50	49	0.071429
50	73	0.083333
50	94	0.100000
50	102	0.083333
50	105	0.083333
50	122	0.111111
50	132	0.090909
50	146	0.142857
51	5	0.032258
51	10	0.024390
51	12	0.033333
51	16	0.030303
51	22	0.029412
51	24	0.043478
51	35	0.050000
51	135	0.125000
52	4	0.040000
52	7	0.015152
52	9	0.021739
52	15	0.050000
52	19	0.040000
52	33	0.033333
52	43	0.058824
52	59	0.100000
52	61	0.111111
52	68	0.066667
52	82	0.058824
52	84	0.083333
52	90	0.090909
52	115	0.142857
52	123	0.111111
52	132	0.090909
52	147	0.111111
52	169	0.125000
53	0	0.037037
53	2	0.022222
53	3	0.050000
53	8	0.021739
53	10	0.024390
53	32	0.050000
53	34	0.043478
53	123	0.111111
54	11	0.038462
54	13	0.022727
54	14	0.027778
54	15	0.050000
54	16	0.030303
54	33	0.033333
54	39	0.090909
54	78	0.076923
54	93	0.111111
54	103	0.090909
54	131	0.125000
54	150	0.142857
54	163	0.125000
54	165	0.142857
54	172	0.142857
55	7	0.015152
55	8	0.021739
55	18	0.038462
55	24	0.043478
55	31	0.076923
55	34	0.043478
55	35	0.050000
55	73	0.083333
55	121	0.111111
55	124	0.125000
56	2	0.022222
56	7	0.015152
56	16	0.030303
56	19	0.040000
56	22	0.029412
56	25	0.052632
56	30	0.111111
56	61	0.111111
56	63	0.111111
56	65	0.076923
56	138	0.142857
57	1	0.029412
57	5	0.032258
57	13	0.022727
57	14	0.027778
57	17	0.030303
57	37	0.076923
57	38	0.062500
57	89	0.100000
57	96	0.100000
57	113	0.111111
58	2	0.022222
58	9	0.021739
58	16	0.030303
58	20	0.037037
58	33	0.033333
58	41	0.043478
58	48	0.047619
58	72	0.071429
59	5	0.032258
59	9	0.021739
59	13	0.022727
59	18	0.038462
59	22	0.029412
59	32	0.050000
59	52	0.055556
59	63	0.111111
59	117	0.090909
59	124	0.125000
60	0	0.037037
60	8	0.021739
60	13	0.022727
60	24	0.043478
60	35	0.050000
60	41	0.043478
60	48	0.047619
60	127	0.142857
60	130	0.125000
60	173	0.125000
61	8	0.021739
61	16	0.030303
61	23	0.050000
61	41	0.043478
61	48	0.047619
61	52	0.055556
61	56	0.090909
61	90	0.090909
61	169	0.125000
62	3	0.050000
62	7	0.015152
62	8	0.021739
62	26	0.066667
62	34	0.043478
62	43	0.058824
62	44	0.076923
62	102	0.083333
62	117	0.090909
62	177	0.142857
63	7	0.015152
63	13	0.022727
63	16	0.030303
63	23	0.050000
63	37	0.076923
63	56	0.090909
63	59	0.100000
63	101	0.100000
63	107	0.083333
64	9	0.021739
64	13	0.022727
64	14	0.027778
64	36	0.071429
64	42	0.062500
64	45	0.076923
64	48	0.047619
64	72	0.071429
64	74	0.142857
64	75	0.083333
64	88	0.071429
64	99	0.166667
64	116	0.125000
64	141	0.125000
64	143	0.142857
64	158	0.142857
65	2	0.022222
65	7	0.015152
65	8	0.021739
65	13	0.022727
65	33	0.033333
65	38	0.062500
65	56	0.090909
65	85	0.083333
65	111	0.090909
65	112	0.111111
65	133	0.142857
65	152	0.125000
65	159	0.142857
66	1	0.029412
66	9	0.021739
66	35	0.050000
66	46	0.062500
66	47	0.066667
66	49	0.071429
66	75	0.083333
66	126	0.142857
66	155	0.125000
67	5	0.032258
67	7	0.015152
67	19	0.040000
67	22	0.029412
67	28	0.052632
67	33	0.033333
67	48	0.047619
67	73	0.083333
67	77	0.058824
67	92	0.090909
67	109	0.125000
67	110	0.125000
67	151	0.125000
67	159	0.142857
68	7	0.015152
68	13	0.022727
68	16	0.030303
68	21	0.043478
68	46	0.062500
68	49	0.071429
68	52	0.055556
68	77	0.058824
68	97	0.083333
68	102	0.083333
68	106	0.076923
68	109	0.125000
68	111	0.090909
68	141	0.125000
68	157	0.125000
69	5	0.032258
69	7	0.015152
69	10	0.024390
69	13	0.022727
69	19	0.040000
69	24	0.043478
69	25	0.052632
69	102	0.083333
69	157	0.125000
69	161	0.142857
70	5	0.032258
70	6	0.055556
70	12	0.033333
70	13	0.022727
70	25	0.052632
70	33	0.033333
70	44	0.076923
70	103	0.090909
70	142	0.125000
70	174	0.142857
71	1	0.029412
71	8	0.021739
71	11	0.038462
71	15	0.050000
71	25	0.052632
71	28	0.052632
71	48	0.047619
71	109	0.125000
71	175	0.125000
72	4	0.040000
72	7	0.015152
72	17	0.030303
72	21	0.043478
72	37	0.076923
72	58	0.125000
72	64	0.062500
72	76	0.058824
72	92	0.090909
72	109	0.125000
72	117	0.090909
72	125	0.142857
72	158	0.142857
72	163	0.125000
73	5	0.032258
73	14	0.027778
73	17	0.030303
73	47	0.066667
73	50	0.071429
73	55	0.100000
73	67	0.071429
73	82	0.058824
73	90	0.090909
73	127	0.142857
73	136	0.111111
73	144	0.125000
74	1	0.029412
74	7	0.015152
74	10	0.024390
74	22	0.029412
74	23	0.050000
74	36	0.071429
74	64	0.062500
75	0	0.037037
75	2	0.022222
75	16	0.030303
75	33	0.033333
75	36	0.071429
75	64	0.062500
75	66	0.111111
75	82	0.058824
75	84	0.083333
75	91	0.142857
75	112	0.111111
75	118	0.125000
76	2	0.022222
76	3	0.050000
76	7	0.015152
76	9	0.021739
76	18	0.038462
76	43	0.058824
76	72	0.071429
76	77	0.058824
76	86	0.076923
76	88	0.071429
76	94	0.100000
76	111	0.090909
76	120	0.111111
76	139	0.142857
76	156	0.142857
76	160	0.142857
76	181	0.142857
77	8	0.021739
77	13	0.022727
77	21	0.043478
77	23	0.050000
77	67	0.071429
77	68	0.066667
77	76	0.058824
77	80	0.142857
77	85	0.083333
77	87	0.111111
77	98	0.076923
77	102	0.083333
77	103	0.090909
77	118	0.125000
77	125	0.142857
77	140	0.111111
77	178	0.142857
78	2	0.022222
78	19	0.040000
78	20	0.037037
78	21	0.043478
78	22	0.029412
78	35	0.050000
78	54	0.066667
78	81	0.090909
78	84	0.083333
78	93	0.111111
78	105	0.083333
78	148	0.100000
78	161	0.142857
79	1	0.029412
79	7	0.015152
79	14	0.027778
79	21	0.043478
79	29	0.090909
79	38	0.062500
79	39	0.090909
79	89	0.100000
79	109	0.125000
79	130	0.125000
79	163	0.125000
80	10	0.024390
80	11	0.038462
80	16	0.030303
80	17	0.030303
80	40	0.083333
80	77	0.058824
80	87	0.111111
81	2	0.022222
81	5	0.032258
81	7	0.015152
81	17	0.030303
81	24	0.043478
81	43	0.058824
81	78	0.076923
81	101	0.100000
81	146	0.142857
81	153	0.142857
81	173	0.125000
82	2	0.022222
82	14	0.027778
82	46	0.062500
82	47	0.066667
82	52	0.055556
82	73	0.083333
82	75	0.083333
82	91	0.142857
82	95	0.142857
82	106	0.076923
82	124	0.125000
82	127	0.142857
82	139	0.142857
82	147	0.111111
82	165	0.142857
82	169	0.125000
82	179	0.142857
83	6	0.055556
83	7	0.015152
83	8	0.021739
83	9	0.021739
83	15	0.050000
83	23	0.050000
83	34	0.043478
83	108	0.090909
83	127	0.142857
83	154	0.142857
84	10	0.024390
84	13	0.022727
84	20	0.037037
84	45	0.076923
84	52	0.055556
84	75	0.083333
84	78	0.076923
84	105	0.083333
84	121	0.111111
84	145	0.111111
84	158	0.142857
84	162	0.142857
85	1	0.029412
85	7	0.015152
85	18	0.038462
85	20	0.037037
85	41	0.043478
85	65	0.076923
85	77	0.058824
85	102	0.083333
85	103	0.090909
85	107	0.083333
85	120	0.111111
85	132	0.090909
86	1	0.029412
86	8	0.021739
86	14	0.027778
86	35	0.050000
86	43	0.058824
86	45	0.076923
86	76	0.058824
86	89	0.100000
86	104	0.100000
86	126	0.142857
86	139	0.142857
86	165	0.142857
86	177	0.142857
87	4	0.040000
87	7	0.015152
87	12	0.033333
87	16	0.030303
87	40	0.083333
87	77	0.058824
87	80	0.142857
87	131	0.125000
87	177	0.142857
88	3	0.050000
88	17	0.030303
88	22	0.029412
88	23	0.050000
88	34	0.043478
88	64	0.062500
88	76	0.058824
88	93	0.111111
88	98	0.076923
88	120	0.111111
88	125	0.142857
88	156	0.142857
88	161	0.142857
88	167	0.142857
89	1	0.029412
89	12	0.033333
89	19	0.040000
89	28	0.052632
89	57	0.100000
89	79	0.090909
89	86	0.076923
89	96	0.100000
89	98	0.076923
89	149	0.111111
90	5	0.032258
90	17	0.030303
90	18	0.038462
90	24	0.043478
90	52	0.055556
90	61	0.111111
90	73	0.083333
90	113	0.111111
90	114	0.125000
90	130	0.125000
90	155	0.125000
91	2	0.022222
91	9	0.021739
91	19	0.040000
91	32	0.050000
91	47	0.066667
91	75	0.083333
91	82	0.058824
92	4	0.040000
92	14	0.027778
92	21	0.043478
92	37	0.076923
92	42	0.062500
92	67	0.071429
92	72	0.071429
92	101	0.100000
92	112	0.111111
92	151	0.125000
92	171	0.125000
93	1	0.029412
93	9	0.021739
93	22	0.029412
93	47	0.066667
93	54	0.066667
93	78	0.076923
93	88	0.071429
93	158	0.142857
93	181	0.142857
94	11	0.038462
94	13	0.022727
94	18	0.038462
94	20	0.037037
94	48	0.047619
94	50	0.071429
94	76	0.058824
94	101	0.100000
94	112	0.111111
94	136	0.111111
95	6	0.055556
95	10	0.024390
95	33	0.033333
95	34	0.043478
95	42	0.062500
95	49	0.071429
95	82	0.058824
96	9	0.021739
96	18	0.038462
96	19	0.040000
96	25	0.052632
96	38	0.062500
96	57	0.100000
96	89	0.100000
96	129	0.111111
96	136	0.111111
96	140	0.111111
97	4	0.040000
97	12	0.033333
97	24	0.043478
97	26	0.066667
97	32	0.050000
97	34	0.043478
97	68	0.066667
97	112	0.111111
97	133	0.142857
97	137	0.142857
97	142	0.125000
97	175	0.125000
98	17	0.030303
98	39	0.090909
98	40	0.083333
98	41	0.043478
98	77	0.058824
98	88	0.071429
98	89	0.100000
98	100	0.111111
98	101	0.100000
98	104	0.100000
98	115	0.142857
98	133	0.142857
98	138	0.142857
99	0	0.037037
99	12	0.033333
99	16	0.030303
99	24	0.043478
99	33	0.033333
99	64	0.062500
100	7	0.015152
100	9	0.021739
100	11	0.038462
100	17	0.030303
100	26	0.066667
100	43	0.058824
100	98	0.076923
100	144	0.125000
100	169	0.125000
101	10	0.024390
101	31	0.076923
101	63	0.111111
101	81	0.090909
101	92	0.090909
101	94	0.100000
101	98	0.076923
101	113	0.111111
101	144	0.125000
101	153	0.142857
102	7	0.015152
102	50	0.071429
102	62	0.100000
102	68	0.066667
102	69	0.100000
102	77	0.058824
102	85	0.083333
102	103	0.090909
102	139	0.142857
102	141	0.125000
102	168	0.142857
102	172	0.142857
103	9	0.021739
103	23	0.050000
103	54	0.066667
103	70	0.100000
103	77	0.058824
103	85	0.083333
103	102	0.083333
103	107	0.083333
103	118	0.125000
103	134	0.142857
103	172	0.142857
104	1	0.029412
104	2	0.022222
104	9	0.021739
104	24	0.043478
104	38	0.062500
104	86	0.076923
104	98	0.076923
104	114	0.125000
104	130	0.125000
104	145	0.111111
105	2	0.022222
105	8	0.021739
105	38	0.062500
105	41	0.043478
105	50	0.071429
105	78	0.076923
105	84	0.083333
105	108	0.090909
105	117	0.090909
105	123	0.111111
105	146	0.142857
105	178	0.142857
106	7	0.015152
106	13	0.022727
106	24	0.043478
106	28	0.052632
106	32	0.050000
106	68	0.066667
106	82	0.058824
106	119	0.090909
106	122	0.111111
106	143	0.142857
106	147	0.111111
106	168	0.142857
106	172	0.142857
107	0	0.037037
107	10	0.024390
107	25	0.052632
107	41	0.043478
107	63	0.111111
107	85	0.083333
107	103	0.090909
107	109	0.125000
107	134	0.142857
107	141	0.125000
107	150	0.142857
107	164	0.142857
108	8	0.021739
108	18	0.038462
108	20	0.037037
108	26	0.066667
108	49	0.071429
108	83	0.100000
108	105	0.083333
108	117	0.090909
108	124	0.125000
108	138	0.142857
108	153	0.142857
109	14	0.027778
109	67	0.071429
109	68	0.066667
109	71	0.111111
109	72	0.071429
109	79	0.090909
109	107	0.083333
109	165	0.142857
110	2	0.022222
110	7	0.015152
110	9	0.021739
110	10	0.024390
110	12	0.033333
110	22	0.029412
110	67	0.071429
110	124	0.125000
111	2	0.022222
111	3	0.050000
111	7	0.015152
111	44	0.076923
111	65	0.076923
111	68	0.066667
111	76	0.058824
111	123	0.111111
111	133	0.142857
111	138	0.142857
111	150	0.142857
112	12	0.033333
112	17	0.030303
112	65	0.076923
112	75	0.083333
112	92	0.090909
112	94	0.100000
112	97	0.083333
112	169	0.125000
112	171	0.125000
113	9	0.021739
113	11	0.038462
113	13	0.022727
113	26	0.066667
113	57	0.100000
113	90	0.090909
113	101	0.100000
113	136	0.111111
113	180	0.142857
114	2	0.022222
114	13	0.022727
114	17	0.030303
114	31	0.076923
114	34	0.043478
114	90	0.090909
114	104	0.100000
114	119	0.090909
115	11	0.038462
115	13	0.022727
115	33	0.033333
115	38	0.062500
115	41	0.043478
115	52	0.055556
115	98	0.076923
116	1	0.029412
116	7	0.015152
116	28	0.052632
116	36	0.071429
116	46	0.062500
116	48	0.047619
116	64	0.062500
116	149	0.111111
117	3	0.050000
117	23	0.050000
117	59	0.100000
117	62	0.100000
117	72	0.071429
117	105	0.083333
117	108	0.090909
117	140	0.111111
117	151	0.125000
117	165	0.142857
117	167	0.142857
118	9	0.021739
118	11	0.038462
118	13	0.022727
118	48	0.047619
118	75	0.083333
118	77	0.058824
118	103	0.090909
118	134	0.142857
119	1	0.029412
119	8	0.021739
119	34	0.043478
119	46	0.062500
119	48	0.047619
119	106	0.076923
119	114	0.125000
119	145	0.111111
119	154	0.142857
119	168	0.142857
119	170	0.142857
120	1	0.029412
120	5	0.032258
120	9	0.021739
120	12	0.033333
120	76	0.058824
120	85	0.083333
120	88	0.071429
120	129	0.111111
120	137	0.142857
121	7	0.015152
121	12	0.033333
121	16	0.030303
121	17	0.030303
121	25	0.052632
121	55	0.100000
121	84	0.083333
121	157	0.125000
121	170	0.142857
122	6	0.055556
122	10	0.024390
122	13	0.022727
122	15	0.050000
122	41	0.043478
122	50	0.071429
122	106	0.076923
122	143	0.142857
122	148	0.100000
123	7	0.015152
123	38	0.062500
123	42	0.062500
123	52	0.055556
123	53	0.125000
123	105	0.083333
123	111	0.090909
123	127	0.142857
123	139	0.142857
124	12	0.033333
124	34	0.043478
124	55	0.100000
124	59	0.100000
124	82	0.058824
124	108	0.090909
124	110	0.125000
124	146	0.142857
125	4	0.040000
125	5	0.032258
125	17	0.030303
125	32	0.050000
125	72	0.071429
125	77	0.058824
125	88	0.071429
126	1	0.029412
126	10	0.024390
126	11	0.038462
126	46	0.062500
126	48	0.047619
126	66	0.111111
126	86	0.076923
127	7	0.015152
127	40	0.083333
127	60	0.100000
127	73	0.083333
127	82	0.058824
127	83	0.100000
127	123	0.111111
128	7	0.015152
128	8	0.021739
128	12	0.033333
128	20	0.037037
128	32	0.050000
128	35	0.050000
128	48	0.047619
129	2	0.022222
129	5	0.032258
129	20	0.037037
129	28	0.052632
129	49	0.071429
129	96	0.100000
129	120	0.111111
129	137	0.142857
129	149	0.111111
130	0	0.037037
130	2	0.022222
130	6	0.055556
130	60	0.100000
130	79	0.090909
130	90	0.090909
130	104	0.100000
130	132	0.090909
131	20	0.037037
131	22	0.029412
131	26	0.066667
131	33	0.033333
131	42	0.062500
131	54	0.066667
131	87	0.111111
131	134	0.142857
132	9	0.021739
132	24	0.043478
132	34	0.043478
132	50	0.071429
132	52	0.055556
132	85	0.083333
132	130	0.125000
132	133	0.142857
132	166	0.125000
132	175	0.125000
132	178	0.142857
133	9	0.021739
133	33	0.033333
133	65	0.076923
133	97	0.083333
133	98	0.076923
133	111	0.090909
133	132	0.090909
134	4	0.040000
134	10	0.024390
134	37	0.076923
134	103	0.090909
134	107	0.083333
134	118	0.125000
134	131	0.125000
135	8	0.021739
135	10	0.024390
135	12	0.033333
135	20	0.037037
135	22	0.029412
135	33	0.033333
135	51	0.125000
135	157	0.125000
136	15	0.050000
136	22	0.029412
136	46	0.062500
136	73	0.083333
136	94	0.100000
136	96	0.100000
136	113	0.111111
136	173	0.125000
136	179	0.142857
137	4	0.040000
137	8	0.021739
137	13	0.022727
137	20	0.037037
137	97	0.083333
137	120	0.111111
137	129	0.111111
138	3	0.050000
138	17	0.030303
138	29	0.090909
138	56	0.090909
138	98	0.076923
138	108	0.090909
138	111	0.090909
139	34	0.043478
139	41	0.043478
139	76	0.058824
139	82	0.058824
139	86	0.076923
139	102	0.083333
139	123	0.111111
140	2	0.022222
140	13	0.022727
140	14	0.027778
140	18	0.038462
140	77	0.058824
140	96	0.100000
140	117	0.090909
140	144	0.125000
140	173	0.125000
141	19	0.040000
141	20	0.037037
141	43	0.058824
141	64	0.062500
141	68	0.066667
141	102	0.083333
141	107	0.083333
141	173	0.125000
142	5	0.032258
142	10	0.024390
142	13	0.022727
142	21	0.043478
142	35	0.050000
142	70	0.100000
142	97	0.083333
142	166	0.125000
143	2	0.022222
143	11	0.038462
143	41	0.043478
143	44	0.076923
143	64	0.062500
143	106	0.076923
143	122	0.111111
144	3	0.050000
144	16	0.030303
144	23	0.050000
144	73	0.083333
144	100	0.111111
144	101	0.100000
144	140	0.111111
144	166	0.125000
145	2	0.022222
145	5	0.032258
145	22	0.029412
145	45	0.076923
145	84	0.083333
145	104	0.100000
145	119	0.090909
145	158	0.142857
145	161	0.142857
146	1	0.029412
146	8	0.021739
146	32	0.050000
146	50	0.071429
146	81	0.090909
146	105	0.083333
146	124	0.125000
147	9	0.021739
147	12	0.033333
147	15	0.050000
147	29	0.090909
147	52	0.055556
147	82	0.058824
147	106	0.076923
147	149	0.111111
147	152	0.125000
148	6	0.055556
148	7	0.015152
148	10	0.024390
148	14	0.027778
148	25	0.052632
148	78	0.076923
148	122	0.111111
148	154	0.142857
148	164	0.142857
148	179	0.142857
149	8	0.021739
149	18	0.038462
149	36	0.071429
149	89	0.100000
149	116	0.125000
149	129	0.111111
149	147	0.111111
149	160	0.142857
149	178	0.142857
150	4	0.040000
150	9	0.021739
150	44	0.076923
150	48	0.047619
150	54	0.066667
150	107	0.083333
150	111	0.090909
151	2	0.022222
151	8	0.021739
151	22	0.029412
151	35	0.050000
151	67	0.071429
151	92	0.090909
151	117	0.090909
151	153	0.142857
152	1	0.029412
152	16	0.030303
152	20	0.037037
152	22	0.029412
152	23	0.050000
152	65	0.076923
152	147	0.111111
152	155	0.125000
153	2	0.022222
153	21	0.043478
153	25	0.052632
153	81	0.090909
153	101	0.100000
153	108	0.090909
153	151	0.125000
154	7	0.015152
154	9	0.021739
154	12	0.033333
154	19	0.040000
154	83	0.100000
154	119	0.090909
154	148	0.100000
155	1	0.029412
155	5	0.032258
155	8	0.021739
155	36	0.071429
155	66	0.111111
155	90	0.090909
155	152	0.125000
155	181	0.142857
156	7	0.015152
156	10	0.024390
156	21	0.043478
156	23	0.050000
156	47	0.066667
156	76	0.058824
156	88	0.071429
157	13	0.022727
157	16	0.030303
157	17	0.030303
157	68	0.066667
157	69	0.100000
157	121	0.111111
157	135	0.125000
157	166	0.125000
158	20	0.037037
158	21	0.043478
158	64	0.062500
158	72	0.071429
158	84	0.083333
158	93	0.111111
158	145	0.111111
159	12	0.033333
159	17	0.030303
159	22	0.029412
159	28	0.052632
159	33	0.033333
159	65	0.076923
159	67	0.071429
160	1	0.029412
160	7	0.015152
160	8	0.021739
160	10	0.024390
160	22	0.029412
160	76	0.058824
160	149	0.111111
161	2	0.022222
161	14	0.027778
161	19	0.040000
161	69	0.100000
161	78	0.076923
161	88	0.071429
161	145	0.111111
162	0	0.037037
162	9	0.021739
162	38	0.062500
162	45	0.076923
162	48	0.047619
162	49	0.071429
162	84	0.083333
163	2	0.022222
163	21	0.043478
163	23	0.050000
163	45	0.076923
163	54	0.066667
163	72	0.071429
163	79	0.090909
163	172	0.142857
164	0	0.037037
164	7	0.015152
164	10	0.024390
164	20	0.037037
164	43	0.058824
164	107	0.083333
164	148	0.100000
165	21	0.043478
165	44	0.076923
165	54	0.066667
165	82	0.058824
165	86	0.076923
165	109	0.125000
165	117	0.090909
166	18	0.038462
166	33	0.033333
166	41	0.043478
166	132	0.090909
166	142	0.125000
166	144	0.125000
166	157	0.125000
166	179	0.142857
167	13	0.022727
167	14	0.027778
167	22	0.029412
167	32	0.050000
167	35	0.050000
167	88	0.071429
167	117	0.090909
168	7	0.015152
168	13	0.022727
168	14	0.027778
168	16	0.030303
168	102	0.083333
168	106	0.076923
168	119	0.090909
169	15	0.050000
169	37	0.076923
169	52	0.055556
169	61	0.111111
169	82	0.058824
169	100	0.111111
169	112	0.111111
169	178	0.142857
170	12	0.033333
170	16	0.030303
170	20	0.037037
170	25	0.052632
170	33	0.033333
170	119	0.090909
170	121	0.111111
171	2	0.022222
171	8	0.021739
171	10	0.024390
171	24	0.043478
171	32	0.050000
171	92	0.090909
171	112	0.111111
171	180	0.142857
172	9	0.021739
172	33	0.033333
172	54	0.066667
172	102	0.083333
172	103	0.090909
172	106	0.076923
172	163	0.125000
173	35	0.050000
173	46	0.062500
173	60	0.100000
173	81	0.090909
173	136	0.111111
173	140	0.111111
173	141	0.125000
173	179	0.142857
174	5	0.032258
174	6	0.055556
174	7	0.015152
174	8	0.021739
174	33	0.033333
174	47	0.066667
174	70	0.100000
175	12	0.033333
175	24	0.043478
175	33	0.033333
175	41	0.043478
175	71	0.111111
175	97	0.083333
175	132	0.090909
175	176	0.142857
176	0	0.037037
176	8	0.021739
176	16	0.030303
176	26	0.066667
176	31	0.076923
176	34	0.043478
176	175	0.125000
177	1	0.029412
177	21	0.043478
177	40	0.083333
177	43	0.058824
177	62	0.100000
177	86	0.076923
177	87	0.111111
178	7	0.015152
178	16	0.030303
178	77	0.058824
178	105	0.083333
178	132	0.090909
178	149	0.111111
178	169	0.125000
179	3	0.050000
179	18	0.038462
179	82	0.058824
179	136	0.111111
179	148	0.100000
179	166	0.125000
179	173	0.125000
180	0	0.037037
180	7	0.015152
180	17	0.030303
180	20	0.037037
180	30	0.111111
180	113	0.111111
180	171	0.125000
181	2	0.022222
181	11	0.038462
181	21	0.043478
181	46	0.062500
181	76	0.058824
181	93	0.111111
181	155	0.125000
