178	2394
0	1	0.071429
0	2	0.047619
0	3	0.066667
0	4	0.062500
0	5	0.076923
0	6	0.038462
0	7	0.023256
0	8	0.013699
0	9	0.028571
0	10	0.032258
0	11	0.029412
0	12	0.022727
0	13	0.021739
0	14	0.033333
0	15	0.024390
0	16	0.040000
0	19	0.058824
0	24	0.062500
0	25	0.033333
0	27	0.029412
0	29	0.058824
0	30	0.050000
0	34	0.040000
0	36	0.058824
0	37	0.058824
0	38	0.083333
0	39	0.071429
0	42	0.058824
0	45	0.100000
0	47	0.076923
0	51	0.083333
0	54	0.100000
0	57	0.055556
0	68	0.076923
0	75	0.083333
0	78	0.066667
0	92	0.142857
0	93	0.125000
0	94	0.111111
0	99	0.071429
0	101	0.090909
0	105	0.111111
0	107	0.125000
0	109	0.125000
0	135	0.125000
0	138	0.142857
0	148	0.111111
0	152	0.125000
0	157	0.142857
0	164	0.142857
1	0	0.020000
1	10	0.032258
1	19	0.058824
1	26	0.047619
1	31	0.062500
1	39	0.071429
1	45	0.100000
1	50	0.058824
1	51	0.083333
1	53	0.045455
1	103	0.111111
1	108	0.090909
1	114	0.125000
1	148	0.111111
2	0	0.020000
2	8	0.013699
2	10	0.032258
2	11	0.029412
2	16	0.040000
2	23	0.043478
2	28	0.055556
2	29	0.058824
2	45	0.100000
2	54	0.100000
2	67	0.071429
2	70	0.111111
2	76	0.090909
2	85	0.142857
2	90	0.083333
2	102	0.100000
2	127	0.142857
2	137	0.142857
2	139	0.125000
2	141	0.125000
2	165	0.125000
3	0	0.020000
3	8	0.013699
3	9	0.028571
3	10	0.032258
3	11	0.029412
3	12	0.022727
3	14	0.033333
3	16	0.040000
3	34	0.040000
3	39	0.071429
3	42	0.058824
3	43	0.100000
3	56	0.083333
3	88	0.111111
3	119	0.142857
4	0	0.020000
4	8	0.013699
4	9	0.028571
4	12	0.022727
4	13	0.021739
4	17	0.025000
4	21	0.066667
4	23	0.043478
4	28	0.055556
4	29	0.058824
4	49	0.043478
4	50	0.058824
4	60	0.071429
4	94	0.111111
4	117	0.111111
4	136	0.125000
5	0	0.020000
5	8	0.013699
5	9	0.028571
5	10	0.032258
5	13	0.021739
5	17	0.025000
5	25	0.033333
5	64	0.076923
5	77	0.090909
5	104	0.083333
5	108	0.090909
5	110	0.125000
5	128	0.090909
6	0	0.020000
6	8	0.013699
6	9	0.028571
6	10	0.032258
6	11	0.029412
6	14	0.033333
6	15	0.024390
6	18	0.047619
6	19	0.058824
6	24	0.062500
6	39	0.071429
6	48	0.076923
6	60	0.071429
6	63	0.090909
6	64	0.076923
6	74	0.090909
6	77	0.090909
6	80	0.076923
6	88	0.111111
6	92	0.142857
6	112	0.125000
6	119	0.142857
6	124	0.125000
6	125	0.100000
6	138	0.142857
6	139	0.125000
7	0	0.020000
7	8	0.013699
7	9	0.028571
7	11	0.029412
7	12	0.022727
7	13	0.021739
7	15	0.024390
7	20	0.050000
7	21	0.066667
7	23	0.043478
7	26	0.047619
7	27	0.029412
7	36	0.058824
7	37	0.058824
7	44	0.050000
7	46	0.066667
7	50	0.058824
7	52	0.076923
7	53	0.045455
7	57	0.055556
7	63	0.090909
7	68	0.076923
7	70	0.111111
7	74	0.090909
7	75	0.083333
7	77	0.090909
7	78	0.066667
7	80	0.076923
7	83	0.100000
7	86	0.071429
7	91	0.100000
7	96	0.111111
7	98	0.076923
7	100	0.142857
7	104	0.083333
7	106	0.100000
7	107	0.125000
7	123	0.125000
7	136	0.125000
7	143	0.142857
7	146	0.142857
7	150	0.111111
7	151	0.142857
8	0	0.020000
8	2	0.047619
8	3	0.066667
8	4	0.062500
8	5	0.076923
8	6	0.038462
8	7	0.023256
8	9	0.028571
8	11	0.029412
8	12	0.022727
8	13	0.021739
8	14	0.033333
8	15	0.024390
8	16	0.040000
8	17	0.025000
8	18	0.047619
8	19	0.058824
8	20	0.050000
8	22	0.052632
8	24	0.062500
8	25	0.033333
8	26	0.047619
8	27	0.029412
8	28	0.055556
8	29	0.058824
8	31	0.062500
8	32	0.052632
8	33	0.058824
8	34	0.040000
8	35	0.062500
8	43	0.100000
8	44	0.050000
8	45	0.100000
8	48	0.076923
8	50	0.058824
8	55	0.076923
8	58	0.083333
8	59	0.111111
8	64	0.076923
8	65	0.062500
8	74	0.090909
8	79	0.142857
8	81	0.100000
8	82	0.100000
8	83	0.100000
8	88	0.111111
8	90	0.083333
8	91	0.100000
8	92	0.142857
8	94	0.111111
8	97	0.125000
8	100	0.142857
8	107	0.125000
8	115	0.100000
8	118	0.125000
8	123	0.125000
8	126	0.142857
8	128	0.090909
8	130	0.100000
8	131	0.142857
8	143	0.142857
8	146	0.142857
8	149	0.142857
8	151	0.142857
8	154	0.125000
8	155	0.125000
8	159	0.142857
8	161	0.142857
8	163	0.142857
8	164	0.142857
8	171	0.142857
8	173	0.142857
8	174	0.142857
9	0	0.020000
9	3	0.066667
9	4	0.062500
9	5	0.076923
9	6	0.038462
9	7	0.023256
9	8	0.013699
9	10	0.032258
9	11	0.029412
9	12	0.022727
9	14	0.033333
9	17	0.025000
9	19	0.058824
9	20	0.050000
9	22	0.052632
9	24	0.062500
9	27	0.029412
9	28	0.055556
9	37	0.058824
9	38	0.083333
9	39	0.071429
9	40	0.066667
9	46	0.066667
9	55	0.076923
9	61	0.090909
9	64	0.076923
9	65	0.062500
9	77	0.090909
9	85	0.142857
9	90	0.083333
9	93	0.125000
9	95	0.090909
9	101	0.090909
9	122	0.111111
9	168	0.142857
10	0	0.020000
10	1	0.071429
10	2	0.047619
10	3	0.066667
10	5	0.076923
10	6	0.038462
10	9	0.028571
10	12	0.022727
10	14	0.033333
10	16	0.040000
10	21	0.066667
10	24	0.062500
10	25	0.033333
10	30	0.050000
10	32	0.052632
10	33	0.058824
10	34	0.040000
10	40	0.066667
10	41	0.062500
10	42	0.058824
10	44	0.050000
10	49	0.043478
10	54	0.100000
10	55	0.076923
10	87	0.090909
10	99	0.071429
10	137	0.142857
10	150	0.111111
10	166	0.142857
10	170	0.142857
10	171	0.142857
11	0	0.020000
11	2	0.047619
11	3	0.066667
11	6	0.038462
11	7	0.023256
11	8	0.013699
11	9	0.028571
11	13	0.021739
11	15	0.024390
11	18	0.047619
11	19	0.058824
11	22	0.052632
11	29	0.058824
11	32	0.052632
11	34	0.040000
11	36	0.058824
11	39	0.071429
11	47	0.076923
11	48	0.076923
11	49	0.043478
11	52	0.076923
11	60	0.071429
11	64	0.076923
11	73	0.058824
11	90	0.083333
11	103	0.111111
11	107	0.125000
11	111	0.090909
11	125	0.100000
11	147	0.142857
11	155	0.125000
11	158	0.142857
11	162	0.142857
11	172	0.142857
12	0	0.020000
12	3	0.066667
12	4	0.062500
12	7	0.023256
12	8	0.013699
12	9	0.028571
12	10	0.032258
12	13	0.021739
12	14	0.033333
12	17	0.025000
12	18	0.047619
12	22	0.052632
12	25	0.033333
12	26	0.047619
12	31	0.062500
12	32	0.052632
12	33	0.058824
12	35	0.062500
12	38	0.083333
12	40	0.066667
12	46	0.066667
12	47	0.076923
12	56	0.083333
12	59	0.111111
12	61	0.090909
12	66	0.083333
12	67	0.071429
12	69	0.111111
12	71	0.083333
12	75	0.083333
12	78	0.066667
12	79	0.142857
12	91	0.100000
12	98	0.076923
12	101	0.090909
12	110	0.125000
12	114	0.125000
12	118	0.125000
12	120	0.111111
12	129	0.125000
12	134	0.142857
12	149	0.142857
12	163	0.142857
12	174	0.142857
13	0	0.020000
13	4	0.062500
13	5	0.076923
13	7	0.023256
13	8	0.013699
13	11	0.029412
13	12	0.022727
13	15	0.024390
13	16	0.040000
13	17	0.025000
13	20	0.050000
13	22	0.052632
13	24	0.062500
13	28	0.055556
13	31	0.062500
13	34	0.040000
13	36	0.058824
13	41	0.062500
13	45	0.100000
13	55	0.076923
13	61	0.090909
13	62	0.111111
13	66	0.083333
13	67	0.071429
13	69	0.111111
13	70	0.111111
13	72	0.076923
13	73	0.058824
13	76	0.090909
13	82	0.100000
13	87	0.090909
13	93	0.125000
13	95	0.090909
13	97	0.125000
13	102	0.100000
13	105	0.111111
13	113	0.083333
13	114	0.125000
13	116	0.111111
13	120	0.111111
13	126	0.142857
13	127	0.142857
13	132	0.090909
13	141	0.125000
13	160	0.125000
13	172	0.142857
14	0	0.020000
14	3	0.066667
14	6	0.038462
14	8	0.013699
14	9	0.028571
14	10	0.032258
14	12	0.022727
14	15	0.024390
14	18	0.047619
14	20	0.050000
14	23	0.043478
14	32	0.052632
14	33	0.058824
14	35	0.062500
14	46	0.066667
14	51	0.083333
14	57	0.055556
14	61	0.090909
14	76	0.090909
14	78	0.066667
14	110	0.125000
14	113	0.083333
14	116	0.111111
14	119	0.142857
14	120	0.111111
14	124	0.125000
14	137	0.142857
14	142	0.142857
14	165	0.125000
14	167	0.142857
15	0	0.020000
15	6	0.038462
15	7	0.023256
15	8	0.013699
15	11	0.029412
15	13	0.021739
15	14	0.033333
15	16	0.040000
15	17	0.025000
15	18	0.047619
15	20	0.050000
15	21	0.066667
15	23	0.043478
15	28	0.055556
15	31	0.062500
15	37	0.058824
15	41	0.062500
15	44	0.050000
15	47	0.076923
15	49	0.043478
15	52	0.076923
15	56	0.083333
15	59	0.111111
15	61	0.090909
15	62	0.111111
15	63	0.090909
15	65	0.062500
15	66	0.083333
15	69	0.111111
15	72	0.076923
15	83	0.100000
15	93	0.125000
15	108	0.090909
15	109	0.125000
15	111	0.090909
15	121	0.125000
15	140	0.142857
15	169	0.125000
15	173	0.142857
15	174	0.142857
15	175	0.142857
16	0	0.020000
16	2	0.047619
16	3	0.066667
16	8	0.013699
16	10	0.032258
16	13	0.021739
16	15	0.024390
16	21	0.066667
16	23	0.043478
16	24	0.062500
16	27	0.029412
16	30	0.050000
16	38	0.083333
16	43	0.100000
16	50	0.058824
16	58	0.083333
16	65	0.062500
16	67	0.071429
16	75	0.083333
16	84	0.100000
16	90	0.083333
16	96	0.111111
16	135	0.125000
16	168	0.142857
16	171	0.142857
17	4	0.062500
17	5	0.076923
17	8	0.013699
17	9	0.028571
17	12	0.022727
17	13	0.021739
17	15	0.024390
17	18	0.047619
17	20	0.050000
17	22	0.052632
17	26	0.047619
17	27	0.029412
17	33	0.058824
17	34	0.040000
17	36	0.058824
17	44	0.050000
17	45	0.100000
17	58	0.083333
17	60	0.071429
17	63	0.090909
17	68	0.076923
17	72	0.076923
17	78	0.066667
17	79	0.142857
17	80	0.076923
17	81	0.100000
17	89	0.058824
17	91	0.100000
17	102	0.100000
17	104	0.083333
17	108	0.090909
17	112	0.125000
17	119	0.142857
17	120	0.111111
17	135	0.125000
17	137	0.142857
17	140	0.142857
17	149	0.142857
17	158	0.142857
17	177	0.142857
18	6	0.038462
18	8	0.013699
18	11	0.029412
18	12	0.022727
18	14	0.033333
18	15	0.024390
18	17	0.025000
18	19	0.058824
18	21	0.066667
18	22	0.052632
18	31	0.062500
18	38	0.083333
18	42	0.058824
18	43	0.100000
18	47	0.076923
18	59	0.111111
18	84	0.100000
18	102	0.100000
18	117	0.111111
18	119	0.142857
18	123	0.125000
19	0	0.020000
19	1	0.071429
19	6	0.038462
19	8	0.013699
19	9	0.028571
19	11	0.029412
19	18	0.047619
19	25	0.033333
19	51	0.083333
19	52	0.076923
19	57	0.055556
19	63	0.090909
19	95	0.090909
19	115	0.100000
19	132	0.090909
19	134	0.142857
19	154	0.125000
20	7	0.023256
20	8	0.013699
20	9	0.028571
20	13	0.021739
20	14	0.033333
20	15	0.024390
20	17	0.025000
20	21	0.066667
20	37	0.058824
20	41	0.062500
20	53	0.045455
20	55	0.076923
20	56	0.083333
20	60	0.071429
20	75	0.083333
20	83	0.100000
20	88	0.111111
20	89	0.058824
20	107	0.125000
20	153	0.111111
21	4	0.062500
21	7	0.023256
21	10	0.032258
21	15	0.024390
21	16	0.040000
21	18	0.047619
21	20	0.050000
21	25	0.033333
21	27	0.029412
21	32	0.052632
21	38	0.083333
21	40	0.066667
21	62	0.111111
21	154	0.125000
21	176	0.142857
22	8	0.013699
22	9	0.028571
22	11	0.029412
22	12	0.022727
22	13	0.021739
22	17	0.025000
22	18	0.047619
22	23	0.043478
22	35	0.062500
22	46	0.066667
22	50	0.058824
22	52	0.076923
22	53	0.045455
22	55	0.076923
22	66	0.083333
22	84	0.100000
22	122	0.111111
22	132	0.090909
22	133	0.142857
23	2	0.047619
23	4	0.062500
23	7	0.023256
23	14	0.033333
23	15	0.024390
23	16	0.040000
23	22	0.052632
23	30	0.050000
23	37	0.058824
23	42	0.058824
23	58	0.083333
23	66	0.083333
23	86	0.071429
23	87	0.090909
23	92	0.142857
23	101	0.090909
23	103	0.111111
23	126	0.142857
23	127	0.142857
23	128	0.090909
23	149	0.142857
23	154	0.125000
23	162	0.142857
24	0	0.020000
24	6	0.038462
24	8	0.013699
24	9	0.028571
24	10	0.032258
24	13	0.021739
24	16	0.040000
24	26	0.047619
24	51	0.083333
24	74	0.090909
24	79	0.142857
24	87	0.090909
24	148	0.111111
24	153	0.111111
24	155	0.125000
24	169	0.125000
25	0	0.020000
25	5	0.076923
25	8	0.013699
25	10	0.032258
25	12	0.022727
25	19	0.058824
25	21	0.066667
25	26	0.047619
25	30	0.050000
25	31	0.062500
25	37	0.058824
25	40	0.066667
25	41	0.062500
25	43	0.100000
25	44	0.050000
25	47	0.076923
25	64	0.076923
25	76	0.090909
25	78	0.066667
25	82	0.100000
25	85	0.142857
25	97	0.125000
25	98	0.076923
25	141	0.125000
25	146	0.142857
25	147	0.142857
25	164	0.142857
25	168	0.142857
25	171	0.142857
25	172	0.142857
26	1	0.071429
26	7	0.023256
26	8	0.013699
26	12	0.022727
26	17	0.025000
26	24	0.062500
26	25	0.033333
26	29	0.058824
26	30	0.050000
26	43	0.100000
26	62	0.111111
26	72	0.076923
26	73	0.058824
26	83	0.100000
26	96	0.111111
26	105	0.111111
26	109	0.125000
26	115	0.100000
26	132	0.090909
26	142	0.142857
26	148	0.111111
27	0	0.020000
27	7	0.023256
27	8	0.013699
27	9	0.028571
27	16	0.040000
27	17	0.025000
27	21	0.066667
27	28	0.055556
27	29	0.058824
27	32	0.052632
27	39	0.071429
27	40	0.066667
27	41	0.062500
27	45	0.100000
27	46	0.066667
27	52	0.076923
27	61	0.090909
27	62	0.111111
27	65	0.062500
27	76	0.090909
27	84	0.100000
27	89	0.058824
27	100	0.142857
27	112	0.125000
27	122	0.111111
27	134	0.142857
27	143	0.142857
27	152	0.125000
27	158	0.142857
27	159	0.142857
27	162	0.142857
27	164	0.142857
27	167	0.142857
27	175	0.142857
28	2	0.047619
28	4	0.062500
28	8	0.013699
28	9	0.028571
28	13	0.021739
28	15	0.024390
28	27	0.029412
28	33	0.058824
28	52	0.076923
28	60	0.071429
28	82	0.100000
28	112	0.125000
28	113	0.083333
28	147	0.142857
28	159	0.142857
28	160	0.125000
28	165	0.125000
28	176	0.142857
29	0	0.020000
29	2	0.047619
29	4	0.062500
29	8	0.013699
29	11	0.029412
29	26	0.047619
29	27	0.029412
29	30	0.050000
29	38	0.083333
29	46	0.066667
29	59	0.111111
29	67	0.071429
29	73	0.058824
29	140	0.142857
29	160	0.125000
29	169	0.125000
29	176	0.142857
30	0	0.020000
30	10	0.032258
30	16	0.040000
30	23	0.043478
30	25	0.033333
30	26	0.047619
30	29	0.058824
30	33	0.058824
30	40	0.066667
30	41	0.062500
30	44	0.050000
30	56	0.083333
30	59	0.111111
30	70	0.111111
30	71	0.083333
30	92	0.142857
30	129	0.125000
30	131	0.142857
30	171	0.142857
30	176	0.142857
31	1	0.071429
31	8	0.013699
31	12	0.022727
31	13	0.021739
31	15	0.024390
31	18	0.047619
31	25	0.033333
31	35	0.062500
31	66	0.083333
31	77	0.090909
31	87	0.090909
31	97	0.125000
31	105	0.111111
31	114	0.125000
31	127	0.142857
31	147	0.142857
32	8	0.013699
32	10	0.032258
32	11	0.029412
32	12	0.022727
32	14	0.033333
32	21	0.066667
32	27	0.029412
32	48	0.076923
32	51	0.083333
32	54	0.100000
32	64	0.076923
32	79	0.142857
32	103	0.111111
32	125	0.100000
32	136	0.125000
32	157	0.142857
32	162	0.142857
32	170	0.142857
32	171	0.142857
33	8	0.013699
33	10	0.032258
33	12	0.022727
33	14	0.033333
33	17	0.025000
33	28	0.055556
33	30	0.050000
33	35	0.062500
33	49	0.043478
33	67	0.071429
33	85	0.142857
33	98	0.076923
33	126	0.142857
33	130	0.100000
33	145	0.125000
33	146	0.142857
33	175	0.142857
34	0	0.020000
34	3	0.066667
34	8	0.013699
34	10	0.032258
34	11	0.029412
34	13	0.021739
34	17	0.025000
34	35	0.062500
34	36	0.058824
34	42	0.058824
34	48	0.076923
34	58	0.083333
34	66	0.083333
34	72	0.076923
34	81	0.100000
34	86	0.071429
34	99	0.071429
34	127	0.142857
34	137	0.142857
34	139	0.125000
34	141	0.125000
34	150	0.111111
34	154	0.125000
34	156	0.142857
34	173	0.142857
35	8	0.013699
35	12	0.022727
35	14	0.033333
35	22	0.052632
35	31	0.062500
35	33	0.058824
35	34	0.040000
35	36	0.058824
35	48	0.076923
35	51	0.083333
35	53	0.045455
35	62	0.111111
35	68	0.076923
35	84	0.100000
35	121	0.125000
35	150	0.111111
36	0	0.020000
36	7	0.023256
36	11	0.029412
36	13	0.021739
36	17	0.025000
36	34	0.040000
36	35	0.062500
36	47	0.076923
36	63	0.090909
36	84	0.100000
36	94	0.111111
36	105	0.111111
36	108	0.090909
36	116	0.111111
36	155	0.125000
36	161	0.142857
36	174	0.142857
37	0	0.020000
37	7	0.023256
37	9	0.028571
37	15	0.024390
37	20	0.050000
37	23	0.043478
37	25	0.033333
37	54	0.100000
37	72	0.076923
37	81	0.100000
37	83	0.100000
37	98	0.076923
37	102	0.100000
37	109	0.125000
37	113	0.083333
37	144	0.125000
37	163	0.142857
38	0	0.020000
38	9	0.028571
38	12	0.022727
38	16	0.040000
38	18	0.047619
38	21	0.066667
38	29	0.058824
38	49	0.043478
38	106	0.100000
38	121	0.125000
38	137	0.142857
38	146	0.142857
39	0	0.020000
39	1	0.071429
39	3	0.066667
39	6	0.038462
39	9	0.028571
39	11	0.029412
39	27	0.029412
39	43	0.100000
39	68	0.076923
39	98	0.076923
39	109	0.125000
39	125	0.100000
39	133	0.142857
39	134	0.142857
40	9	0.028571
40	10	0.032258
40	12	0.022727
40	21	0.066667
40	25	0.033333
40	27	0.029412
40	30	0.050000
40	42	0.058824
40	49	0.043478
40	69	0.111111
40	71	0.083333
40	96	0.111111
40	110	0.125000
40	125	0.100000
40	128	0.090909
41	10	0.032258
41	13	0.021739
41	15	0.024390
41	20	0.050000
41	25	0.033333
41	27	0.029412
41	30	0.050000
41	48	0.076923
41	53	0.045455
41	58	0.083333
41	75	0.083333
41	119	0.142857
41	130	0.100000
41	147	0.142857
41	167	0.142857
41	172	0.142857
42	0	0.020000
42	3	0.066667
42	10	0.032258
42	18	0.047619
42	23	0.043478
42	34	0.040000
42	40	0.066667
42	59	0.111111
42	69	0.111111
42	70	0.111111
42	93	0.125000
42	111	0.090909
42	115	0.100000
42	122	0.111111
42	129	0.125000
42	161	0.142857
42	165	0.125000
43	3	0.066667
43	8	0.013699
43	16	0.040000
43	18	0.047619
43	25	0.033333
43	26	0.047619
43	39	0.071429
43	102	0.100000
43	116	0.111111
43	168	0.142857
44	7	0.023256
44	8	0.013699
44	10	0.032258
44	15	0.024390
44	17	0.025000
44	25	0.033333
44	30	0.050000
44	56	0.083333
44	57	0.055556
44	69	0.111111
44	71	0.083333
44	73	0.058824
44	77	0.090909
44	90	0.083333
44	93	0.125000
44	95	0.090909
44	106	0.100000
44	157	0.142857
44	166	0.142857
44	169	0.125000
45	0	0.020000
45	1	0.071429
45	2	0.047619
45	8	0.013699
45	13	0.021739
45	17	0.025000
45	27	0.029412
45	73	0.058824
45	99	0.071429
45	151	0.142857
46	7	0.023256
46	9	0.028571
46	12	0.022727
46	14	0.033333
46	22	0.052632
46	27	0.029412
46	29	0.058824
46	65	0.062500
46	96	0.111111
46	103	0.111111
46	114	0.125000
46	123	0.125000
46	130	0.100000
46	138	0.142857
46	139	0.125000
47	0	0.020000
47	11	0.029412
47	12	0.022727
47	15	0.024390
47	18	0.047619
47	25	0.033333
47	36	0.058824
47	55	0.076923
47	88	0.111111
47	104	0.083333
47	124	0.125000
47	145	0.125000
47	153	0.111111
48	6	0.038462
48	8	0.013699
48	11	0.029412
48	32	0.052632
48	34	0.040000
48	35	0.062500
48	41	0.062500
48	56	0.083333
48	57	0.055556
48	107	0.125000
48	118	0.125000
48	144	0.125000
48	174	0.142857
49	4	0.062500
49	10	0.032258
49	11	0.029412
49	15	0.024390
49	33	0.058824
49	38	0.083333
49	40	0.066667
49	50	0.058824
49	54	0.100000
49	58	0.083333
49	61	0.090909
49	67	0.071429
49	103	0.111111
49	106	0.100000
49	111	0.090909
49	131	0.142857
49	136	0.125000
49	141	0.125000
49	147	0.142857
49	153	0.111111
49	159	0.142857
49	169	0.125000
49	177	0.142857
50	1	0.071429
50	4	0.062500
50	7	0.023256
50	8	0.013699
50	16	0.040000
50	22	0.052632
50	49	0.043478
50	63	0.090909
50	85	0.142857
50	86	0.071429
50	91	0.100000
50	97	0.125000
50	111	0.090909
50	139	0.125000
50	142	0.142857
50	152	0.125000
50	171	0.142857
51	0	0.020000
51	1	0.071429
51	14	0.033333
51	19	0.058824
51	24	0.062500
51	32	0.052632
51	35	0.062500
51	53	0.045455
51	74	0.090909
51	88	0.111111
51	94	0.111111
51	130	0.100000
52	7	0.023256
52	11	0.029412
52	15	0.024390
52	19	0.058824
52	22	0.052632
52	27	0.029412
52	28	0.055556
52	54	0.100000
52	76	0.090909
52	100	0.142857
52	101	0.090909
52	111	0.090909
52	119	0.142857
53	1	0.071429
53	7	0.023256
53	20	0.050000
53	22	0.052632
53	35	0.062500
53	41	0.062500
53	51	0.083333
53	69	0.111111
53	86	0.071429
53	94	0.111111
53	96	0.111111
53	100	0.142857
53	103	0.111111
53	112	0.125000
53	116	0.111111
53	136	0.125000
53	144	0.125000
53	150	0.111111
53	160	0.125000
53	163	0.142857
53	166	0.142857
53	169	0.125000
54	0	0.020000
54	2	0.047619
54	10	0.032258
54	32	0.052632
54	37	0.058824
54	49	0.043478
54	52	0.076923
54	65	0.062500
54	81	0.100000
54	136	0.125000
55	8	0.013699
55	9	0.028571
55	10	0.032258
55	13	0.021739
55	20	0.050000
55	22	0.052632
55	47	0.076923
55	57	0.055556
55	60	0.071429
55	62	0.111111
55	68	0.076923
55	71	0.083333
55	175	0.142857
56	3	0.066667
56	12	0.022727
56	15	0.024390
56	20	0.050000
56	30	0.050000
56	44	0.050000
56	48	0.076923
56	82	0.100000
56	89	0.058824
56	117	0.111111
56	161	0.142857
56	175	0.142857
57	0	0.020000
57	7	0.023256
57	14	0.033333
57	19	0.058824
57	44	0.050000
57	48	0.076923
57	55	0.076923
57	68	0.076923
57	72	0.076923
57	74	0.090909
57	97	0.125000
57	99	0.071429
57	115	0.100000
57	117	0.111111
57	131	0.142857
57	132	0.090909
57	143	0.142857
57	156	0.142857
58	8	0.013699
58	16	0.040000
58	17	0.025000
58	23	0.043478
58	34	0.040000
58	41	0.062500
58	49	0.043478
58	70	0.111111
58	121	0.125000
58	124	0.125000
58	141	0.125000
58	170	0.142857
59	8	0.013699
59	12	0.022727
59	15	0.024390
59	18	0.047619
59	29	0.058824
59	30	0.050000
59	42	0.058824
59	78	0.066667
59	95	0.090909
60	4	0.062500
60	6	0.038462
60	11	0.029412
60	17	0.025000
60	20	0.050000
60	28	0.055556
60	55	0.076923
60	75	0.083333
60	113	0.083333
60	116	0.111111
60	125	0.100000
60	139	0.125000
60	142	0.142857
60	170	0.142857
61	9	0.028571
61	12	0.022727
61	13	0.021739
61	14	0.033333
61	15	0.024390
61	27	0.029412
61	49	0.043478
61	70	0.111111
61	71	0.083333
61	85	0.142857
61	95	0.090909
62	13	0.021739
62	15	0.024390
62	21	0.066667
62	26	0.047619
62	27	0.029412
62	35	0.062500
62	55	0.076923
62	87	0.090909
62	143	0.142857
63	6	0.038462
63	7	0.023256
63	15	0.024390
63	17	0.025000
63	19	0.058824
63	36	0.058824
63	50	0.058824
63	80	0.076923
63	117	0.111111
63	126	0.142857
63	137	0.142857
64	5	0.076923
64	6	0.038462
64	8	0.013699
64	9	0.028571
64	11	0.029412
64	25	0.033333
64	32	0.052632
64	83	0.100000
64	85	0.142857
64	89	0.058824
64	100	0.142857
64	114	0.125000
64	130	0.100000
65	8	0.013699
65	9	0.028571
65	15	0.024390
65	16	0.040000
65	27	0.029412
65	46	0.066667
65	54	0.100000
65	71	0.083333
65	81	0.100000
65	82	0.100000
65	101	0.090909
65	106	0.100000
65	124	0.125000
65	142	0.142857
65	145	0.125000
65	169	0.125000
66	12	0.022727
66	13	0.021739
66	15	0.024390
66	22	0.052632
66	23	0.043478
66	31	0.062500
66	34	0.040000
66	74	0.090909
66	123	0.125000
66	145	0.125000
66	155	0.125000
66	158	0.142857
67	2	0.047619
67	12	0.022727
67	13	0.021739
67	16	0.040000
67	29	0.058824
67	33	0.058824
67	49	0.043478
67	73	0.058824
67	76	0.090909
67	98	0.076923
67	124	0.125000
67	145	0.125000
67	152	0.125000
67	158	0.142857
68	0	0.020000
68	7	0.023256
68	17	0.025000
68	35	0.062500
68	39	0.071429
68	55	0.076923
68	57	0.055556
68	79	0.142857
68	80	0.076923
68	97	0.125000
68	105	0.111111
68	113	0.083333
68	127	0.142857
69	12	0.022727
69	13	0.021739
69	15	0.024390
69	40	0.066667
69	42	0.058824
69	44	0.050000
69	53	0.045455
69	86	0.071429
69	166	0.142857
70	2	0.047619
70	7	0.023256
70	13	0.021739
70	30	0.050000
70	42	0.058824
70	58	0.083333
70	61	0.090909
70	77	0.090909
70	86	0.071429
71	12	0.022727
71	30	0.050000
71	40	0.066667
71	44	0.050000
71	55	0.076923
71	61	0.090909
71	65	0.062500
71	80	0.076923
71	116	0.111111
71	144	0.125000
71	168	0.142857
71	174	0.142857
72	13	0.021739
72	15	0.024390
72	17	0.025000
72	26	0.047619
72	34	0.040000
72	37	0.058824
72	57	0.055556
72	80	0.076923
72	99	0.071429
72	111	0.090909
72	149	0.142857
72	157	0.142857
72	177	0.142857
73	11	0.029412
73	13	0.021739
73	26	0.047619
73	29	0.058824
73	44	0.050000
73	45	0.100000
73	67	0.071429
73	84	0.100000
73	87	0.090909
73	93	0.125000
73	110	0.125000
73	121	0.125000
73	133	0.142857
73	136	0.125000
73	150	0.111111
73	152	0.125000
73	162	0.142857
74	6	0.038462
74	7	0.023256
74	8	0.013699
74	24	0.062500
74	51	0.083333
74	57	0.055556
74	66	0.083333
74	81	0.100000
74	122	0.111111
74	153	0.111111
74	172	0.142857
75	0	0.020000
75	7	0.023256
75	12	0.022727
75	16	0.040000
75	20	0.050000
75	41	0.062500
75	60	0.071429
75	91	0.100000
75	92	0.142857
75	109	0.125000
75	132	0.090909
75	146	0.142857
76	2	0.047619
76	13	0.021739
76	14	0.033333
76	25	0.033333
76	27	0.029412
76	52	0.076923
76	67	0.071429
76	128	0.090909
76	131	0.142857
76	170	0.142857
76	173	0.142857
77	5	0.076923
77	6	0.038462
77	7	0.023256
77	9	0.028571
77	31	0.062500
77	44	0.050000
77	70	0.111111
77	79	0.142857
77	82	0.100000
77	108	0.090909
77	177	0.142857
78	0	0.020000
78	7	0.023256
78	12	0.022727
78	14	0.033333
78	17	0.025000
78	25	0.033333
78	59	0.111111
78	90	0.083333
78	100	0.142857
78	102	0.100000
78	114	0.125000
78	120	0.111111
78	122	0.111111
78	158	0.142857
78	175	0.142857
79	8	0.013699
79	12	0.022727
79	17	0.025000
79	24	0.062500
79	32	0.052632
79	68	0.076923
79	77	0.090909
80	6	0.038462
80	7	0.023256
80	17	0.025000
80	63	0.090909
80	68	0.076923
80	71	0.083333
80	72	0.076923
80	96	0.111111
80	129	0.125000
80	134	0.142857
80	135	0.125000
80	155	0.125000
80	176	0.142857
81	8	0.013699
81	17	0.025000
81	34	0.040000
81	37	0.058824
81	54	0.100000
81	65	0.062500
81	74	0.090909
81	131	0.142857
81	138	0.142857
81	152	0.125000
82	8	0.013699
82	13	0.021739
82	25	0.033333
82	28	0.055556
82	56	0.083333
82	65	0.062500
82	77	0.090909
82	89	0.058824
82	132	0.090909
82	140	0.142857
83	7	0.023256
83	8	0.013699
83	15	0.024390
83	20	0.050000
83	26	0.047619
83	37	0.058824
83	64	0.076923
83	104	0.083333
83	117	0.111111
83	143	0.142857
84	16	0.040000
84	18	0.047619
84	22	0.052632
84	27	0.029412
84	35	0.062500
84	36	0.058824
84	73	0.058824
84	110	0.125000
84	135	0.125000
84	160	0.125000
85	2	0.047619
85	9	0.028571
85	25	0.033333
85	33	0.058824
85	50	0.058824
85	61	0.090909
85	64	0.076923
86	7	0.023256
86	23	0.043478
86	34	0.040000
86	50	0.058824
86	53	0.045455
86	69	0.111111
86	70	0.111111
86	88	0.111111
86	89	0.058824
86	91	0.100000
86	95	0.090909
86	127	0.142857
86	128	0.090909
86	135	0.125000
87	10	0.032258
87	13	0.021739
87	23	0.043478
87	24	0.062500
87	31	0.062500
87	62	0.111111
87	73	0.058824
87	104	0.083333
87	122	0.111111
87	156	0.142857
87	175	0.142857
88	3	0.066667
88	6	0.038462
88	8	0.013699
88	20	0.050000
88	47	0.076923
88	51	0.083333
88	86	0.071429
88	118	0.125000
88	134	0.142857
89	17	0.025000
89	20	0.050000
89	27	0.029412
89	56	0.083333
89	64	0.076923
89	82	0.100000
89	86	0.071429
89	92	0.142857
89	108	0.090909
89	109	0.125000
89	118	0.125000
89	131	0.142857
89	135	0.125000
89	140	0.142857
89	143	0.142857
89	145	0.125000
89	164	0.142857
90	2	0.047619
90	8	0.013699
90	9	0.028571
90	11	0.029412
90	16	0.040000
90	44	0.050000
90	78	0.066667
90	115	0.100000
90	120	0.111111
90	121	0.125000
90	151	0.142857
90	161	0.142857
91	7	0.023256
91	8	0.013699
91	12	0.022727
91	17	0.025000
91	50	0.058824
91	75	0.083333
91	86	0.071429
91	141	0.125000
91	153	0.111111
91	159	0.142857
92	0	0.020000
92	6	0.038462
92	8	0.013699
92	23	0.043478
92	30	0.050000
92	75	0.083333
92	89	0.058824
93	0	0.020000
93	9	0.028571
93	13	0.021739
93	15	0.024390
93	42	0.058824
93	44	0.050000
93	73	0.058824
93	94	0.111111
94	0	0.020000
94	4	0.062500
94	8	0.013699
94	36	0.058824
94	51	0.083333
94	53	0.045455
94	93	0.125000
94	157	0.142857
94	173	0.142857
95	9	0.028571
95	13	0.021739
95	19	0.058824
95	44	0.050000
95	59	0.111111
95	61	0.090909
95	86	0.071429
95	117	0.111111
95	134	0.142857
95	154	0.125000
95	167	0.142857
96	7	0.023256
96	16	0.040000
96	26	0.047619
96	40	0.066667
96	46	0.066667
96	53	0.045455
96	80	0.076923
96	101	0.090909
96	115	0.100000
97	8	0.013699
97	13	0.021739
97	25	0.033333
97	31	0.062500
97	50	0.058824
97	57	0.055556
97	68	0.076923
97	104	0.083333
98	7	0.023256
98	12	0.022727
98	25	0.033333
98	33	0.058824
98	37	0.058824
98	39	0.071429
98	67	0.071429
98	99	0.071429
98	105	0.111111
98	106	0.100000
98	129	0.125000
98	144	0.125000
98	165	0.125000
99	0	0.020000
99	10	0.032258
99	34	0.040000
99	45	0.100000
99	57	0.055556
99	72	0.076923
99	98	0.076923
99	106	0.100000
99	110	0.125000
99	118	0.125000
99	142	0.142857
99	156	0.142857
99	165	0.125000
99	173	0.142857
100	7	0.023256
100	8	0.013699
100	27	0.029412
100	52	0.076923
100	53	0.045455
100	64	0.076923
100	78	0.066667
101	0	0.020000
101	9	0.028571
101	12	0.022727
101	23	0.043478
101	52	0.076923
101	65	0.062500
101	96	0.111111
101	121	0.125000
101	159	0.142857
101	162	0.142857
101	163	0.142857
102	2	0.047619
102	13	0.021739
102	17	0.025000
102	18	0.047619
102	37	0.058824
102	43	0.100000
102	78	0.066667
102	113	0.083333
102	126	0.142857
102	156	0.142857
103	1	0.071429
103	11	0.029412
103	23	0.043478
103	32	0.052632
103	46	0.066667
103	49	0.043478
103	53	0.045455
103	107	0.125000
103	112	0.125000
104	5	0.076923
104	7	0.023256
104	17	0.025000
104	47	0.076923
104	83	0.100000
104	87	0.090909
104	97	0.125000
104	112	0.125000
104	124	0.125000
104	161	0.142857
104	166	0.142857
104	168	0.142857
105	0	0.020000
105	13	0.021739
105	26	0.047619
105	31	0.062500
105	36	0.058824
105	68	0.076923
105	98	0.076923
105	148	0.111111
105	158	0.142857
106	7	0.023256
106	38	0.083333
106	44	0.050000
106	49	0.043478
106	65	0.062500
106	98	0.076923
106	99	0.071429
106	126	0.142857
106	129	0.125000
106	151	0.142857
107	0	0.020000
107	7	0.023256
107	8	0.013699
107	11	0.029412
107	20	0.050000
107	48	0.076923
107	103	0.111111
107	172	0.142857
108	1	0.071429
108	5	0.076923
108	15	0.024390
108	17	0.025000
108	36	0.058824
108	77	0.090909
108	89	0.058824
108	118	0.125000
108	123	0.125000
108	133	0.142857
108	168	0.142857
109	0	0.020000
109	15	0.024390
109	26	0.047619
109	37	0.058824
109	39	0.071429
109	75	0.083333
109	89	0.058824
109	123	0.125000
110	5	0.076923
110	12	0.022727
110	14	0.033333
110	40	0.066667
110	73	0.058824
110	84	0.100000
110	99	0.071429
110	163	0.142857
111	11	0.029412
111	15	0.024390
111	42	0.058824
111	49	0.043478
111	50	0.058824
111	52	0.076923
111	72	0.076923
111	120	0.111111
111	151	0.142857
111	156	0.142857
111	166	0.142857
112	6	0.038462
112	17	0.025000
112	27	0.029412
112	28	0.055556
112	53	0.045455
112	103	0.111111
112	104	0.083333
112	148	0.111111
113	13	0.021739
113	14	0.033333
113	28	0.055556
113	37	0.058824
113	60	0.071429
113	68	0.076923
113	102	0.100000
113	128	0.090909
113	138	0.142857
113	142	0.142857
113	165	0.125000
113	167	0.142857
114	1	0.071429
114	12	0.022727
114	13	0.021739
114	31	0.062500
114	46	0.066667
114	64	0.076923
114	78	0.066667
114	167	0.142857
115	8	0.013699
115	19	0.058824
115	26	0.047619
115	42	0.058824
115	57	0.055556
115	90	0.083333
115	96	0.111111
115	130	0.100000
115	133	0.142857
115	154	0.125000
116	13	0.021739
116	14	0.033333
116	36	0.058824
116	43	0.100000
116	53	0.045455
116	60	0.071429
116	71	0.083333
116	144	0.125000
116	146	0.142857
117	4	0.062500
117	18	0.047619
117	56	0.083333
117	57	0.055556
117	63	0.090909
117	83	0.100000
117	95	0.090909
117	139	0.125000
117	157	0.142857
118	8	0.013699
118	12	0.022727
118	48	0.076923
118	88	0.111111
118	89	0.058824
118	99	0.071429
118	108	0.090909
118	133	0.142857
119	3	0.066667
119	6	0.038462
119	14	0.033333
119	17	0.025000
119	18	0.047619
119	41	0.062500
119	52	0.076923
120	12	0.022727
120	13	0.021739
120	14	0.033333
120	17	0.025000
120	78	0.066667
120	90	0.083333
120	111	0.090909
120	156	0.142857
120	174	0.142857
121	15	0.024390
121	35	0.062500
121	38	0.083333
121	58	0.083333
121	73	0.058824
121	90	0.083333
121	101	0.090909
121	125	0.100000
122	9	0.028571
122	22	0.052632
122	27	0.029412
122	42	0.058824
122	74	0.090909
122	78	0.066667
122	87	0.090909
122	140	0.142857
122	148	0.111111
123	7	0.023256
123	8	0.013699
123	18	0.047619
123	46	0.066667
123	66	0.083333
123	108	0.090909
123	109	0.125000
123	149	0.142857
124	6	0.038462
124	14	0.033333
124	47	0.076923
124	58	0.083333
124	65	0.062500
124	67	0.071429
124	104	0.083333
124	147	0.142857
125	6	0.038462
125	11	0.029412
125	32	0.052632
125	39	0.071429
125	40	0.066667
125	60	0.071429
125	121	0.125000
125	129	0.125000
125	149	0.142857
125	177	0.142857
126	8	0.013699
126	13	0.021739
126	23	0.043478
126	33	0.058824
126	63	0.090909
126	102	0.100000
126	106	0.100000
127	2	0.047619
127	13	0.021739
127	23	0.043478
127	31	0.062500
127	34	0.040000
127	68	0.076923
127	86	0.071429
128	5	0.076923
128	8	0.013699
128	23	0.043478
128	40	0.066667
128	76	0.090909
128	86	0.071429
128	113	0.083333
128	133	0.142857
128	151	0.142857
128	155	0.125000
128	173	0.142857
129	12	0.022727
129	30	0.050000
129	42	0.058824
129	80	0.076923
129	98	0.076923
129	106	0.100000
129	125	0.100000
129	150	0.111111
130	8	0.013699
130	33	0.058824
130	41	0.062500
130	46	0.066667
130	51	0.083333
130	64	0.076923
130	115	0.100000
130	138	0.142857
130	144	0.125000
130	161	0.142857
131	8	0.013699
131	30	0.050000
131	49	0.043478
131	57	0.055556
131	76	0.090909
131	81	0.100000
131	89	0.058824
132	13	0.021739
132	19	0.058824
132	22	0.052632
132	26	0.047619
132	57	0.055556
132	75	0.083333
132	82	0.100000
132	138	0.142857
132	145	0.125000
132	152	0.125000
132	160	0.125000
133	22	0.052632
133	39	0.071429
133	73	0.058824
133	108	0.090909
133	115	0.100000
133	118	0.125000
133	128	0.090909
134	12	0.022727
134	19	0.058824
134	27	0.029412
134	39	0.071429
134	80	0.076923
134	88	0.111111
134	95	0.090909
135	0	0.020000
135	16	0.040000
135	17	0.025000
135	80	0.076923
135	84	0.100000
135	86	0.071429
135	89	0.058824
135	140	0.142857
136	4	0.062500
136	7	0.023256
136	32	0.052632
136	49	0.043478
136	53	0.045455
136	54	0.100000
136	73	0.058824
136	166	0.142857
137	2	0.047619
137	10	0.032258
137	14	0.033333
137	17	0.025000
137	34	0.040000
137	38	0.083333
137	63	0.090909
138	0	0.020000
138	6	0.038462
138	46	0.066667
138	81	0.100000
138	113	0.083333
138	130	0.100000
138	132	0.090909
139	2	0.047619
139	6	0.038462
139	34	0.040000
139	46	0.066667
139	50	0.058824
139	60	0.071429
139	117	0.111111
139	153	0.111111
140	15	0.024390
140	17	0.025000
140	29	0.058824
140	82	0.100000
140	89	0.058824
140	122	0.111111
140	135	0.125000
141	2	0.047619
141	13	0.021739
141	25	0.033333
141	34	0.040000
141	49	0.043478
141	58	0.083333
141	91	0.100000
141	162	0.142857
142	14	0.033333
142	26	0.047619
142	50	0.058824
142	60	0.071429
142	65	0.062500
142	99	0.071429
142	113	0.083333
143	7	0.023256
143	8	0.013699
143	27	0.029412
143	57	0.055556
143	62	0.111111
143	83	0.100000
143	89	0.058824
144	37	0.058824
144	48	0.076923
144	53	0.045455
144	71	0.083333
144	98	0.076923
144	116	0.111111
144	130	0.100000
144	163	0.142857
145	33	0.058824
145	47	0.076923
145	65	0.062500
145	66	0.083333
145	67	0.071429
145	89	0.058824
145	132	0.090909
145	159	0.142857
146	7	0.023256
146	8	0.013699
146	25	0.033333
146	33	0.058824
146	38	0.083333
146	75	0.083333
146	116	0.111111
147	11	0.029412
147	25	0.033333
147	28	0.055556
147	31	0.062500
147	41	0.062500
147	49	0.043478
147	124	0.125000
148	0	0.020000
148	1	0.071429
148	24	0.062500
148	26	0.047619
148	105	0.111111
148	112	0.125000
148	122	0.111111
148	160	0.125000
148	170	0.142857
149	8	0.013699
149	12	0.022727
149	17	0.025000
149	23	0.043478
149	72	0.076923
149	123	0.125000
149	125	0.100000
150	7	0.023256
150	10	0.032258
150	34	0.040000
150	35	0.062500
150	53	0.045455
150	73	0.058824
150	129	0.125000
150	167	0.142857
150	177	0.142857
151	7	0.023256
151	8	0.013699
151	45	0.100000
151	90	0.083333
151	106	0.100000
151	111	0.090909
151	128	0.090909
152	0	0.020000
152	27	0.029412
152	50	0.058824
152	67	0.071429
152	73	0.058824
152	81	0.100000
152	132	0.090909
152	157	0.142857
153	20	0.050000
153	24	0.062500
153	47	0.076923
153	49	0.043478
153	74	0.090909
153	91	0.100000
153	139	0.125000
153	164	0.142857
153	176	0.142857
154	8	0.013699
154	19	0.058824
154	21	0.066667
154	23	0.043478
154	34	0.040000
154	95	0.090909
154	115	0.100000
154	164	0.142857
155	8	0.013699
155	11	0.029412
155	24	0.062500
155	36	0.058824
155	66	0.083333
155	80	0.076923
155	128	0.090909
155	172	0.142857
156	34	0.040000
156	57	0.055556
156	87	0.090909
156	99	0.071429
156	102	0.100000
156	111	0.090909
156	120	0.111111
157	0	0.020000
157	32	0.052632
157	44	0.050000
157	72	0.076923
157	94	0.111111
157	117	0.111111
157	152	0.125000
158	11	0.029412
158	17	0.025000
158	27	0.029412
158	66	0.083333
158	67	0.071429
158	78	0.066667
158	105	0.111111
159	8	0.013699
159	27	0.029412
159	28	0.055556
159	49	0.043478
159	91	0.100000
159	101	0.090909
159	145	0.125000
160	13	0.021739
160	28	0.055556
160	29	0.058824
160	53	0.045455
160	84	0.100000
160	132	0.090909
160	148	0.111111
160	176	0.142857
161	8	0.013699
161	36	0.058824
161	42	0.058824
161	56	0.083333
161	90	0.083333
161	104	0.083333
161	130	0.100000
162	11	0.029412
162	23	0.043478
162	27	0.029412
162	32	0.052632
162	73	0.058824
162	101	0.090909
162	141	0.125000
163	8	0.013699
163	12	0.022727
163	37	0.058824
163	53	0.045455
163	101	0.090909
163	110	0.125000
163	144	0.125000
164	0	0.020000
164	8	0.013699
164	25	0.033333
164	27	0.029412
164	89	0.058824
164	153	0.111111
164	154	0.125000
165	2	0.047619
165	14	0.033333
165	28	0.055556
165	42	0.058824
165	98	0.076923
165	99	0.071429
165	113	0.083333
165	170	0.142857
166	10	0.032258
166	44	0.050000
166	53	0.045455
166	69	0.111111
166	104	0.083333
166	111	0.090909
166	136	0.125000
167	14	0.033333
167	27	0.029412
167	41	0.062500
167	95	0.090909
167	113	0.083333
167	114	0.125000
167	150	0.111111
168	9	0.028571
168	16	0.040000
168	25	0.033333
168	43	0.100000
168	71	0.083333
168	104	0.083333
168	108	0.090909
169	15	0.024390
169	24	0.062500
169	29	0.058824
169	44	0.050000
169	49	0.043478
169	53	0.045455
169	65	0.062500
169	177	0.142857
170	10	0.032258
170	32	0.052632
170	58	0.083333
170	60	0.071429
170	76	0.090909
170	148	0.111111
170	165	0.125000
171	8	0.013699
171	10	0.032258
171	16	0.040000
171	25	0.033333
171	30	0.050000
171	32	0.052632
171	50	0.058824
172	11	0.029412
172	13	0.021739
172	25	0.033333
172	41	0.062500
172	74	0.090909
172	107	0.125000
172	155	0.125000
173	8	0.013699
173	15	0.024390
173	34	0.040000
173	76	0.090909
173	94	0.111111
173	99	0.071429
173	128	0.090909
174	8	0.013699
174	12	0.022727
174	15	0.024390
174	36	0.058824
174	48	0.076923
174	71	0.083333
174	120	0.111111
175	15	0.024390
175	27	0.029412
175	33	0.058824
175	55	0.076923
175	56	0.083333
175	78	0.066667
175	87	0.090909
176	21	0.066667
176	28	0.055556
176	29	0.058824
176	30	0.050000
176	80	0.076923
176	153	0.111111
176	160	0.125000
177	17	0.025000
177	49	0.043478
177	72	0.076923
177	77	0.090909
177	125	0.100000
177	150	0.111111
177	169	0.125000
