174	2016
0	1	1.000000
0	2	0.025000
0	3	0.142857
0	4	0.111111
0	5	0.066667
0	6	0.041667
0	7	0.023256
0	8	0.027027
0	9	0.023810
0	10	0.025000
0	11	0.023810
0	12	0.023810
0	13	0.047619
0	15	0.055556
0	16	0.050000
0	17	0.038462
0	19	0.040000
0	20	0.055556
0	21	0.037037
0	22	0.047619
0	25	0.071429
0	26	0.076923
0	27	0.083333
0	31	0.038462
0	33	0.062500
0	38	0.083333
0	42	0.090909
0	44	0.076923
0	48	0.100000
0	54	0.071429
0	55	0.066667
0	57	0.090909
0	59	0.076923
0	74	0.100000
0	77	0.125000
0	81	0.142857
0	82	0.125000
0	98	0.166667
0	109	0.166667
0	112	0.166667
0	118	0.083333
0	120	0.142857
0	122	0.125000
0	123	0.166667
0	135	0.166667
0	137	0.166667
0	139	0.166667
0	140	0.142857
0	142	0.166667
0	144	0.142857
0	149	0.142857
0	153	0.166667
0	154	0.166667
0	157	0.166667
0	171	0.166667
0	173	0.166667
1	0	0.017857
2	0	0.017857
2	7	0.023256
2	8	0.027027
2	9	0.023810
2	10	0.025000
2	12	0.023810
2	13	0.047619
2	14	0.041667
2	15	0.055556
2	16	0.050000
2	19	0.040000
2	20	0.055556
2	21	0.037037
2	22	0.047619
2	25	0.071429
2	28	0.055556
2	31	0.038462
2	33	0.062500
2	34	0.166667
2	36	0.052632
2	37	0.066667
2	39	0.050000
2	43	0.142857
2	50	0.076923
2	57	0.090909
2	58	0.100000
2	67	0.125000
2	78	0.090909
2	85	0.090909
2	99	0.125000
2	120	0.142857
2	126	0.100000
2	130	0.142857
2	134	0.111111
2	135	0.166667
2	144	0.142857
2	152	0.166667
2	159	0.166667
2	168	0.166667
2	171	0.166667
3	0	0.017857
3	7	0.023256
3	8	0.027027
3	21	0.037037
3	22	0.047619
3	58	0.100000
3	166	0.166667
4	0	0.017857
4	7	0.023256
4	23	0.052632
4	38	0.083333
4	83	0.142857
4	92	0.125000
4	93	0.071429
4	99	0.125000
4	169	0.166667
5	0	0.017857
5	7	0.023256
5	8	0.027027
5	9	0.023810
5	10	0.025000
5	11	0.023810
5	12	0.023810
5	23	0.052632
5	36	0.052632
5	45	0.062500
5	46	0.058824
5	47	0.125000
5	85	0.090909
5	87	0.111111
5	92	0.125000
6	0	0.017857
6	7	0.023256
6	8	0.027027
6	9	0.023810
6	10	0.025000
6	13	0.047619
6	23	0.052632
6	27	0.083333
6	32	0.090909
6	40	0.052632
6	56	0.066667
6	60	0.125000
6	62	0.111111
6	64	0.111111
6	88	0.142857
6	95	0.125000
6	108	0.142857
6	109	0.166667
6	113	0.125000
6	124	0.111111
6	127	0.166667
6	148	0.166667
6	166	0.166667
6	170	0.166667
7	0	0.017857
7	2	0.025000
7	3	0.142857
7	4	0.111111
7	5	0.066667
7	6	0.041667
7	8	0.027027
7	9	0.023810
7	10	0.025000
7	11	0.023810
7	13	0.047619
7	14	0.041667
7	15	0.055556
7	16	0.050000
7	18	0.035714
7	20	0.055556
7	21	0.037037
7	28	0.055556
7	29	0.076923
7	30	0.047619
7	34	0.166667
7	36	0.052632
7	38	0.083333
7	47	0.125000
7	48	0.100000
7	49	0.050000
7	52	0.125000
7	55	0.066667
7	57	0.090909
7	59	0.076923
7	60	0.125000
7	65	0.076923
7	69	0.100000
7	79	0.166667
7	84	0.142857
7	85	0.090909
7	94	0.125000
7	104	0.142857
7	111	0.125000
7	136	0.166667
7	164	0.166667
7	167	0.166667
7	170	0.166667
8	0	0.017857
8	2	0.025000
8	3	0.142857
8	5	0.066667
8	6	0.041667
8	7	0.023256
8	9	0.023810
8	11	0.023810
8	12	0.023810
8	13	0.047619
8	15	0.055556
8	18	0.035714
8	21	0.037037
8	23	0.052632
8	24	0.041667
8	26	0.076923
8	34	0.166667
8	39	0.050000
8	40	0.052632
8	43	0.142857
8	50	0.076923
8	53	0.111111
8	65	0.076923
8	68	0.090909
8	78	0.090909
8	81	0.142857
8	85	0.090909
8	87	0.111111
8	94	0.125000
8	108	0.142857
8	111	0.125000
8	117	0.142857
8	120	0.142857
8	136	0.166667
8	143	0.090909
8	165	0.166667
8	166	0.166667
9	0	0.017857
9	2	0.025000
9	5	0.066667
9	6	0.041667
9	7	0.023256
9	8	0.027027
9	10	0.025000
9	11	0.023810
9	12	0.023810
9	14	0.041667
9	19	0.040000
9	20	0.055556
9	25	0.071429
9	26	0.076923
9	28	0.055556
9	30	0.047619
9	38	0.083333
9	41	0.071429
9	44	0.076923
9	50	0.076923
9	59	0.076923
9	63	0.111111
9	68	0.090909
9	70	0.090909
9	75	0.166667
9	77	0.125000
9	82	0.125000
9	86	0.142857
9	91	0.142857
9	98	0.166667
9	100	0.166667
9	102	0.090909
9	118	0.083333
9	120	0.142857
9	121	0.142857
9	129	0.142857
9	133	0.166667
9	148	0.166667
9	151	0.142857
9	154	0.166667
9	161	0.166667
9	169	0.166667
10	0	0.017857
10	2	0.025000
10	5	0.066667
10	6	0.041667
10	7	0.023256
10	9	0.023810
10	11	0.023810
10	12	0.023810
10	14	0.041667
10	15	0.055556
10	16	0.050000
10	17	0.038462
10	18	0.035714
10	19	0.040000
10	24	0.041667
10	25	0.071429
10	29	0.076923
10	35	0.071429
10	36	0.052632
10	39	0.050000
10	44	0.076923
10	45	0.062500
10	48	0.100000
10	49	0.050000
10	52	0.125000
10	55	0.066667
10	59	0.076923
10	67	0.125000
10	71	0.125000
10	72	0.076923
10	82	0.125000
10	104	0.142857
10	106	0.111111
10	141	0.166667
10	147	0.166667
10	149	0.142857
10	151	0.142857
10	161	0.166667
10	162	0.166667
10	164	0.166667
11	0	0.017857
11	5	0.066667
11	7	0.023256
11	8	0.027027
11	9	0.023810
11	10	0.025000
11	13	0.047619
11	14	0.041667
11	18	0.035714
11	19	0.040000
11	21	0.037037
11	22	0.047619
11	28	0.055556
11	31	0.038462
11	33	0.062500
11	40	0.052632
11	42	0.090909
11	44	0.076923
11	49	0.050000
11	53	0.111111
11	54	0.071429
11	55	0.066667
11	57	0.090909
11	58	0.100000
11	63	0.111111
11	66	0.111111
11	72	0.076923
11	73	0.090909
11	84	0.142857
11	86	0.142857
11	87	0.111111
11	97	0.142857
11	100	0.166667
11	113	0.125000
11	122	0.125000
11	123	0.166667
11	125	0.166667
11	131	0.166667
11	145	0.166667
11	155	0.142857
11	167	0.166667
11	169	0.166667
12	0	0.017857
12	2	0.025000
12	5	0.066667
12	8	0.027027
12	9	0.023810
12	10	0.025000
12	14	0.041667
12	15	0.055556
12	16	0.050000
12	17	0.038462
12	18	0.035714
12	20	0.055556
12	24	0.041667
12	30	0.047619
12	31	0.038462
12	37	0.066667
12	38	0.083333
12	39	0.050000
12	40	0.052632
12	42	0.090909
12	48	0.100000
12	50	0.076923
12	51	0.071429
12	54	0.071429
12	56	0.066667
12	57	0.090909
12	66	0.111111
12	68	0.090909
12	69	0.100000
12	80	0.142857
12	84	0.142857
12	98	0.166667
12	101	0.166667
12	102	0.090909
12	107	0.100000
12	114	0.125000
12	115	0.166667
12	130	0.142857
12	132	0.100000
12	137	0.166667
12	157	0.166667
12	170	0.166667
13	0	0.017857
13	2	0.025000
13	6	0.041667
13	7	0.023256
13	8	0.027027
13	11	0.023810
13	17	0.038462
13	18	0.035714
13	35	0.071429
13	37	0.066667
13	39	0.050000
13	41	0.071429
13	49	0.050000
13	58	0.100000
13	76	0.125000
13	82	0.125000
13	116	0.142857
13	123	0.166667
13	133	0.166667
13	143	0.090909
13	163	0.142857
14	2	0.025000
14	7	0.023256
14	9	0.023810
14	10	0.025000
14	11	0.023810
14	12	0.023810
14	16	0.050000
14	17	0.038462
14	23	0.052632
14	24	0.041667
14	31	0.038462
14	32	0.090909
14	36	0.052632
14	62	0.111111
14	74	0.100000
14	80	0.142857
14	83	0.142857
14	101	0.166667
14	106	0.111111
14	116	0.142857
14	122	0.125000
14	125	0.166667
14	146	0.125000
14	150	0.166667
15	0	0.017857
15	2	0.025000
15	7	0.023256
15	8	0.027027
15	10	0.025000
15	12	0.023810
15	17	0.038462
15	27	0.083333
15	32	0.090909
15	51	0.071429
15	53	0.111111
15	77	0.125000
15	79	0.166667
15	94	0.125000
15	95	0.125000
15	118	0.083333
15	143	0.090909
15	151	0.142857
16	0	0.017857
16	2	0.025000
16	7	0.023256
16	10	0.025000
16	12	0.023810
16	14	0.041667
16	19	0.040000
16	26	0.076923
16	28	0.055556
16	32	0.090909
16	33	0.062500
16	34	0.166667
16	37	0.066667
16	77	0.125000
16	79	0.166667
16	91	0.142857
16	99	0.125000
16	114	0.125000
16	156	0.142857
16	168	0.166667
17	0	0.017857
17	10	0.025000
17	12	0.023810
17	13	0.047619
17	14	0.041667
17	15	0.055556
17	20	0.055556
17	22	0.047619
17	29	0.076923
17	32	0.090909
17	35	0.071429
17	41	0.071429
17	42	0.090909
17	43	0.142857
17	45	0.062500
17	51	0.071429
17	59	0.076923
17	71	0.125000
17	87	0.111111
17	93	0.071429
17	125	0.166667
17	133	0.166667
17	134	0.111111
17	137	0.166667
17	142	0.166667
17	153	0.166667
18	7	0.023256
18	8	0.027027
18	10	0.025000
18	11	0.023810
18	12	0.023810
18	13	0.047619
18	24	0.041667
18	25	0.071429
18	27	0.083333
18	33	0.062500
18	35	0.071429
18	49	0.050000
18	51	0.071429
18	60	0.125000
18	61	0.100000
18	64	0.111111
18	67	0.125000
18	71	0.125000
18	79	0.166667
18	84	0.142857
18	86	0.142857
18	93	0.071429
18	97	0.142857
18	101	0.166667
18	102	0.090909
18	114	0.125000
18	141	0.166667
18	160	0.166667
19	0	0.017857
19	2	0.025000
19	9	0.023810
19	10	0.025000
19	11	0.023810
19	16	0.050000
19	22	0.047619
19	24	0.041667
19	29	0.076923
19	32	0.090909
19	37	0.066667
19	40	0.052632
19	60	0.125000
19	62	0.111111
19	65	0.076923
19	72	0.076923
19	75	0.166667
19	81	0.142857
19	112	0.166667
19	113	0.125000
19	120	0.142857
19	151	0.142857
19	152	0.166667
19	154	0.166667
19	155	0.142857
20	0	0.017857
20	2	0.025000
20	7	0.023256
20	9	0.023810
20	12	0.023810
20	17	0.038462
20	23	0.052632
20	26	0.076923
20	30	0.047619
20	38	0.083333
20	62	0.111111
20	64	0.111111
20	72	0.076923
20	74	0.100000
20	102	0.090909
20	105	0.166667
20	147	0.166667
20	162	0.166667
21	0	0.017857
21	2	0.025000
21	3	0.142857
21	7	0.023256
21	8	0.027027
21	11	0.023810
21	29	0.076923
21	42	0.090909
21	46	0.058824
21	59	0.076923
21	60	0.125000
21	61	0.100000
21	99	0.125000
21	104	0.142857
21	106	0.111111
21	116	0.142857
21	125	0.166667
21	126	0.100000
21	135	0.166667
21	139	0.166667
21	141	0.166667
21	142	0.166667
21	146	0.125000
21	147	0.166667
21	150	0.166667
21	154	0.166667
21	168	0.166667
22	0	0.017857
22	2	0.025000
22	3	0.142857
22	11	0.023810
22	17	0.038462
22	19	0.040000
22	26	0.076923
22	41	0.071429
22	47	0.125000
22	50	0.076923
22	54	0.071429
22	56	0.066667
22	67	0.125000
22	81	0.142857
22	89	0.111111
22	99	0.125000
22	109	0.166667
22	112	0.166667
22	134	0.111111
22	148	0.166667
22	158	0.166667
23	4	0.111111
23	5	0.066667
23	6	0.041667
23	8	0.027027
23	14	0.041667
23	20	0.055556
23	25	0.071429
23	28	0.055556
23	29	0.076923
23	35	0.071429
23	52	0.125000
23	57	0.090909
23	81	0.142857
23	84	0.142857
23	89	0.111111
23	108	0.142857
23	124	0.111111
23	132	0.100000
23	163	0.142857
24	8	0.027027
24	10	0.025000
24	12	0.023810
24	14	0.041667
24	18	0.035714
24	19	0.040000
24	27	0.083333
24	31	0.038462
24	33	0.062500
24	34	0.166667
24	45	0.062500
24	55	0.066667
24	62	0.111111
24	88	0.142857
24	108	0.142857
24	115	0.166667
24	120	0.142857
24	122	0.125000
24	131	0.166667
24	138	0.142857
24	139	0.166667
24	169	0.166667
24	170	0.166667
24	172	0.166667
25	0	0.017857
25	2	0.025000
25	9	0.023810
25	10	0.025000
25	18	0.035714
25	23	0.052632
25	30	0.047619
25	41	0.071429
25	46	0.058824
25	56	0.066667
25	62	0.111111
25	69	0.100000
25	132	0.100000
25	154	0.166667
26	0	0.017857
26	8	0.027027
26	9	0.023810
26	16	0.050000
26	20	0.055556
26	22	0.047619
26	27	0.083333
26	48	0.100000
26	64	0.111111
26	85	0.090909
26	101	0.166667
26	147	0.166667
26	165	0.166667
27	0	0.017857
27	6	0.041667
27	15	0.055556
27	18	0.035714
27	24	0.041667
27	26	0.076923
27	73	0.090909
27	74	0.100000
27	91	0.142857
27	100	0.166667
27	106	0.111111
27	114	0.125000
28	2	0.025000
28	7	0.023256
28	9	0.023810
28	11	0.023810
28	16	0.050000
28	23	0.052632
28	30	0.047619
28	45	0.062500
28	52	0.125000
28	70	0.090909
28	82	0.125000
28	85	0.090909
28	103	0.125000
28	106	0.111111
28	136	0.166667
28	147	0.166667
28	153	0.166667
28	158	0.166667
29	7	0.023256
29	10	0.025000
29	17	0.038462
29	19	0.040000
29	21	0.037037
29	23	0.052632
29	51	0.071429
29	54	0.071429
29	69	0.100000
29	70	0.090909
29	111	0.125000
29	126	0.100000
29	138	0.142857
30	7	0.023256
30	9	0.023810
30	12	0.023810
30	20	0.055556
30	25	0.071429
30	28	0.055556
30	34	0.166667
30	37	0.066667
30	69	0.100000
30	77	0.125000
30	88	0.142857
30	97	0.142857
30	99	0.125000
30	110	0.166667
30	113	0.125000
30	117	0.142857
30	118	0.083333
30	121	0.142857
30	133	0.166667
30	136	0.166667
30	165	0.166667
31	0	0.017857
31	2	0.025000
31	11	0.023810
31	12	0.023810
31	14	0.041667
31	24	0.041667
31	36	0.052632
31	42	0.090909
31	46	0.058824
31	55	0.066667
31	58	0.100000
31	61	0.100000
31	63	0.111111
31	68	0.090909
31	91	0.142857
31	100	0.166667
31	107	0.100000
31	108	0.142857
31	119	0.166667
31	126	0.100000
31	128	0.142857
31	143	0.090909
31	151	0.142857
31	155	0.142857
31	162	0.166667
31	173	0.166667
32	6	0.041667
32	14	0.041667
32	15	0.055556
32	16	0.050000
32	17	0.038462
32	19	0.040000
32	61	0.100000
32	67	0.125000
32	128	0.142857
32	144	0.142857
32	145	0.166667
33	0	0.017857
33	2	0.025000
33	11	0.023810
33	16	0.050000
33	18	0.035714
33	24	0.041667
33	35	0.071429
33	41	0.071429
33	46	0.058824
33	47	0.125000
33	65	0.076923
33	86	0.142857
33	90	0.100000
33	105	0.166667
33	133	0.166667
33	150	0.166667
34	2	0.025000
34	7	0.023256
34	8	0.027027
34	16	0.050000
34	24	0.041667
34	30	0.047619
35	10	0.025000
35	13	0.047619
35	17	0.038462
35	18	0.035714
35	23	0.052632
35	33	0.062500
35	39	0.050000
35	40	0.052632
35	56	0.066667
35	65	0.076923
35	66	0.111111
35	78	0.090909
35	101	0.166667
35	163	0.142857
36	2	0.025000
36	5	0.066667
36	7	0.023256
36	10	0.025000
36	14	0.041667
36	31	0.038462
36	43	0.142857
36	44	0.076923
36	53	0.111111
36	64	0.111111
36	83	0.142857
36	92	0.125000
36	93	0.071429
36	95	0.125000
36	96	0.142857
36	97	0.142857
36	127	0.166667
36	129	0.142857
36	149	0.142857
37	2	0.025000
37	12	0.023810
37	13	0.047619
37	16	0.050000
37	19	0.040000
37	30	0.047619
37	43	0.142857
37	66	0.111111
37	75	0.166667
37	80	0.142857
37	84	0.142857
37	121	0.142857
37	132	0.100000
37	139	0.166667
37	142	0.166667
38	0	0.017857
38	4	0.111111
38	7	0.023256
38	9	0.023810
38	12	0.023810
38	20	0.055556
38	43	0.142857
38	45	0.062500
38	77	0.125000
38	100	0.166667
38	122	0.125000
38	129	0.142857
39	2	0.025000
39	8	0.027027
39	10	0.025000
39	12	0.023810
39	13	0.047619
39	35	0.071429
39	48	0.100000
39	50	0.076923
39	63	0.111111
39	64	0.111111
39	67	0.125000
39	68	0.090909
39	70	0.090909
39	78	0.090909
39	101	0.166667
39	104	0.142857
39	124	0.111111
39	141	0.166667
39	162	0.166667
39	164	0.166667
40	6	0.041667
40	8	0.027027
40	11	0.023810
40	12	0.023810
40	19	0.040000
40	35	0.071429
40	47	0.125000
40	49	0.050000
40	76	0.125000
40	91	0.142857
40	94	0.125000
40	95	0.125000
40	96	0.142857
40	113	0.125000
40	116	0.142857
40	119	0.166667
40	121	0.142857
40	153	0.166667
40	160	0.166667
41	9	0.023810
41	13	0.047619
41	17	0.038462
41	22	0.047619
41	25	0.071429
41	33	0.062500
41	44	0.076923
41	71	0.125000
41	83	0.142857
41	105	0.166667
41	118	0.083333
41	127	0.166667
41	132	0.100000
41	143	0.090909
42	0	0.017857
42	11	0.023810
42	12	0.023810
42	17	0.038462
42	21	0.037037
42	31	0.038462
42	47	0.125000
42	72	0.076923
42	142	0.166667
42	151	0.142857
42	155	0.142857
43	2	0.025000
43	8	0.027027
43	17	0.038462
43	36	0.052632
43	37	0.066667
43	38	0.083333
43	63	0.111111
44	0	0.017857
44	9	0.023810
44	10	0.025000
44	11	0.023810
44	36	0.052632
44	41	0.071429
44	68	0.090909
44	87	0.111111
44	89	0.111111
44	90	0.100000
44	119	0.166667
44	135	0.166667
44	157	0.166667
45	5	0.066667
45	10	0.025000
45	17	0.038462
45	24	0.041667
45	28	0.055556
45	38	0.083333
45	46	0.058824
45	72	0.076923
45	76	0.125000
45	88	0.142857
45	103	0.125000
45	106	0.111111
45	130	0.142857
45	132	0.100000
45	140	0.142857
45	171	0.166667
46	5	0.066667
46	21	0.037037
46	25	0.071429
46	31	0.038462
46	33	0.062500
46	45	0.062500
46	52	0.125000
46	66	0.111111
46	88	0.142857
46	98	0.166667
46	117	0.142857
46	119	0.166667
46	128	0.142857
46	134	0.111111
46	152	0.166667
46	160	0.166667
46	164	0.166667
47	5	0.066667
47	7	0.023256
47	22	0.047619
47	33	0.062500
47	40	0.052632
47	42	0.090909
47	60	0.125000
47	90	0.100000
48	0	0.017857
48	7	0.023256
48	10	0.025000
48	12	0.023810
48	26	0.076923
48	39	0.050000
48	52	0.125000
48	56	0.066667
48	58	0.100000
48	78	0.090909
49	7	0.023256
49	10	0.025000
49	11	0.023810
49	13	0.047619
49	18	0.035714
49	40	0.052632
49	53	0.111111
49	73	0.090909
49	80	0.142857
49	88	0.142857
49	91	0.142857
49	104	0.142857
49	107	0.100000
49	111	0.125000
49	118	0.083333
49	127	0.166667
49	131	0.166667
49	140	0.142857
49	158	0.166667
49	163	0.142857
50	2	0.025000
50	8	0.027027
50	9	0.023810
50	12	0.023810
50	22	0.047619
50	39	0.050000
50	51	0.071429
50	75	0.166667
50	89	0.111111
50	109	0.166667
50	123	0.166667
50	140	0.142857
50	149	0.142857
51	12	0.023810
51	15	0.055556
51	17	0.038462
51	18	0.035714
51	29	0.076923
51	50	0.076923
51	53	0.111111
51	54	0.071429
51	89	0.111111
51	92	0.125000
51	110	0.166667
51	141	0.166667
51	171	0.166667
51	173	0.166667
52	7	0.023256
52	10	0.025000
52	23	0.052632
52	28	0.055556
52	46	0.058824
52	48	0.100000
52	61	0.100000
52	141	0.166667
53	8	0.027027
53	11	0.023810
53	15	0.055556
53	36	0.052632
53	49	0.050000
53	51	0.071429
53	69	0.100000
53	90	0.100000
53	152	0.166667
54	0	0.017857
54	11	0.023810
54	12	0.023810
54	22	0.047619
54	29	0.076923
54	51	0.071429
54	71	0.125000
54	75	0.166667
54	80	0.142857
54	93	0.071429
54	94	0.125000
54	117	0.142857
54	155	0.142857
54	171	0.166667
55	0	0.017857
55	7	0.023256
55	10	0.025000
55	11	0.023810
55	24	0.041667
55	31	0.038462
55	65	0.076923
55	74	0.100000
55	83	0.142857
55	104	0.142857
55	111	0.125000
55	122	0.125000
55	136	0.166667
55	144	0.142857
55	156	0.142857
56	6	0.041667
56	12	0.023810
56	22	0.047619
56	25	0.071429
56	35	0.071429
56	48	0.100000
56	61	0.100000
56	70	0.090909
56	79	0.166667
56	87	0.111111
56	89	0.111111
56	92	0.125000
56	138	0.142857
56	146	0.125000
56	163	0.142857
57	0	0.017857
57	2	0.025000
57	7	0.023256
57	11	0.023810
57	12	0.023810
57	23	0.052632
57	71	0.125000
57	103	0.125000
57	110	0.166667
57	115	0.166667
57	162	0.166667
58	2	0.025000
58	3	0.142857
58	11	0.023810
58	13	0.047619
58	31	0.038462
58	48	0.100000
58	110	0.166667
58	111	0.125000
58	131	0.166667
58	133	0.166667
59	0	0.017857
59	7	0.023256
59	9	0.023810
59	10	0.025000
59	17	0.038462
59	21	0.037037
59	66	0.111111
59	76	0.125000
59	78	0.090909
59	86	0.142857
59	107	0.100000
59	149	0.142857
59	162	0.166667
60	6	0.041667
60	7	0.023256
60	18	0.035714
60	19	0.040000
60	21	0.037037
60	47	0.125000
60	116	0.142857
60	152	0.166667
61	18	0.035714
61	21	0.037037
61	31	0.038462
61	32	0.090909
61	52	0.125000
61	56	0.066667
61	63	0.111111
61	73	0.090909
61	82	0.125000
61	139	0.166667
62	6	0.041667
62	14	0.041667
62	19	0.040000
62	20	0.055556
62	24	0.041667
62	25	0.071429
62	79	0.166667
62	105	0.166667
62	164	0.166667
63	9	0.023810
63	11	0.023810
63	31	0.038462
63	39	0.050000
63	43	0.142857
63	61	0.100000
63	94	0.125000
63	126	0.100000
63	146	0.125000
64	6	0.041667
64	18	0.035714
64	20	0.055556
64	26	0.076923
64	36	0.052632
64	39	0.050000
64	73	0.090909
64	128	0.142857
64	171	0.166667
65	7	0.023256
65	8	0.027027
65	19	0.040000
65	33	0.062500
65	35	0.071429
65	55	0.066667
65	70	0.090909
65	75	0.166667
65	93	0.071429
65	144	0.142857
65	146	0.125000
65	161	0.166667
65	168	0.166667
66	11	0.023810
66	12	0.023810
66	35	0.071429
66	37	0.066667
66	46	0.058824
66	59	0.076923
66	76	0.125000
66	105	0.166667
66	166	0.166667
67	2	0.025000
67	10	0.025000
67	18	0.035714
67	22	0.047619
67	32	0.090909
67	39	0.050000
67	96	0.142857
67	119	0.166667
68	8	0.027027
68	9	0.023810
68	12	0.023810
68	31	0.038462
68	39	0.050000
68	44	0.076923
68	96	0.142857
68	116	0.142857
68	136	0.166667
68	138	0.142857
68	167	0.166667
69	7	0.023256
69	12	0.023810
69	25	0.071429
69	29	0.076923
69	30	0.047619
69	53	0.111111
69	74	0.100000
69	102	0.090909
69	123	0.166667
69	125	0.166667
70	9	0.023810
70	28	0.055556
70	29	0.076923
70	39	0.050000
70	56	0.066667
70	65	0.076923
70	73	0.090909
70	81	0.142857
70	97	0.142857
70	124	0.111111
70	156	0.142857
71	10	0.025000
71	17	0.038462
71	18	0.035714
71	41	0.071429
71	54	0.071429
71	57	0.090909
71	146	0.125000
71	169	0.166667
72	10	0.025000
72	11	0.023810
72	19	0.040000
72	20	0.055556
72	42	0.090909
72	45	0.062500
72	96	0.142857
72	115	0.166667
72	117	0.142857
72	129	0.142857
72	142	0.166667
72	158	0.166667
72	161	0.166667
73	11	0.023810
73	27	0.083333
73	49	0.050000
73	61	0.100000
73	64	0.111111
73	70	0.090909
73	76	0.125000
73	86	0.142857
73	107	0.100000
73	119	0.166667
73	124	0.111111
74	0	0.017857
74	14	0.041667
74	20	0.055556
74	27	0.083333
74	55	0.066667
74	69	0.100000
74	103	0.125000
74	126	0.100000
74	130	0.142857
74	137	0.166667
75	9	0.023810
75	19	0.040000
75	37	0.066667
75	50	0.076923
75	54	0.071429
75	65	0.076923
76	13	0.047619
76	40	0.052632
76	45	0.062500
76	59	0.076923
76	66	0.111111
76	73	0.090909
76	92	0.125000
76	167	0.166667
77	0	0.017857
77	9	0.023810
77	15	0.055556
77	16	0.050000
77	30	0.047619
77	38	0.083333
77	83	0.142857
77	90	0.100000
78	2	0.025000
78	8	0.027027
78	35	0.071429
78	39	0.050000
78	48	0.100000
78	59	0.076923
78	80	0.142857
78	98	0.166667
78	109	0.166667
78	112	0.166667
78	125	0.166667
79	7	0.023256
79	15	0.055556
79	16	0.050000
79	18	0.035714
79	56	0.066667
79	62	0.111111
80	12	0.023810
80	14	0.041667
80	37	0.066667
80	49	0.050000
80	54	0.071429
80	78	0.090909
80	145	0.166667
81	0	0.017857
81	8	0.027027
81	19	0.040000
81	22	0.047619
81	23	0.052632
81	70	0.090909
81	90	0.100000
82	0	0.017857
82	9	0.023810
82	10	0.025000
82	13	0.047619
82	28	0.055556
82	61	0.100000
82	102	0.090909
82	128	0.142857
83	4	0.111111
83	14	0.041667
83	36	0.052632
83	41	0.071429
83	55	0.066667
83	77	0.125000
83	105	0.166667
84	7	0.023256
84	11	0.023810
84	12	0.023810
84	18	0.035714
84	23	0.052632
84	37	0.066667
84	140	0.142857
85	2	0.025000
85	5	0.066667
85	7	0.023256
85	8	0.027027
85	26	0.076923
85	28	0.055556
85	95	0.125000
85	97	0.142857
85	103	0.125000
85	110	0.166667
85	149	0.142857
86	9	0.023810
86	11	0.023810
86	18	0.035714
86	33	0.062500
86	59	0.076923
86	73	0.090909
86	172	0.166667
87	5	0.066667
87	8	0.027027
87	11	0.023810
87	17	0.038462
87	44	0.076923
87	56	0.066667
87	112	0.166667
87	114	0.125000
87	156	0.142857
88	6	0.041667
88	24	0.041667
88	30	0.047619
88	45	0.062500
88	46	0.058824
88	49	0.050000
88	100	0.166667
89	22	0.047619
89	23	0.052632
89	44	0.076923
89	50	0.076923
89	51	0.071429
89	56	0.066667
89	98	0.166667
89	129	0.142857
89	134	0.111111
90	33	0.062500
90	44	0.076923
90	47	0.125000
90	53	0.111111
90	77	0.125000
90	81	0.142857
90	112	0.166667
90	114	0.125000
90	138	0.142857
90	165	0.166667
91	9	0.023810
91	16	0.050000
91	27	0.083333
91	31	0.038462
91	40	0.052632
91	49	0.050000
91	96	0.142857
92	4	0.111111
92	5	0.066667
92	36	0.052632
92	51	0.071429
92	56	0.066667
92	76	0.125000
92	130	0.142857
92	172	0.166667
93	4	0.111111
93	17	0.038462
93	18	0.035714
93	36	0.052632
93	54	0.071429
93	65	0.076923
93	95	0.125000
93	103	0.125000
93	108	0.142857
93	128	0.142857
93	135	0.166667
93	140	0.142857
93	166	0.166667
93	172	0.166667
94	7	0.023256
94	8	0.027027
94	15	0.055556
94	40	0.052632
94	54	0.071429
94	63	0.111111
94	117	0.142857
94	167	0.166667
95	6	0.041667
95	15	0.055556
95	36	0.052632
95	40	0.052632
95	85	0.090909
95	93	0.071429
95	115	0.166667
95	153	0.166667
96	36	0.052632
96	40	0.052632
96	67	0.125000
96	68	0.090909
96	72	0.076923
96	91	0.142857
96	113	0.125000
97	11	0.023810
97	18	0.035714
97	30	0.047619
97	36	0.052632
97	70	0.090909
97	85	0.090909
97	150	0.166667
98	0	0.017857
98	9	0.023810
98	12	0.023810
98	46	0.058824
98	78	0.090909
98	89	0.111111
99	2	0.025000
99	4	0.111111
99	16	0.050000
99	21	0.037037
99	22	0.047619
99	30	0.047619
99	107	0.100000
99	134	0.111111
100	9	0.023810
100	11	0.023810
100	27	0.083333
100	31	0.038462
100	38	0.083333
100	88	0.142857
101	12	0.023810
101	14	0.041667
101	18	0.035714
101	26	0.076923
101	35	0.071429
101	39	0.050000
102	9	0.023810
102	12	0.023810
102	18	0.035714
102	20	0.055556
102	69	0.100000
102	82	0.125000
102	110	0.166667
102	129	0.142857
102	158	0.166667
102	159	0.166667
102	170	0.166667
103	28	0.055556
103	45	0.062500
103	57	0.090909
103	74	0.100000
103	85	0.090909
103	93	0.071429
103	109	0.166667
103	165	0.166667
104	7	0.023256
104	10	0.025000
104	21	0.037037
104	39	0.050000
104	49	0.050000
104	55	0.066667
104	115	0.166667
105	20	0.055556
105	33	0.062500
105	41	0.071429
105	62	0.111111
105	66	0.111111
105	83	0.142857
106	10	0.025000
106	14	0.041667
106	21	0.037037
106	27	0.083333
106	28	0.055556
106	45	0.062500
106	127	0.166667
106	155	0.142857
106	170	0.166667
107	12	0.023810
107	31	0.038462
107	49	0.050000
107	59	0.076923
107	73	0.090909
107	99	0.125000
107	144	0.142857
107	145	0.166667
107	161	0.166667
107	173	0.166667
108	6	0.041667
108	8	0.027027
108	23	0.052632
108	24	0.041667
108	31	0.038462
108	93	0.071429
108	156	0.142857
109	0	0.017857
109	6	0.041667
109	22	0.047619
109	50	0.076923
109	78	0.090909
109	103	0.125000
110	30	0.047619
110	51	0.071429
110	57	0.090909
110	58	0.100000
110	85	0.090909
110	102	0.090909
111	7	0.023256
111	8	0.027027
111	29	0.076923
111	49	0.050000
111	55	0.066667
111	58	0.100000
111	123	0.166667
111	143	0.090909
112	0	0.017857
112	19	0.040000
112	22	0.047619
112	78	0.090909
112	87	0.111111
112	90	0.100000
113	6	0.041667
113	11	0.023810
113	19	0.040000
113	30	0.047619
113	40	0.052632
113	96	0.142857
113	152	0.166667
113	160	0.166667
114	12	0.023810
114	16	0.050000
114	18	0.035714
114	27	0.083333
114	87	0.111111
114	90	0.100000
114	135	0.166667
114	147	0.166667
115	12	0.023810
115	24	0.041667
115	57	0.090909
115	72	0.076923
115	95	0.125000
115	104	0.142857
116	13	0.047619
116	14	0.041667
116	21	0.037037
116	40	0.052632
116	60	0.125000
116	68	0.090909
116	150	0.166667
117	8	0.027027
117	30	0.047619
117	46	0.058824
117	54	0.071429
117	72	0.076923
117	94	0.125000
117	121	0.142857
118	0	0.017857
118	9	0.023810
118	15	0.055556
118	30	0.047619
118	41	0.071429
118	49	0.050000
118	121	0.142857
118	124	0.111111
118	137	0.166667
118	145	0.166667
118	148	0.166667
118	173	0.166667
119	31	0.038462
119	40	0.052632
119	44	0.076923
119	46	0.058824
119	67	0.125000
119	73	0.090909
120	0	0.017857
120	2	0.025000
120	8	0.027027
120	9	0.023810
120	19	0.040000
120	24	0.041667
120	167	0.166667
121	9	0.023810
121	30	0.047619
121	37	0.066667
121	40	0.052632
121	117	0.142857
121	118	0.083333
121	139	0.166667
122	0	0.017857
122	11	0.023810
122	14	0.041667
122	24	0.041667
122	38	0.083333
122	55	0.066667
122	130	0.142857
122	138	0.142857
123	0	0.017857
123	11	0.023810
123	13	0.047619
123	50	0.076923
123	69	0.100000
123	111	0.125000
124	6	0.041667
124	23	0.052632
124	39	0.050000
124	70	0.090909
124	73	0.090909
124	118	0.083333
124	127	0.166667
124	131	0.166667
124	157	0.166667
125	11	0.023810
125	14	0.041667
125	17	0.038462
125	21	0.037037
125	69	0.100000
125	78	0.090909
126	2	0.025000
126	21	0.037037
126	29	0.076923
126	31	0.038462
126	63	0.111111
126	74	0.100000
126	131	0.166667
126	137	0.166667
126	148	0.166667
126	172	0.166667
127	6	0.041667
127	36	0.052632
127	41	0.071429
127	49	0.050000
127	106	0.111111
127	124	0.111111
128	31	0.038462
128	32	0.090909
128	46	0.058824
128	64	0.111111
128	82	0.125000
128	93	0.071429
128	159	0.166667
129	9	0.023810
129	36	0.052632
129	38	0.083333
129	72	0.076923
129	89	0.111111
129	102	0.090909
129	153	0.166667
130	2	0.025000
130	12	0.023810
130	45	0.062500
130	74	0.100000
130	92	0.125000
130	122	0.125000
130	159	0.166667
131	11	0.023810
131	24	0.041667
131	49	0.050000
131	58	0.100000
131	124	0.111111
131	126	0.100000
132	12	0.023810
132	23	0.052632
132	25	0.071429
132	37	0.066667
132	41	0.071429
132	45	0.062500
132	150	0.166667
132	159	0.166667
132	160	0.166667
132	164	0.166667
133	9	0.023810
133	13	0.047619
133	17	0.038462
133	30	0.047619
133	33	0.062500
133	58	0.100000
134	2	0.025000
134	17	0.038462
134	22	0.047619
134	46	0.058824
134	89	0.111111
134	99	0.125000
134	148	0.166667
134	157	0.166667
134	168	0.166667
135	0	0.017857
135	2	0.025000
135	21	0.037037
135	44	0.076923
135	93	0.071429
135	114	0.125000
136	7	0.023256
136	8	0.027027
136	28	0.055556
136	30	0.047619
136	55	0.066667
136	68	0.090909
137	0	0.017857
137	12	0.023810
137	17	0.038462
137	74	0.100000
137	118	0.083333
137	126	0.100000
138	24	0.041667
138	29	0.076923
138	56	0.066667
138	68	0.090909
138	90	0.100000
138	122	0.125000
138	156	0.142857
139	0	0.017857
139	21	0.037037
139	24	0.041667
139	37	0.066667
139	61	0.100000
139	121	0.142857
140	0	0.017857
140	45	0.062500
140	49	0.050000
140	50	0.076923
140	84	0.142857
140	93	0.071429
140	168	0.166667
141	10	0.025000
141	18	0.035714
141	21	0.037037
141	39	0.050000
141	51	0.071429
141	52	0.125000
142	0	0.017857
142	17	0.038462
142	21	0.037037
142	37	0.066667
142	42	0.090909
142	72	0.076923
143	8	0.027027
143	13	0.047619
143	15	0.055556
143	31	0.038462
143	41	0.071429
143	111	0.125000
143	145	0.166667
143	154	0.166667
143	157	0.166667
143	166	0.166667
143	169	0.166667
144	0	0.017857
144	2	0.025000
144	32	0.090909
144	55	0.066667
144	65	0.076923
144	107	0.100000
144	165	0.166667
145	11	0.023810
145	32	0.090909
145	80	0.142857
145	107	0.100000
145	118	0.083333
145	143	0.090909
146	14	0.041667
146	21	0.037037
146	56	0.066667
146	63	0.111111
146	65	0.076923
146	71	0.125000
146	158	0.166667
146	161	0.166667
147	10	0.025000
147	20	0.055556
147	21	0.037037
147	26	0.076923
147	28	0.055556
147	114	0.125000
148	6	0.041667
148	9	0.023810
148	22	0.047619
148	118	0.083333
148	126	0.100000
148	134	0.111111
149	0	0.017857
149	10	0.025000
149	36	0.052632
149	50	0.076923
149	59	0.076923
149	85	0.090909
149	163	0.142857
150	14	0.041667
150	21	0.037037
150	33	0.062500
150	97	0.142857
150	116	0.142857
150	132	0.100000
151	9	0.023810
151	10	0.025000
151	15	0.055556
151	19	0.040000
151	31	0.038462
151	42	0.090909
151	160	0.166667
152	2	0.025000
152	19	0.040000
152	46	0.058824
152	53	0.111111
152	60	0.125000
152	113	0.125000
153	0	0.017857
153	17	0.038462
153	28	0.055556
153	40	0.052632
153	95	0.125000
153	129	0.142857
154	0	0.017857
154	9	0.023810
154	19	0.040000
154	21	0.037037
154	25	0.071429
154	143	0.090909
155	11	0.023810
155	19	0.040000
155	31	0.038462
155	42	0.090909
155	54	0.071429
155	106	0.111111
155	159	0.166667
156	16	0.050000
156	55	0.066667
156	70	0.090909
156	87	0.111111
156	108	0.142857
156	138	0.142857
156	173	0.166667
157	0	0.017857
157	12	0.023810
157	44	0.076923
157	124	0.111111
157	134	0.111111
157	143	0.090909
158	22	0.047619
158	28	0.055556
158	49	0.050000
158	72	0.076923
158	102	0.090909
158	146	0.125000
159	2	0.025000
159	102	0.090909
159	128	0.142857
159	130	0.142857
159	132	0.100000
159	155	0.142857
160	18	0.035714
160	40	0.052632
160	46	0.058824
160	113	0.125000
160	132	0.100000
160	151	0.142857
161	9	0.023810
161	10	0.025000
161	65	0.076923
161	72	0.076923
161	107	0.100000
161	146	0.125000
162	10	0.025000
162	20	0.055556
162	31	0.038462
162	39	0.050000
162	57	0.090909
162	59	0.076923
163	13	0.047619
163	23	0.052632
163	35	0.071429
163	49	0.050000
163	56	0.066667
163	149	0.142857
163	172	0.166667
164	7	0.023256
164	10	0.025000
164	39	0.050000
164	46	0.058824
164	62	0.111111
164	132	0.100000
165	8	0.027027
165	26	0.076923
165	30	0.047619
165	90	0.100000
165	103	0.125000
165	144	0.142857
166	3	0.142857
166	6	0.041667
166	8	0.027027
166	66	0.111111
166	93	0.071429
166	143	0.090909
167	7	0.023256
167	11	0.023810
167	68	0.090909
167	76	0.125000
167	94	0.125000
167	120	0.142857
168	2	0.025000
168	16	0.050000
168	21	0.037037
168	65	0.076923
168	134	0.111111
168	140	0.142857
169	4	0.111111
169	9	0.023810
169	11	0.023810
169	24	0.041667
169	71	0.125000
169	143	0.090909
170	6	0.041667
170	7	0.023256
170	12	0.023810
170	24	0.041667
170	102	0.090909
170	106	0.111111
171	0	0.017857
171	2	0.025000
171	45	0.062500
171	51	0.071429
171	54	0.071429
171	64	0.111111
172	24	0.041667
172	86	0.142857
172	92	0.125000
172	93	0.071429
172	126	0.100000
172	163	0.142857
173	0	0.017857
173	31	0.038462
173	51	0.071429
173	107	0.100000
173	118	0.083333
173	156	0.142857
