144	1380
0	5	0.023810
0	6	0.041667
0	7	0.024390
0	10	0.034483
0	23	0.083333
0	39	0.166667
0	48	0.166667
0	51	0.166667
0	56	0.142857
0	63	0.142857
0	92	0.200000
0	98	0.125000
0	101	0.166667
0	105	0.125000
0	127	0.200000
0	140	0.200000
1	5	0.023810
1	6	0.041667
1	8	0.041667
1	9	0.045455
1	11	0.030303
1	18	0.076923
1	19	0.050000
1	21	0.125000
1	35	0.111111
1	36	0.125000
1	38	0.090909
1	43	0.200000
1	47	0.142857
1	56	0.142857
1	69	0.142857
1	77	0.166667
1	79	0.142857
1	92	0.200000
1	101	0.166667
1	103	0.166667
1	123	0.166667
1	128	0.166667
1	131	0.166667
1	132	0.200000
1	138	0.200000
2	5	0.023810
2	7	0.024390
2	10	0.034483
2	11	0.030303
2	13	0.052632
2	19	0.050000
2	20	0.125000
2	25	0.125000
2	28	0.090909
2	31	0.142857
2	38	0.090909
2	41	0.125000
2	43	0.200000
2	44	0.200000
2	48	0.166667
2	49	0.076923
2	59	0.111111
2	72	0.100000
2	73	0.166667
2	75	0.100000
2	82	0.111111
2	83	0.142857
2	85	0.166667
2	91	0.166667
2	110	0.166667
2	133	0.200000
2	137	0.200000
3	5	0.023810
3	6	0.041667
3	8	0.041667
3	9	0.045455
3	12	0.043478
3	15	0.038462
3	16	0.066667
3	18	0.076923
3	19	0.050000
3	28	0.090909
3	29	0.125000
3	32	0.090909
3	38	0.090909
3	52	0.090909
3	55	0.111111
3	63	0.142857
3	64	0.166667
3	66	0.142857
3	72	0.100000
3	74	0.166667
3	84	0.200000
3	97	0.142857
3	110	0.166667
3	116	0.200000
4	5	0.023810
4	6	0.041667
4	7	0.024390
4	8	0.041667
4	9	0.045455
4	10	0.034483
4	12	0.043478
4	15	0.038462
4	16	0.066667
4	21	0.125000
4	26	0.111111
4	36	0.125000
4	47	0.142857
4	55	0.111111
4	71	0.100000
4	75	0.100000
4	86	0.125000
4	87	0.200000
4	90	0.166667
4	94	0.166667
4	102	0.166667
4	113	0.200000
4	115	0.200000
4	126	0.200000
5	0	0.062500
5	1	0.040000
5	2	0.037037
5	3	0.041667
5	4	0.041667
5	6	0.041667
5	7	0.024390
5	8	0.041667
5	9	0.045455
5	11	0.030303
5	12	0.043478
5	13	0.052632
5	14	0.058824
5	16	0.066667
5	17	0.041667
5	18	0.076923
5	21	0.125000
5	22	0.083333
5	23	0.083333
5	24	0.100000
5	25	0.125000
5	29	0.125000
5	39	0.166667
5	42	0.058824
5	44	0.200000
5	46	0.166667
5	51	0.166667
5	53	0.142857
5	55	0.111111
5	64	0.166667
5	77	0.166667
5	82	0.111111
5	86	0.125000
5	87	0.200000
5	89	0.125000
5	96	0.200000
5	101	0.166667
5	104	0.111111
5	117	0.142857
5	120	0.142857
5	128	0.166667
5	133	0.200000
6	0	0.062500
6	1	0.040000
6	3	0.041667
6	4	0.041667
6	5	0.023810
6	15	0.038462
6	16	0.066667
6	23	0.083333
6	25	0.125000
6	29	0.125000
6	34	0.058824
6	35	0.111111
6	38	0.090909
6	64	0.166667
6	76	0.142857
6	79	0.142857
6	81	0.200000
6	94	0.166667
6	97	0.142857
6	105	0.125000
6	123	0.166667
6	131	0.166667
6	138	0.200000
6	140	0.200000
7	0	0.062500
7	2	0.037037
7	4	0.041667
7	5	0.023810
7	8	0.041667
7	9	0.045455
7	10	0.034483
7	11	0.030303
7	13	0.052632
7	14	0.058824
7	15	0.038462
7	18	0.076923
7	22	0.083333
7	23	0.083333
7	27	0.071429
7	30	0.125000
7	37	0.083333
7	39	0.166667
7	40	0.055556
7	55	0.111111
7	59	0.111111
7	61	0.111111
7	68	0.125000
7	70	0.142857
7	76	0.142857
7	79	0.142857
7	80	0.166667
7	81	0.200000
7	84	0.200000
7	85	0.166667
7	89	0.125000
7	95	0.166667
7	96	0.200000
7	100	0.200000
7	104	0.111111
7	109	0.200000
7	111	0.166667
7	118	0.200000
7	127	0.200000
7	128	0.166667
7	134	0.142857
8	1	0.040000
8	3	0.041667
8	4	0.041667
8	5	0.023810
8	7	0.024390
8	10	0.034483
8	12	0.043478
8	14	0.058824
8	26	0.111111
8	28	0.090909
8	29	0.125000
8	48	0.166667
8	52	0.090909
8	70	0.142857
8	71	0.100000
8	73	0.166667
8	75	0.100000
8	78	0.125000
8	80	0.166667
8	88	0.166667
8	90	0.166667
8	92	0.200000
8	98	0.125000
8	139	0.200000
9	1	0.040000
9	3	0.041667
9	4	0.041667
9	5	0.023810
9	7	0.024390
9	17	0.041667
9	18	0.076923
9	19	0.050000
9	23	0.083333
9	28	0.090909
9	32	0.090909
9	34	0.058824
9	42	0.058824
9	54	0.166667
9	56	0.142857
9	59	0.111111
9	78	0.125000
9	99	0.200000
9	110	0.166667
9	120	0.142857
9	137	0.200000
9	142	0.200000
10	0	0.062500
10	2	0.037037
10	4	0.041667
10	7	0.024390
10	8	0.041667
10	11	0.030303
10	12	0.043478
10	14	0.058824
10	20	0.125000
10	21	0.125000
10	26	0.111111
10	27	0.071429
10	32	0.090909
10	35	0.111111
10	36	0.125000
10	37	0.083333
10	39	0.166667
10	40	0.055556
10	45	0.083333
10	48	0.166667
10	49	0.076923
10	53	0.142857
10	88	0.166667
10	101	0.166667
10	104	0.111111
10	106	0.200000
10	118	0.200000
10	127	0.200000
10	139	0.200000
11	1	0.040000
11	2	0.037037
11	5	0.023810
11	7	0.024390
11	10	0.034483
11	13	0.052632
11	14	0.058824
11	17	0.041667
11	20	0.125000
11	22	0.083333
11	25	0.125000
11	27	0.071429
11	32	0.090909
11	35	0.111111
11	36	0.125000
11	39	0.166667
11	41	0.125000
11	47	0.142857
11	54	0.166667
11	57	0.166667
11	58	0.166667
11	67	0.142857
11	93	0.142857
11	95	0.166667
11	99	0.200000
11	106	0.200000
11	109	0.200000
11	123	0.166667
11	124	0.200000
11	132	0.200000
11	133	0.200000
11	134	0.142857
11	136	0.200000
12	3	0.041667
12	4	0.041667
12	5	0.023810
12	8	0.041667
12	10	0.034483
12	13	0.052632
12	20	0.125000
12	27	0.071429
12	30	0.125000
12	41	0.125000
12	47	0.142857
12	48	0.166667
12	50	0.166667
12	51	0.166667
12	85	0.166667
12	94	0.166667
12	98	0.125000
12	100	0.200000
12	111	0.166667
12	114	0.200000
12	115	0.200000
12	122	0.200000
12	135	0.200000
13	2	0.037037
13	5	0.023810
13	7	0.024390
13	11	0.030303
13	12	0.043478
13	15	0.038462
13	17	0.041667
13	24	0.100000
13	30	0.125000
13	37	0.083333
13	41	0.125000
13	50	0.166667
13	57	0.166667
13	65	0.142857
13	76	0.142857
13	99	0.200000
13	119	0.142857
13	133	0.200000
13	139	0.200000
14	5	0.023810
14	7	0.024390
14	8	0.041667
14	10	0.034483
14	11	0.030303
14	17	0.041667
14	24	0.100000
14	26	0.111111
14	27	0.071429
14	31	0.142857
14	41	0.125000
14	42	0.058824
14	46	0.166667
14	54	0.166667
14	60	0.125000
14	78	0.125000
14	105	0.125000
15	3	0.041667
15	4	0.041667
15	6	0.041667
15	7	0.024390
15	13	0.052632
15	16	0.066667
15	22	0.083333
15	28	0.090909
15	30	0.125000
15	32	0.090909
15	43	0.200000
15	56	0.142857
15	61	0.111111
15	67	0.142857
15	68	0.125000
15	69	0.142857
15	71	0.100000
15	72	0.100000
15	73	0.166667
15	86	0.125000
15	90	0.166667
15	91	0.166667
15	102	0.166667
15	107	0.166667
15	109	0.200000
15	130	0.142857
16	3	0.041667
16	4	0.041667
16	5	0.023810
16	6	0.041667
16	15	0.038462
16	24	0.100000
16	34	0.058824
16	46	0.166667
16	47	0.142857
16	50	0.166667
16	74	0.166667
16	83	0.142857
16	96	0.200000
16	112	0.200000
16	118	0.200000
17	5	0.023810
17	9	0.045455
17	11	0.030303
17	13	0.052632
17	14	0.058824
17	20	0.125000
17	22	0.083333
17	35	0.111111
17	50	0.166667
17	53	0.142857
17	67	0.142857
17	69	0.142857
17	72	0.100000
17	77	0.166667
17	81	0.200000
17	85	0.166667
17	99	0.200000
17	109	0.200000
17	112	0.200000
17	121	0.200000
17	126	0.200000
17	129	0.200000
17	142	0.200000
17	143	0.200000
18	1	0.040000
18	3	0.041667
18	5	0.023810
18	7	0.024390
18	9	0.045455
18	19	0.050000
18	21	0.125000
18	30	0.125000
18	37	0.083333
18	60	0.125000
18	61	0.111111
18	65	0.142857
18	68	0.125000
19	1	0.040000
19	2	0.037037
19	3	0.041667
19	9	0.045455
19	18	0.076923
19	24	0.100000
19	25	0.125000
19	29	0.125000
19	31	0.142857
19	34	0.058824
19	36	0.125000
19	40	0.055556
19	46	0.166667
19	56	0.142857
19	58	0.166667
19	107	0.166667
19	114	0.200000
19	128	0.166667
19	134	0.142857
19	136	0.200000
20	2	0.037037
20	10	0.034483
20	11	0.030303
20	12	0.043478
20	17	0.041667
20	67	0.142857
20	70	0.142857
20	104	0.111111
21	1	0.040000
21	4	0.041667
21	5	0.023810
21	10	0.034483
21	18	0.076923
21	108	0.166667
21	112	0.200000
21	125	0.166667
22	5	0.023810
22	7	0.024390
22	11	0.030303
22	15	0.038462
22	17	0.041667
22	31	0.142857
22	59	0.111111
22	62	0.166667
22	64	0.166667
22	67	0.142857
22	103	0.166667
22	120	0.142857
23	0	0.062500
23	5	0.023810
23	6	0.041667
23	7	0.024390
23	9	0.045455
23	40	0.055556
23	62	0.166667
23	63	0.142857
23	81	0.200000
23	84	0.200000
23	93	0.142857
23	113	0.200000
24	5	0.023810
24	13	0.052632
24	14	0.058824
24	16	0.066667
24	19	0.050000
24	33	0.100000
24	44	0.200000
24	54	0.166667
24	115	0.200000
24	135	0.200000
25	2	0.037037
25	5	0.023810
25	6	0.041667
25	11	0.030303
25	19	0.050000
25	31	0.142857
25	33	0.100000
25	34	0.058824
26	4	0.041667
26	8	0.041667
26	10	0.034483
26	14	0.058824
26	33	0.100000
26	37	0.083333
26	65	0.142857
26	93	0.142857
26	107	0.166667
27	7	0.024390
27	10	0.034483
27	11	0.030303
27	12	0.043478
27	14	0.058824
27	33	0.100000
27	51	0.166667
27	62	0.166667
27	74	0.166667
27	76	0.142857
27	81	0.200000
27	83	0.142857
27	91	0.166667
27	124	0.200000
28	2	0.037037
28	3	0.041667
28	8	0.041667
28	9	0.045455
28	15	0.038462
28	42	0.058824
28	45	0.083333
28	69	0.142857
28	70	0.142857
28	77	0.166667
28	131	0.166667
29	3	0.041667
29	5	0.023810
29	6	0.041667
29	8	0.041667
29	19	0.050000
29	33	0.100000
29	57	0.166667
29	122	0.200000
30	7	0.024390
30	12	0.043478
30	13	0.052632
30	15	0.038462
30	18	0.076923
30	53	0.142857
30	89	0.125000
30	111	0.166667
31	2	0.037037
31	14	0.058824
31	19	0.050000
31	22	0.083333
31	25	0.125000
31	45	0.083333
31	120	0.142857
32	3	0.041667
32	9	0.045455
32	10	0.034483
32	11	0.030303
32	15	0.038462
32	43	0.200000
32	49	0.076923
32	60	0.125000
32	89	0.125000
32	100	0.200000
32	107	0.166667
33	24	0.100000
33	25	0.125000
33	26	0.111111
33	27	0.071429
33	29	0.125000
33	38	0.090909
33	55	0.111111
33	103	0.166667
33	105	0.125000
33	132	0.200000
34	6	0.041667
34	9	0.045455
34	16	0.066667
34	19	0.050000
34	25	0.125000
34	45	0.083333
34	46	0.166667
34	49	0.076923
34	63	0.142857
34	80	0.166667
34	82	0.111111
34	84	0.200000
34	97	0.142857
34	108	0.166667
34	121	0.200000
34	125	0.166667
34	141	0.200000
35	1	0.040000
35	6	0.041667
35	10	0.034483
35	11	0.030303
35	17	0.041667
35	43	0.200000
35	52	0.090909
35	78	0.125000
35	131	0.166667
36	1	0.040000
36	4	0.041667
36	10	0.034483
36	11	0.030303
36	19	0.050000
36	51	0.166667
36	68	0.125000
36	95	0.166667
37	7	0.024390
37	10	0.034483
37	13	0.052632
37	18	0.076923
37	26	0.111111
37	44	0.200000
37	57	0.166667
37	65	0.142857
37	73	0.166667
37	82	0.111111
37	84	0.200000
37	88	0.166667
38	1	0.040000
38	2	0.037037
38	3	0.041667
38	6	0.041667
38	33	0.100000
38	40	0.055556
38	52	0.090909
38	118	0.200000
38	123	0.166667
38	125	0.166667
38	142	0.200000
39	0	0.062500
39	5	0.023810
39	7	0.024390
39	10	0.034483
39	11	0.030303
39	65	0.142857
40	7	0.024390
40	10	0.034483
40	19	0.050000
40	23	0.083333
40	38	0.090909
40	42	0.058824
40	50	0.166667
40	53	0.142857
40	58	0.166667
40	64	0.166667
40	66	0.142857
40	86	0.125000
40	89	0.125000
40	92	0.200000
40	93	0.142857
40	100	0.200000
40	141	0.200000
40	143	0.200000
41	2	0.037037
41	11	0.030303
41	12	0.043478
41	13	0.052632
41	14	0.058824
41	45	0.083333
41	49	0.076923
41	141	0.200000
42	5	0.023810
42	9	0.045455
42	14	0.058824
42	28	0.090909
42	40	0.055556
42	44	0.200000
42	52	0.090909
42	54	0.166667
42	58	0.166667
42	74	0.166667
42	82	0.111111
42	86	0.125000
42	102	0.166667
42	104	0.111111
42	130	0.142857
42	133	0.200000
42	140	0.200000
43	1	0.040000
43	2	0.037037
43	15	0.038462
43	32	0.090909
43	35	0.111111
44	2	0.037037
44	5	0.023810
44	24	0.100000
44	37	0.083333
44	42	0.058824
45	10	0.034483
45	28	0.090909
45	31	0.142857
45	34	0.058824
45	41	0.125000
45	58	0.166667
45	62	0.166667
45	78	0.125000
45	91	0.166667
45	106	0.200000
45	126	0.200000
45	137	0.200000
46	5	0.023810
46	14	0.058824
46	16	0.066667
46	19	0.050000
46	34	0.058824
46	105	0.125000
47	1	0.040000
47	4	0.041667
47	11	0.030303
47	12	0.043478
47	16	0.066667
47	60	0.125000
47	73	0.166667
48	0	0.062500
48	2	0.037037
48	8	0.041667
48	10	0.034483
48	12	0.043478
48	121	0.200000
49	2	0.037037
49	10	0.034483
49	32	0.090909
49	34	0.058824
49	41	0.125000
49	60	0.125000
49	62	0.166667
49	70	0.142857
49	75	0.100000
49	95	0.166667
49	113	0.200000
49	116	0.200000
49	142	0.200000
50	12	0.043478
50	13	0.052632
50	16	0.066667
50	17	0.041667
50	40	0.055556
50	66	0.142857
51	0	0.062500
51	5	0.023810
51	12	0.043478
51	27	0.071429
51	36	0.125000
51	59	0.111111
52	3	0.041667
52	8	0.041667
52	35	0.111111
52	38	0.090909
52	42	0.058824
52	76	0.142857
52	83	0.142857
52	108	0.166667
52	131	0.166667
52	138	0.200000
52	143	0.200000
53	5	0.023810
53	10	0.034483
53	17	0.041667
53	30	0.125000
53	40	0.055556
53	57	0.166667
53	61	0.111111
54	9	0.045455
54	11	0.030303
54	14	0.058824
54	24	0.100000
54	42	0.058824
54	115	0.200000
55	3	0.041667
55	4	0.041667
55	5	0.023810
55	7	0.024390
55	33	0.100000
55	66	0.142857
55	79	0.142857
55	94	0.166667
55	117	0.142857
56	0	0.062500
56	1	0.040000
56	9	0.045455
56	15	0.038462
56	19	0.050000
56	63	0.142857
56	72	0.100000
57	11	0.030303
57	13	0.052632
57	29	0.125000
57	37	0.083333
57	53	0.142857
57	114	0.200000
58	11	0.030303
58	19	0.050000
58	40	0.055556
58	42	0.058824
58	45	0.083333
58	80	0.166667
59	2	0.037037
59	7	0.024390
59	9	0.045455
59	22	0.083333
59	51	0.166667
59	95	0.166667
59	96	0.200000
59	108	0.166667
59	116	0.200000
60	14	0.058824
60	18	0.076923
60	32	0.090909
60	47	0.142857
60	49	0.076923
60	61	0.111111
60	98	0.125000
60	106	0.200000
61	7	0.024390
61	15	0.038462
61	18	0.076923
61	53	0.142857
61	60	0.125000
61	99	0.200000
61	124	0.200000
61	127	0.200000
61	129	0.200000
62	22	0.083333
62	23	0.083333
62	27	0.071429
62	45	0.083333
62	49	0.076923
62	77	0.166667
63	0	0.062500
63	3	0.041667
63	23	0.083333
63	34	0.058824
63	56	0.142857
63	79	0.142857
63	128	0.166667
64	3	0.041667
64	5	0.023810
64	6	0.041667
64	22	0.083333
64	40	0.055556
64	66	0.142857
65	13	0.052632
65	18	0.076923
65	26	0.111111
65	37	0.083333
65	39	0.166667
65	69	0.142857
65	139	0.200000
66	3	0.041667
66	40	0.055556
66	50	0.166667
66	55	0.111111
66	64	0.166667
66	68	0.125000
66	74	0.166667
67	11	0.030303
67	15	0.038462
67	17	0.041667
67	20	0.125000
67	22	0.083333
67	97	0.142857
67	103	0.166667
68	7	0.024390
68	15	0.038462
68	18	0.076923
68	36	0.125000
68	66	0.142857
68	71	0.100000
68	85	0.166667
68	114	0.200000
69	1	0.040000
69	15	0.038462
69	17	0.041667
69	28	0.090909
69	65	0.142857
69	98	0.125000
69	138	0.200000
70	7	0.024390
70	8	0.041667
70	20	0.125000
70	28	0.090909
70	49	0.076923
70	71	0.100000
70	88	0.166667
71	4	0.041667
71	8	0.041667
71	15	0.038462
71	68	0.125000
71	70	0.142857
71	75	0.100000
71	92	0.200000
71	124	0.200000
71	136	0.200000
71	137	0.200000
72	2	0.037037
72	3	0.041667
72	15	0.038462
72	17	0.041667
72	56	0.142857
72	102	0.166667
72	108	0.166667
72	119	0.142857
72	120	0.142857
72	124	0.200000
73	2	0.037037
73	8	0.041667
73	15	0.038462
73	37	0.083333
73	47	0.142857
73	101	0.166667
74	3	0.041667
74	16	0.066667
74	27	0.071429
74	42	0.058824
74	66	0.142857
74	80	0.166667
75	2	0.037037
75	4	0.041667
75	8	0.041667
75	49	0.076923
75	71	0.100000
75	87	0.200000
75	100	0.200000
75	102	0.166667
75	109	0.200000
75	122	0.200000
76	6	0.041667
76	7	0.024390
76	13	0.052632
76	27	0.071429
76	52	0.090909
76	83	0.142857
76	87	0.200000
77	1	0.040000
77	5	0.023810
77	17	0.041667
77	28	0.090909
77	62	0.166667
77	134	0.142857
78	8	0.041667
78	9	0.045455
78	14	0.058824
78	35	0.111111
78	45	0.083333
78	112	0.200000
78	116	0.200000
78	129	0.200000
79	1	0.040000
79	6	0.041667
79	7	0.024390
79	55	0.111111
79	63	0.142857
79	90	0.166667
79	138	0.200000
80	7	0.024390
80	8	0.041667
80	34	0.058824
80	58	0.166667
80	74	0.166667
80	106	0.200000
81	6	0.041667
81	7	0.024390
81	17	0.041667
81	23	0.083333
81	27	0.071429
82	2	0.037037
82	5	0.023810
82	34	0.058824
82	37	0.083333
82	42	0.058824
82	110	0.166667
82	117	0.142857
82	130	0.142857
82	136	0.200000
83	2	0.037037
83	16	0.066667
83	27	0.071429
83	52	0.090909
83	76	0.142857
83	87	0.200000
83	132	0.200000
84	3	0.041667
84	7	0.024390
84	23	0.083333
84	34	0.058824
84	37	0.083333
85	2	0.037037
85	7	0.024390
85	12	0.043478
85	17	0.041667
85	68	0.125000
85	97	0.142857
86	4	0.041667
86	5	0.023810
86	15	0.038462
86	40	0.055556
86	42	0.058824
86	91	0.166667
86	96	0.200000
86	129	0.200000
87	4	0.041667
87	5	0.023810
87	75	0.100000
87	76	0.142857
87	83	0.142857
88	8	0.041667
88	10	0.034483
88	37	0.083333
88	70	0.142857
88	94	0.166667
88	107	0.166667
89	5	0.023810
89	7	0.024390
89	30	0.125000
89	32	0.090909
89	40	0.055556
89	122	0.200000
89	130	0.142857
89	141	0.200000
90	4	0.041667
90	8	0.041667
90	15	0.038462
90	79	0.142857
90	113	0.200000
90	118	0.200000
91	2	0.037037
91	15	0.038462
91	27	0.071429
91	45	0.083333
91	86	0.125000
91	93	0.142857
92	0	0.062500
92	1	0.040000
92	8	0.041667
92	40	0.055556
92	71	0.100000
93	11	0.030303
93	23	0.083333
93	26	0.111111
93	40	0.055556
93	91	0.166667
93	111	0.166667
93	125	0.166667
94	4	0.041667
94	6	0.041667
94	12	0.043478
94	55	0.111111
94	88	0.166667
94	130	0.142857
95	7	0.024390
95	11	0.030303
95	36	0.125000
95	49	0.076923
95	59	0.111111
95	117	0.142857
96	5	0.023810
96	7	0.024390
96	16	0.066667
96	59	0.111111
96	86	0.125000
97	3	0.041667
97	6	0.041667
97	34	0.058824
97	67	0.142857
97	85	0.166667
97	103	0.166667
97	114	0.200000
98	0	0.062500
98	8	0.041667
98	12	0.043478
98	60	0.125000
98	69	0.142857
98	110	0.166667
98	119	0.142857
98	132	0.200000
99	9	0.045455
99	11	0.030303
99	13	0.052632
99	17	0.041667
99	61	0.111111
100	7	0.024390
100	12	0.043478
100	32	0.090909
100	40	0.055556
100	75	0.100000
101	0	0.062500
101	1	0.040000
101	5	0.023810
101	10	0.034483
101	73	0.166667
101	119	0.142857
102	4	0.041667
102	15	0.038462
102	42	0.058824
102	72	0.100000
102	75	0.100000
102	121	0.200000
103	1	0.040000
103	22	0.083333
103	33	0.100000
103	67	0.142857
103	97	0.142857
103	137	0.200000
104	5	0.023810
104	7	0.024390
104	10	0.034483
104	20	0.125000
104	42	0.058824
104	112	0.200000
104	115	0.200000
104	119	0.142857
104	122	0.200000
105	0	0.062500
105	6	0.041667
105	14	0.058824
105	33	0.100000
105	46	0.166667
105	111	0.166667
105	123	0.166667
105	126	0.200000
106	10	0.034483
106	11	0.030303
106	45	0.083333
106	60	0.125000
106	80	0.166667
107	15	0.038462
107	19	0.050000
107	26	0.111111
107	32	0.090909
107	88	0.166667
107	135	0.200000
108	21	0.125000
108	34	0.058824
108	52	0.090909
108	59	0.111111
108	72	0.100000
108	116	0.200000
109	7	0.024390
109	11	0.030303
109	15	0.038462
109	17	0.041667
109	75	0.100000
110	2	0.037037
110	3	0.041667
110	9	0.045455
110	82	0.111111
110	98	0.125000
110	117	0.142857
111	7	0.024390
111	12	0.043478
111	30	0.125000
111	93	0.142857
111	105	0.125000
111	113	0.200000
112	16	0.066667
112	17	0.041667
112	21	0.125000
112	78	0.125000
112	104	0.111111
113	4	0.041667
113	23	0.083333
113	49	0.076923
113	90	0.166667
113	111	0.166667
114	12	0.043478
114	19	0.050000
114	57	0.166667
114	68	0.125000
114	97	0.142857
115	4	0.041667
115	12	0.043478
115	24	0.100000
115	54	0.166667
115	104	0.111111
116	3	0.041667
116	49	0.076923
116	59	0.111111
116	78	0.125000
116	108	0.166667
117	5	0.023810
117	55	0.111111
117	82	0.111111
117	95	0.166667
117	110	0.166667
117	135	0.200000
117	142	0.200000
118	7	0.024390
118	10	0.034483
118	16	0.066667
118	38	0.090909
118	90	0.166667
119	13	0.052632
119	72	0.100000
119	98	0.125000
119	101	0.166667
119	104	0.111111
119	121	0.200000
119	129	0.200000
120	5	0.023810
120	9	0.045455
120	22	0.083333
120	31	0.142857
120	72	0.100000
120	125	0.166667
120	143	0.200000
121	17	0.041667
121	34	0.058824
121	48	0.166667
121	102	0.166667
121	119	0.142857
122	12	0.043478
122	29	0.125000
122	75	0.100000
122	89	0.125000
122	104	0.111111
123	1	0.040000
123	6	0.041667
123	11	0.030303
123	38	0.090909
123	105	0.125000
123	127	0.200000
124	11	0.030303
124	27	0.071429
124	61	0.111111
124	71	0.100000
124	72	0.100000
125	21	0.125000
125	34	0.058824
125	38	0.090909
125	93	0.142857
125	120	0.142857
125	126	0.200000
126	4	0.041667
126	17	0.041667
126	45	0.083333
126	105	0.125000
126	125	0.166667
127	0	0.062500
127	7	0.024390
127	10	0.034483
127	61	0.111111
127	123	0.166667
128	1	0.040000
128	5	0.023810
128	7	0.024390
128	19	0.050000
128	63	0.142857
128	134	0.142857
129	17	0.041667
129	61	0.111111
129	78	0.125000
129	86	0.125000
129	119	0.142857
130	15	0.038462
130	42	0.058824
130	82	0.111111
130	89	0.125000
130	94	0.166667
130	140	0.200000
130	143	0.200000
131	1	0.040000
131	6	0.041667
131	28	0.090909
131	35	0.111111
131	52	0.090909
131	135	0.200000
132	1	0.040000
132	11	0.030303
132	33	0.100000
132	83	0.142857
132	98	0.125000
133	2	0.037037
133	5	0.023810
133	11	0.030303
133	13	0.052632
133	42	0.058824
134	7	0.024390
134	11	0.030303
134	19	0.050000
134	77	0.166667
134	128	0.166667
134	136	0.200000
134	139	0.200000
135	12	0.043478
135	24	0.100000
135	107	0.166667
135	117	0.142857
135	131	0.166667
136	11	0.030303
136	19	0.050000
136	71	0.100000
136	82	0.111111
136	134	0.142857
137	2	0.037037
137	9	0.045455
137	45	0.083333
137	71	0.100000
137	103	0.166667
138	1	0.040000
138	6	0.041667
138	52	0.090909
138	69	0.142857
138	79	0.142857
139	8	0.041667
139	10	0.034483
139	13	0.052632
139	65	0.142857
139	134	0.142857
140	0	0.062500
140	6	0.041667
140	42	0.058824
140	130	0.142857
140	141	0.200000
141	34	0.058824
141	40	0.055556
141	41	0.125000
141	89	0.125000
141	140	0.200000
142	9	0.045455
142	17	0.041667
142	38	0.090909
142	49	0.076923
142	117	0.142857
143	17	0.041667
143	40	0.055556
143	52	0.090909
143	120	0.142857
143	130	0.142857
