122	944
0	1	0.090909
0	2	0.034483
0	3	0.250000
0	4	0.030303
0	5	0.027778
0	6	0.071429
0	7	0.041667
0	8	0.041667
0	9	0.050000
0	13	0.071429
0	17	0.071429
0	18	0.090909
0	20	0.166667
0	21	0.125000
0	30	0.142857
0	31	0.125000
0	33	0.125000
0	39	0.111111
0	49	0.166667
0	63	0.250000
0	66	0.200000
0	83	0.250000
0	100	0.200000
0	102	0.250000
1	0	0.041667
1	5	0.027778
1	7	0.041667
1	10	0.066667
1	12	0.083333
1	13	0.071429
1	21	0.125000
1	28	0.125000
1	37	0.142857
1	57	0.142857
1	90	0.250000
2	0	0.041667
2	5	0.027778
2	6	0.071429
2	8	0.041667
2	10	0.066667
2	12	0.083333
2	13	0.071429
2	15	0.111111
2	18	0.090909
2	19	0.142857
2	20	0.166667
2	23	0.090909
2	25	0.083333
2	28	0.125000
2	33	0.125000
2	34	0.076923
2	36	0.076923
2	38	0.166667
2	46	0.142857
2	70	0.111111
2	78	0.166667
2	81	0.200000
2	84	0.200000
2	86	0.200000
2	106	0.250000
2	109	0.250000
2	113	0.250000
2	115	0.250000
2	117	0.200000
3	0	0.041667
3	11	0.047619
3	35	0.200000
3	118	0.250000
4	0	0.041667
4	5	0.027778
4	6	0.071429
4	11	0.047619
4	12	0.083333
4	15	0.111111
4	16	0.052632
4	23	0.090909
4	28	0.125000
4	29	0.071429
4	34	0.076923
4	41	0.200000
4	42	0.200000
4	43	0.250000
4	46	0.142857
4	48	0.166667
4	51	0.142857
4	55	0.250000
4	61	0.166667
4	68	0.250000
4	71	0.250000
4	82	0.250000
4	84	0.200000
4	89	0.250000
4	96	0.250000
4	100	0.200000
4	102	0.250000
4	103	0.250000
4	105	0.200000
4	107	0.250000
4	116	0.250000
4	119	0.250000
4	121	0.250000
5	0	0.041667
5	1	0.090909
5	2	0.034483
5	4	0.030303
5	6	0.071429
5	7	0.041667
5	9	0.050000
5	10	0.066667
5	11	0.047619
5	12	0.083333
5	15	0.111111
5	16	0.052632
5	18	0.090909
5	20	0.166667
5	22	0.142857
5	25	0.083333
5	26	0.076923
5	29	0.071429
5	33	0.125000
5	35	0.200000
5	36	0.076923
5	42	0.200000
5	48	0.166667
5	51	0.142857
5	59	0.111111
5	63	0.250000
5	69	0.166667
5	70	0.111111
5	72	0.166667
5	92	0.166667
5	94	0.250000
5	104	0.250000
5	107	0.250000
5	111	0.250000
5	115	0.250000
5	120	0.250000
6	0	0.041667
6	2	0.034483
6	4	0.030303
6	5	0.027778
6	7	0.041667
6	8	0.041667
6	10	0.066667
6	17	0.071429
6	24	0.250000
6	30	0.142857
6	45	0.125000
6	47	0.166667
6	60	0.142857
6	103	0.250000
7	0	0.041667
7	1	0.090909
7	5	0.027778
7	6	0.071429
7	8	0.041667
7	9	0.050000
7	13	0.071429
7	14	0.166667
7	17	0.071429
7	19	0.142857
7	32	0.071429
7	37	0.142857
7	38	0.166667
7	67	0.200000
7	71	0.250000
7	74	0.200000
7	76	0.250000
7	77	0.250000
7	80	0.166667
7	84	0.200000
7	87	0.166667
7	100	0.200000
7	111	0.250000
7	112	0.250000
8	0	0.041667
8	2	0.034483
8	6	0.071429
8	7	0.041667
8	9	0.050000
8	11	0.047619
8	16	0.052632
8	19	0.142857
8	25	0.083333
8	26	0.076923
8	27	0.111111
8	32	0.071429
8	45	0.125000
8	50	0.100000
8	55	0.250000
8	58	0.250000
8	62	0.166667
8	73	0.250000
8	80	0.166667
8	81	0.200000
8	95	0.200000
8	101	0.250000
8	102	0.250000
8	110	0.250000
9	0	0.041667
9	5	0.027778
9	7	0.041667
9	8	0.041667
9	14	0.166667
9	15	0.111111
9	16	0.052632
9	17	0.071429
9	24	0.250000
9	31	0.125000
9	39	0.111111
9	44	0.166667
9	54	0.166667
9	64	0.200000
9	76	0.250000
9	85	0.250000
9	91	0.250000
9	97	0.250000
9	116	0.250000
9	119	0.250000
10	1	0.090909
10	2	0.034483
10	5	0.027778
10	6	0.071429
10	25	0.083333
10	26	0.076923
10	33	0.125000
10	35	0.200000
10	64	0.200000
10	65	0.250000
10	83	0.250000
10	91	0.250000
10	94	0.250000
10	116	0.250000
10	117	0.200000
11	3	0.250000
11	4	0.030303
11	5	0.027778
11	8	0.041667
11	14	0.166667
11	18	0.090909
11	21	0.125000
11	22	0.142857
11	24	0.250000
11	27	0.111111
11	45	0.125000
11	51	0.142857
11	68	0.250000
11	82	0.250000
11	90	0.250000
11	94	0.250000
11	99	0.250000
11	101	0.250000
11	104	0.250000
11	108	0.250000
11	112	0.250000
12	1	0.090909
12	2	0.034483
12	4	0.030303
12	5	0.027778
12	14	0.166667
12	37	0.142857
12	39	0.111111
12	44	0.166667
12	49	0.166667
12	50	0.100000
12	85	0.250000
12	89	0.250000
13	0	0.041667
13	1	0.090909
13	2	0.034483
13	7	0.041667
13	20	0.166667
13	22	0.142857
13	27	0.111111
13	35	0.200000
13	51	0.142857
13	55	0.250000
13	56	0.142857
13	73	0.250000
13	75	0.250000
13	90	0.250000
14	7	0.041667
14	9	0.050000
14	11	0.047619
14	12	0.083333
14	87	0.166667
14	88	0.250000
15	2	0.034483
15	4	0.030303
15	5	0.027778
15	9	0.050000
15	23	0.090909
15	37	0.142857
15	53	0.200000
15	78	0.166667
15	111	0.250000
16	4	0.030303
16	5	0.027778
16	8	0.041667
16	9	0.050000
16	19	0.142857
16	21	0.125000
16	27	0.111111
16	28	0.125000
16	34	0.076923
16	50	0.100000
16	52	0.200000
16	59	0.111111
16	72	0.166667
16	76	0.250000
16	77	0.250000
16	99	0.250000
16	107	0.250000
16	109	0.250000
16	118	0.250000
17	0	0.041667
17	6	0.071429
17	7	0.041667
17	9	0.050000
17	32	0.071429
17	47	0.166667
17	72	0.166667
17	80	0.166667
17	82	0.250000
17	84	0.200000
17	92	0.166667
17	96	0.250000
17	98	0.200000
17	114	0.250000
18	0	0.041667
18	2	0.034483
18	5	0.027778
18	11	0.047619
18	23	0.090909
18	24	0.250000
18	53	0.200000
18	60	0.142857
18	73	0.250000
18	81	0.200000
18	85	0.250000
19	2	0.034483
19	7	0.041667
19	8	0.041667
19	16	0.052632
19	30	0.142857
19	31	0.125000
19	52	0.200000
20	0	0.041667
20	2	0.034483
20	5	0.027778
20	13	0.071429
20	32	0.071429
20	89	0.250000
21	0	0.041667
21	1	0.090909
21	11	0.047619
21	16	0.052632
21	22	0.142857
21	26	0.076923
21	38	0.166667
21	56	0.142857
22	5	0.027778
22	11	0.047619
22	13	0.071429
22	21	0.125000
22	30	0.142857
22	55	0.250000
22	105	0.200000
23	2	0.034483
23	4	0.030303
23	15	0.111111
23	18	0.090909
23	31	0.125000
23	41	0.200000
23	56	0.142857
23	66	0.200000
23	71	0.250000
23	93	0.250000
23	117	0.200000
24	6	0.071429
24	9	0.050000
24	11	0.047619
24	18	0.090909
25	2	0.034483
25	5	0.027778
25	8	0.041667
25	10	0.066667
25	29	0.071429
25	36	0.076923
25	40	0.071429
25	46	0.142857
25	59	0.111111
25	82	0.250000
25	88	0.250000
25	109	0.250000
26	5	0.027778
26	8	0.041667
26	10	0.066667
26	21	0.125000
26	34	0.076923
26	40	0.071429
26	54	0.166667
26	64	0.200000
26	67	0.200000
26	69	0.166667
26	75	0.250000
26	102	0.250000
26	106	0.250000
27	8	0.041667
27	11	0.047619
27	13	0.071429
27	16	0.052632
27	29	0.071429
27	49	0.166667
27	61	0.166667
27	65	0.250000
27	77	0.250000
28	1	0.090909
28	2	0.034483
28	4	0.030303
28	16	0.052632
28	36	0.076923
28	53	0.200000
28	66	0.200000
28	97	0.250000
29	4	0.030303
29	5	0.027778
29	25	0.083333
29	27	0.111111
29	38	0.166667
29	41	0.200000
29	48	0.166667
29	52	0.200000
29	57	0.142857
29	58	0.250000
29	63	0.250000
29	79	0.250000
29	86	0.200000
29	111	0.250000
30	0	0.041667
30	6	0.071429
30	19	0.142857
30	22	0.142857
30	57	0.142857
30	68	0.250000
30	99	0.250000
31	0	0.041667
31	9	0.050000
31	19	0.142857
31	23	0.090909
31	47	0.166667
31	54	0.166667
31	61	0.166667
31	93	0.250000
32	7	0.041667
32	8	0.041667
32	17	0.071429
32	20	0.166667
32	40	0.071429
32	41	0.200000
32	44	0.166667
32	57	0.142857
32	59	0.111111
32	66	0.200000
32	79	0.250000
32	108	0.250000
32	113	0.250000
32	119	0.250000
33	0	0.041667
33	2	0.034483
33	5	0.027778
33	10	0.066667
33	45	0.125000
33	47	0.166667
33	97	0.250000
33	112	0.250000
34	2	0.034483
34	4	0.030303
34	16	0.052632
34	26	0.076923
34	39	0.111111
34	43	0.250000
34	46	0.142857
34	50	0.100000
34	73	0.250000
34	83	0.250000
34	86	0.200000
34	96	0.250000
34	112	0.250000
35	3	0.250000
35	5	0.027778
35	10	0.066667
35	13	0.071429
35	74	0.200000
36	2	0.034483
36	5	0.027778
36	25	0.083333
36	28	0.125000
36	42	0.200000
36	48	0.166667
36	61	0.166667
36	79	0.250000
36	85	0.250000
36	91	0.250000
36	104	0.250000
36	105	0.200000
36	119	0.250000
37	1	0.090909
37	7	0.041667
37	12	0.083333
37	15	0.111111
37	43	0.250000
37	74	0.200000
37	98	0.200000
38	2	0.034483
38	7	0.041667
38	21	0.125000
38	29	0.071429
38	78	0.166667
38	117	0.200000
39	0	0.041667
39	9	0.050000
39	12	0.083333
39	34	0.076923
39	40	0.071429
39	60	0.142857
39	70	0.111111
39	95	0.200000
39	103	0.250000
40	25	0.083333
40	26	0.076923
40	32	0.071429
40	39	0.111111
40	44	0.166667
40	53	0.200000
40	54	0.166667
40	58	0.250000
40	63	0.250000
40	68	0.250000
40	78	0.166667
40	92	0.166667
40	93	0.250000
40	121	0.250000
41	4	0.030303
41	23	0.090909
41	29	0.071429
41	32	0.071429
41	42	0.200000
42	4	0.030303
42	5	0.027778
42	36	0.076923
42	41	0.200000
42	43	0.250000
43	4	0.030303
43	34	0.076923
43	37	0.142857
43	42	0.200000
44	9	0.050000
44	12	0.083333
44	32	0.071429
44	40	0.071429
44	60	0.142857
44	64	0.200000
45	6	0.071429
45	8	0.041667
45	11	0.047619
45	33	0.125000
45	62	0.166667
45	65	0.250000
45	95	0.200000
45	108	0.250000
46	2	0.034483
46	4	0.030303
46	25	0.083333
46	34	0.076923
46	69	0.166667
46	93	0.250000
46	98	0.200000
47	6	0.071429
47	17	0.071429
47	31	0.125000
47	33	0.125000
47	94	0.250000
47	110	0.250000
48	4	0.030303
48	5	0.027778
48	29	0.071429
48	36	0.076923
48	49	0.166667
48	91	0.250000
49	0	0.041667
49	12	0.083333
49	27	0.111111
49	48	0.166667
49	74	0.200000
49	96	0.250000
50	8	0.041667
50	12	0.083333
50	16	0.052632
50	34	0.076923
50	52	0.200000
50	58	0.250000
50	62	0.166667
50	70	0.111111
50	106	0.250000
50	120	0.250000
51	4	0.030303
51	5	0.027778
51	11	0.047619
51	13	0.071429
51	56	0.142857
51	75	0.250000
51	79	0.250000
52	16	0.052632
52	19	0.142857
52	29	0.071429
52	50	0.100000
52	69	0.166667
53	15	0.111111
53	18	0.090909
53	28	0.125000
53	40	0.071429
53	113	0.250000
54	9	0.050000
54	26	0.076923
54	31	0.125000
54	40	0.071429
54	75	0.250000
54	80	0.166667
55	4	0.030303
55	8	0.041667
55	13	0.071429
55	22	0.142857
56	13	0.071429
56	21	0.125000
56	23	0.090909
56	51	0.142857
56	67	0.200000
56	83	0.250000
56	86	0.200000
57	1	0.090909
57	29	0.071429
57	30	0.142857
57	32	0.071429
57	81	0.200000
57	95	0.200000
57	110	0.250000
58	8	0.041667
58	29	0.071429
58	40	0.071429
58	50	0.100000
59	5	0.027778
59	16	0.052632
59	25	0.083333
59	32	0.071429
59	72	0.166667
59	87	0.166667
59	100	0.200000
59	110	0.250000
59	114	0.250000
60	6	0.071429
60	18	0.090909
60	39	0.111111
60	44	0.166667
60	62	0.166667
60	71	0.250000
60	120	0.250000
61	4	0.030303
61	27	0.111111
61	31	0.125000
61	36	0.076923
61	65	0.250000
61	103	0.250000
62	8	0.041667
62	45	0.125000
62	50	0.100000
62	60	0.142857
62	67	0.200000
62	76	0.250000
63	0	0.041667
63	5	0.027778
63	29	0.071429
63	40	0.071429
64	9	0.050000
64	10	0.066667
64	26	0.076923
64	44	0.166667
64	107	0.250000
65	10	0.066667
65	27	0.111111
65	45	0.125000
65	61	0.166667
66	0	0.041667
66	23	0.090909
66	28	0.125000
66	32	0.071429
66	118	0.250000
67	7	0.041667
67	26	0.076923
67	56	0.142857
67	62	0.166667
67	113	0.250000
68	4	0.030303
68	11	0.047619
68	30	0.142857
68	40	0.071429
69	5	0.027778
69	26	0.076923
69	46	0.142857
69	52	0.200000
69	89	0.250000
69	109	0.250000
70	2	0.034483
70	5	0.027778
70	39	0.111111
70	50	0.100000
70	77	0.250000
70	88	0.250000
70	98	0.200000
70	101	0.250000
70	105	0.200000
71	4	0.030303
71	7	0.041667
71	23	0.090909
71	60	0.142857
72	5	0.027778
72	16	0.052632
72	17	0.071429
72	59	0.111111
72	92	0.166667
72	114	0.250000
73	8	0.041667
73	13	0.071429
73	18	0.090909
73	34	0.076923
74	7	0.041667
74	35	0.200000
74	37	0.142857
74	49	0.166667
74	115	0.250000
75	13	0.071429
75	26	0.076923
75	51	0.142857
75	54	0.166667
76	7	0.041667
76	9	0.050000
76	16	0.052632
76	62	0.166667
77	7	0.041667
77	16	0.052632
77	27	0.111111
77	70	0.111111
78	2	0.034483
78	15	0.111111
78	38	0.166667
78	40	0.071429
78	104	0.250000
78	106	0.250000
79	29	0.071429
79	32	0.071429
79	36	0.076923
79	51	0.142857
80	7	0.041667
80	8	0.041667
80	17	0.071429
80	54	0.166667
80	99	0.250000
80	115	0.250000
81	2	0.034483
81	8	0.041667
81	18	0.090909
81	57	0.142857
81	87	0.166667
82	4	0.030303
82	11	0.047619
82	17	0.071429
82	25	0.083333
83	0	0.041667
83	10	0.066667
83	34	0.076923
83	56	0.142857
84	2	0.034483
84	4	0.030303
84	7	0.041667
84	17	0.071429
84	90	0.250000
85	9	0.050000
85	12	0.083333
85	18	0.090909
85	36	0.076923
86	2	0.034483
86	29	0.071429
86	34	0.076923
86	56	0.142857
86	88	0.250000
87	7	0.041667
87	14	0.166667
87	59	0.111111
87	81	0.200000
87	97	0.250000
87	101	0.250000
88	14	0.166667
88	25	0.083333
88	70	0.111111
88	86	0.200000
89	4	0.030303
89	12	0.083333
89	20	0.166667
89	69	0.166667
90	1	0.090909
90	11	0.047619
90	13	0.071429
90	84	0.200000
91	9	0.050000
91	10	0.066667
91	36	0.076923
91	48	0.166667
92	5	0.027778
92	17	0.071429
92	40	0.071429
92	72	0.166667
92	108	0.250000
92	121	0.250000
93	23	0.090909
93	31	0.125000
93	40	0.071429
93	46	0.142857
94	5	0.027778
94	10	0.066667
94	11	0.047619
94	47	0.166667
95	8	0.041667
95	39	0.111111
95	45	0.125000
95	57	0.142857
95	121	0.250000
96	4	0.030303
96	17	0.071429
96	34	0.076923
96	49	0.166667
97	9	0.050000
97	28	0.125000
97	33	0.125000
97	87	0.166667
98	17	0.071429
98	37	0.142857
98	46	0.142857
98	70	0.111111
98	120	0.250000
99	11	0.047619
99	16	0.052632
99	30	0.142857
99	80	0.166667
100	0	0.041667
100	4	0.030303
100	7	0.041667
100	59	0.111111
100	114	0.250000
101	8	0.041667
101	11	0.047619
101	70	0.111111
101	87	0.166667
102	0	0.041667
102	4	0.030303
102	8	0.041667
102	26	0.076923
103	4	0.030303
103	6	0.071429
103	39	0.111111
103	61	0.166667
104	5	0.027778
104	11	0.047619
104	36	0.076923
104	78	0.166667
105	4	0.030303
105	22	0.142857
105	36	0.076923
105	70	0.111111
105	116	0.250000
106	2	0.034483
106	26	0.076923
106	50	0.100000
106	78	0.166667
107	4	0.030303
107	5	0.027778
107	16	0.052632
107	64	0.200000
108	11	0.047619
108	32	0.071429
108	45	0.125000
108	92	0.166667
109	2	0.034483
109	16	0.052632
109	25	0.083333
109	69	0.166667
110	8	0.041667
110	47	0.166667
110	57	0.142857
110	59	0.111111
111	5	0.027778
111	7	0.041667
111	15	0.111111
111	29	0.071429
112	7	0.041667
112	11	0.047619
112	33	0.125000
112	34	0.076923
113	2	0.034483
113	32	0.071429
113	53	0.200000
113	67	0.200000
114	17	0.071429
114	59	0.111111
114	72	0.166667
114	100	0.200000
115	2	0.034483
115	5	0.027778
115	74	0.200000
115	80	0.166667
116	4	0.030303
116	9	0.050000
116	10	0.066667
116	105	0.200000
117	2	0.034483
117	10	0.066667
117	23	0.090909
117	38	0.166667
117	118	0.250000
118	3	0.250000
118	16	0.052632
118	66	0.200000
118	117	0.200000
119	4	0.030303
119	9	0.050000
119	32	0.071429
119	36	0.076923
120	5	0.027778
120	50	0.100000
120	60	0.142857
120	98	0.200000
121	4	0.030303
121	40	0.071429
121	92	0.166667
121	95	0.200000
