193	2604
0	1	0.022222
0	2	0.050000
0	3	0.020408
0	4	0.166667
0	5	0.076923
0	6	0.037037
0	7	0.047619
0	8	0.014286
0	9	0.020408
0	10	0.025000
0	11	0.043478
0	12	0.025641
0	13	0.037037
0	15	0.043478
0	16	0.024390
0	17	0.050000
0	18	0.045455
0	20	0.055556
0	25	0.058824
0	26	0.047619
0	28	0.047619
0	30	0.041667
0	42	0.041667
0	43	0.055556
0	44	0.052632
0	45	0.058824
0	51	0.083333
0	52	0.083333
0	59	0.090909
0	62	0.076923
0	63	0.058824
0	71	0.142857
0	73	0.058824
0	77	0.083333
0	84	0.090909
0	87	0.090909
0	91	0.111111
0	93	0.090909
0	95	0.066667
0	99	0.111111
0	105	0.125000
0	111	0.111111
0	112	0.142857
0	114	0.090909
0	120	0.111111
0	122	0.142857
0	129	0.090909
0	135	0.100000
0	139	0.142857
0	142	0.142857
0	147	0.111111
0	149	0.125000
0	156	0.142857
0	157	0.142857
0	158	0.125000
0	162	0.100000
0	163	0.142857
0	173	0.142857
0	176	0.142857
0	183	0.125000
0	189	0.142857
0	192	0.142857
1	0	0.016129
1	8	0.014286
1	9	0.020408
1	10	0.025000
1	12	0.025641
1	13	0.037037
1	14	0.018519
1	17	0.050000
1	22	0.031250
1	23	0.030303
1	24	0.043478
1	27	0.040000
1	29	0.055556
1	31	0.076923
1	32	0.045455
1	34	0.066667
1	40	0.071429
1	50	0.058824
1	52	0.083333
1	53	0.066667
1	57	0.083333
1	60	0.076923
1	61	0.071429
1	62	0.076923
1	63	0.058824
1	78	0.100000
1	86	0.111111
1	89	0.100000
1	93	0.090909
1	100	0.090909
1	109	0.111111
1	113	0.111111
1	121	0.111111
1	123	0.100000
1	129	0.090909
1	138	0.142857
1	141	0.111111
1	156	0.142857
1	162	0.100000
1	165	0.142857
1	171	0.142857
1	178	0.142857
1	181	0.142857
1	183	0.125000
1	185	0.125000
2	0	0.016129
2	8	0.014286
2	9	0.020408
2	10	0.025000
2	11	0.043478
2	17	0.050000
2	19	0.033333
2	23	0.030303
2	26	0.047619
2	36	0.055556
2	54	0.062500
2	57	0.083333
2	65	0.142857
2	74	0.058824
2	113	0.111111
2	127	0.125000
2	132	0.142857
2	144	0.142857
2	147	0.111111
2	159	0.111111
3	0	0.016129
3	8	0.014286
3	9	0.020408
3	10	0.025000
3	11	0.043478
3	12	0.025641
3	14	0.018519
3	18	0.045455
3	19	0.033333
3	20	0.055556
3	21	0.045455
3	27	0.040000
3	30	0.041667
3	35	0.041667
3	38	0.038462
3	39	0.071429
3	42	0.041667
3	44	0.052632
3	46	0.050000
3	49	0.111111
3	57	0.083333
3	58	0.058824
3	59	0.090909
3	64	0.058824
3	66	0.125000
3	67	0.111111
3	69	0.090909
3	70	0.090909
3	71	0.142857
3	73	0.058824
3	84	0.090909
3	96	0.125000
3	97	0.111111
3	98	0.090909
3	106	0.111111
3	114	0.090909
3	116	0.125000
3	125	0.083333
3	126	0.142857
3	127	0.125000
3	132	0.142857
3	133	0.111111
3	147	0.111111
3	149	0.125000
3	150	0.100000
3	162	0.100000
3	167	0.142857
3	171	0.142857
3	189	0.142857
4	0	0.016129
4	13	0.037037
4	19	0.033333
4	29	0.055556
4	147	0.111111
4	190	0.142857
5	0	0.016129
5	8	0.014286
5	21	0.045455
5	22	0.031250
5	29	0.055556
5	48	0.047619
5	63	0.058824
5	75	0.090909
5	120	0.111111
5	131	0.125000
5	139	0.142857
5	146	0.142857
5	189	0.142857
6	0	0.016129
6	8	0.014286
6	9	0.020408
6	11	0.043478
6	13	0.037037
6	14	0.018519
6	15	0.043478
6	16	0.024390
6	19	0.033333
6	25	0.058824
6	29	0.055556
6	30	0.041667
6	33	0.055556
6	39	0.071429
6	51	0.083333
6	56	0.076923
6	79	0.100000
6	91	0.111111
6	94	0.083333
6	97	0.111111
6	128	0.111111
6	133	0.111111
6	134	0.090909
6	156	0.142857
6	166	0.142857
6	168	0.142857
6	190	0.142857
7	0	0.016129
7	8	0.014286
7	9	0.020408
7	10	0.025000
7	12	0.025641
7	14	0.018519
7	16	0.024390
7	28	0.047619
7	35	0.041667
7	36	0.055556
7	43	0.055556
7	46	0.050000
7	47	0.111111
7	52	0.083333
7	64	0.058824
7	65	0.142857
7	79	0.100000
7	81	0.083333
7	103	0.125000
7	111	0.111111
7	159	0.111111
8	0	0.016129
8	1	0.022222
8	2	0.050000
8	3	0.020408
8	5	0.076923
8	6	0.037037
8	7	0.047619
8	9	0.020408
8	10	0.025000
8	11	0.043478
8	12	0.025641
8	13	0.037037
8	14	0.018519
8	15	0.043478
8	16	0.024390
8	17	0.050000
8	18	0.045455
8	19	0.033333
8	20	0.055556
8	21	0.045455
8	24	0.043478
8	25	0.058824
8	28	0.047619
8	29	0.055556
8	31	0.076923
8	32	0.045455
8	33	0.055556
8	34	0.066667
8	36	0.055556
8	39	0.071429
8	40	0.071429
8	41	0.066667
8	42	0.041667
8	43	0.055556
8	46	0.050000
8	50	0.058824
8	54	0.062500
8	57	0.083333
8	59	0.090909
8	60	0.076923
8	63	0.058824
8	69	0.090909
8	71	0.142857
8	74	0.058824
8	75	0.090909
8	76	0.125000
8	78	0.100000
8	86	0.111111
8	89	0.100000
8	92	0.125000
8	98	0.090909
8	103	0.125000
8	106	0.111111
8	107	0.125000
8	108	0.090909
8	110	0.142857
8	111	0.111111
8	116	0.125000
8	124	0.125000
8	126	0.142857
8	127	0.125000
8	129	0.090909
8	150	0.100000
8	153	0.100000
8	157	0.142857
8	160	0.142857
8	170	0.111111
8	177	0.125000
8	184	0.142857
8	191	0.142857
9	0	0.016129
9	1	0.022222
9	2	0.050000
9	3	0.020408
9	6	0.037037
9	7	0.047619
9	8	0.014286
9	10	0.025000
9	11	0.043478
9	12	0.025641
9	13	0.037037
9	15	0.043478
9	16	0.024390
9	17	0.050000
9	18	0.045455
9	22	0.031250
9	23	0.030303
9	28	0.047619
9	31	0.076923
9	34	0.066667
9	35	0.041667
9	39	0.071429
9	40	0.071429
9	41	0.066667
9	42	0.041667
9	43	0.055556
9	45	0.058824
9	50	0.058824
9	54	0.062500
9	58	0.058824
9	60	0.076923
9	64	0.058824
9	70	0.090909
9	76	0.125000
9	77	0.083333
9	80	0.090909
9	83	0.111111
9	88	0.083333
9	92	0.125000
9	96	0.125000
9	99	0.111111
9	108	0.090909
9	119	0.090909
9	123	0.100000
9	135	0.100000
9	140	0.111111
9	177	0.125000
9	179	0.142857
9	186	0.142857
10	0	0.016129
10	1	0.022222
10	2	0.050000
10	3	0.020408
10	7	0.047619
10	8	0.014286
10	9	0.020408
10	11	0.043478
10	12	0.025641
10	15	0.043478
10	17	0.050000
10	18	0.045455
10	19	0.033333
10	20	0.055556
10	21	0.045455
10	23	0.030303
10	26	0.047619
10	44	0.052632
10	49	0.111111
10	51	0.083333
10	56	0.076923
10	59	0.090909
10	61	0.071429
10	62	0.076923
10	63	0.058824
10	64	0.058824
10	74	0.058824
10	80	0.090909
10	81	0.083333
10	82	0.090909
10	93	0.090909
10	103	0.125000
10	106	0.111111
10	107	0.125000
10	111	0.111111
10	112	0.142857
10	114	0.090909
10	136	0.142857
10	142	0.142857
10	155	0.142857
11	0	0.016129
11	2	0.050000
11	3	0.020408
11	6	0.037037
11	8	0.014286
11	9	0.020408
11	10	0.025000
11	15	0.043478
11	20	0.055556
11	24	0.043478
11	26	0.047619
11	32	0.045455
11	40	0.071429
11	41	0.066667
11	59	0.090909
11	88	0.083333
11	99	0.111111
11	100	0.090909
11	110	0.142857
11	120	0.111111
11	143	0.125000
11	175	0.125000
11	180	0.142857
12	0	0.016129
12	1	0.022222
12	3	0.020408
12	7	0.047619
12	8	0.014286
12	9	0.020408
12	10	0.025000
12	13	0.037037
12	14	0.018519
12	16	0.024390
12	22	0.031250
12	24	0.043478
12	30	0.041667
12	32	0.045455
12	34	0.066667
12	35	0.041667
12	36	0.055556
12	42	0.041667
12	43	0.055556
12	48	0.047619
12	52	0.083333
12	72	0.090909
12	74	0.058824
12	78	0.100000
12	81	0.083333
12	88	0.083333
12	97	0.111111
12	104	0.125000
12	106	0.111111
12	110	0.142857
12	117	0.125000
12	129	0.090909
12	134	0.090909
12	141	0.111111
12	148	0.125000
12	160	0.142857
12	161	0.142857
12	166	0.142857
12	186	0.142857
13	0	0.016129
13	1	0.022222
13	4	0.166667
13	6	0.037037
13	8	0.014286
13	9	0.020408
13	12	0.025641
13	14	0.018519
13	18	0.045455
13	22	0.031250
13	27	0.040000
13	28	0.047619
13	37	0.066667
13	39	0.071429
13	48	0.047619
13	74	0.058824
13	92	0.125000
13	94	0.083333
13	103	0.125000
13	105	0.125000
13	118	0.066667
13	130	0.142857
13	136	0.142857
13	158	0.125000
13	170	0.111111
13	180	0.142857
13	184	0.142857
14	1	0.022222
14	3	0.020408
14	6	0.037037
14	7	0.047619
14	8	0.014286
14	12	0.025641
14	13	0.037037
14	15	0.043478
14	16	0.024390
14	17	0.050000
14	18	0.045455
14	20	0.055556
14	22	0.031250
14	23	0.030303
14	24	0.043478
14	25	0.058824
14	26	0.047619
14	27	0.040000
14	31	0.076923
14	33	0.055556
14	37	0.066667
14	38	0.038462
14	40	0.071429
14	47	0.111111
14	58	0.058824
14	60	0.076923
14	61	0.071429
14	66	0.125000
14	68	0.083333
14	72	0.090909
14	82	0.090909
14	83	0.111111
14	87	0.090909
14	90	0.125000
14	96	0.125000
14	102	0.090909
14	107	0.125000
14	108	0.090909
14	112	0.142857
14	115	0.125000
14	116	0.125000
14	122	0.142857
14	133	0.111111
14	137	0.142857
14	138	0.142857
14	140	0.111111
14	144	0.142857
14	152	0.142857
14	160	0.142857
14	162	0.100000
14	166	0.142857
14	177	0.125000
14	187	0.142857
14	188	0.142857
15	0	0.016129
15	6	0.037037
15	8	0.014286
15	9	0.020408
15	10	0.025000
15	11	0.043478
15	14	0.018519
15	21	0.045455
15	37	0.066667
15	43	0.055556
15	45	0.058824
15	56	0.076923
15	60	0.076923
15	68	0.083333
15	82	0.090909
15	115	0.125000
15	127	0.125000
15	131	0.125000
15	160	0.142857
15	175	0.125000
15	176	0.142857
15	181	0.142857
15	192	0.142857
16	0	0.016129
16	6	0.037037
16	7	0.047619
16	8	0.014286
16	9	0.020408
16	12	0.025641
16	14	0.018519
16	19	0.033333
16	20	0.055556
16	23	0.030303
16	24	0.043478
16	27	0.040000
16	30	0.041667
16	32	0.045455
16	35	0.041667
16	38	0.038462
16	39	0.071429
16	45	0.058824
16	48	0.047619
16	50	0.058824
16	54	0.062500
16	55	0.066667
16	69	0.090909
16	76	0.125000
16	80	0.090909
16	83	0.111111
16	84	0.090909
16	89	0.100000
16	92	0.125000
16	93	0.090909
16	96	0.125000
16	101	0.090909
16	117	0.125000
16	125	0.083333
16	139	0.142857
16	141	0.111111
16	145	0.125000
16	146	0.142857
16	149	0.125000
16	157	0.142857
16	174	0.142857
17	0	0.016129
17	1	0.022222
17	2	0.050000
17	8	0.014286
17	9	0.020408
17	10	0.025000
17	14	0.018519
17	24	0.043478
17	30	0.041667
17	37	0.066667
17	40	0.071429
17	41	0.066667
17	58	0.058824
17	65	0.142857
17	75	0.090909
17	77	0.083333
17	86	0.111111
17	98	0.090909
17	100	0.090909
17	159	0.111111
18	0	0.016129
18	3	0.020408
18	8	0.014286
18	9	0.020408
18	10	0.025000
18	13	0.037037
18	14	0.018519
18	28	0.047619
18	32	0.045455
18	34	0.066667
18	38	0.038462
18	48	0.047619
18	58	0.058824
18	68	0.083333
18	75	0.090909
18	89	0.100000
18	104	0.125000
18	117	0.125000
18	130	0.142857
18	142	0.142857
18	165	0.142857
18	175	0.125000
19	2	0.050000
19	3	0.020408
19	4	0.166667
19	6	0.037037
19	8	0.014286
19	10	0.025000
19	16	0.024390
19	21	0.045455
19	25	0.058824
19	26	0.047619
19	33	0.055556
19	34	0.066667
19	36	0.055556
19	44	0.052632
19	46	0.050000
19	51	0.083333
19	55	0.066667
19	56	0.076923
19	69	0.090909
19	80	0.090909
19	101	0.090909
19	102	0.090909
19	128	0.111111
19	135	0.100000
19	145	0.125000
19	148	0.125000
19	153	0.100000
19	165	0.142857
19	179	0.142857
19	187	0.142857
20	0	0.016129
20	3	0.020408
20	8	0.014286
20	10	0.025000
20	11	0.043478
20	14	0.018519
20	16	0.024390
20	21	0.045455
20	23	0.030303
20	29	0.055556
20	54	0.062500
20	66	0.125000
20	67	0.111111
20	85	0.100000
20	102	0.090909
20	128	0.111111
20	153	0.100000
20	165	0.142857
21	3	0.020408
21	5	0.076923
21	8	0.014286
21	10	0.025000
21	15	0.043478
21	19	0.033333
21	20	0.055556
21	22	0.031250
21	25	0.058824
21	27	0.040000
21	33	0.055556
21	42	0.041667
21	55	0.066667
21	70	0.090909
21	94	0.083333
21	116	0.125000
21	144	0.142857
21	152	0.142857
21	155	0.142857
21	173	0.142857
21	188	0.142857
21	191	0.142857
22	1	0.022222
22	5	0.076923
22	9	0.020408
22	12	0.025641
22	13	0.037037
22	14	0.018519
22	21	0.045455
22	26	0.047619
22	31	0.076923
22	34	0.066667
22	45	0.058824
22	51	0.083333
22	52	0.083333
22	53	0.066667
22	55	0.066667
22	63	0.058824
22	67	0.111111
22	71	0.142857
22	75	0.090909
22	77	0.083333
22	79	0.100000
22	85	0.100000
22	86	0.111111
22	88	0.083333
22	90	0.125000
22	91	0.111111
22	94	0.083333
22	111	0.111111
22	120	0.111111
22	133	0.111111
22	178	0.142857
22	182	0.142857
23	1	0.022222
23	2	0.050000
23	9	0.020408
23	10	0.025000
23	14	0.018519
23	16	0.024390
23	20	0.055556
23	28	0.047619
23	30	0.041667
23	31	0.076923
23	33	0.055556
23	35	0.041667
23	36	0.055556
23	38	0.038462
23	47	0.111111
23	49	0.111111
23	50	0.058824
23	59	0.090909
23	60	0.076923
23	72	0.090909
23	79	0.100000
23	91	0.111111
23	92	0.125000
23	95	0.066667
23	107	0.125000
23	116	0.125000
23	132	0.142857
23	137	0.142857
23	138	0.142857
23	142	0.142857
23	148	0.125000
23	154	0.142857
23	157	0.142857
24	1	0.022222
24	8	0.014286
24	11	0.043478
24	12	0.025641
24	14	0.018519
24	16	0.024390
24	17	0.050000
24	25	0.058824
24	27	0.040000
24	42	0.041667
24	51	0.083333
24	55	0.066667
24	56	0.076923
24	61	0.071429
24	72	0.090909
24	87	0.090909
24	99	0.111111
24	134	0.090909
24	139	0.142857
24	147	0.111111
24	150	0.100000
24	153	0.100000
24	161	0.142857
25	0	0.016129
25	6	0.037037
25	8	0.014286
25	14	0.018519
25	19	0.033333
25	21	0.045455
25	24	0.043478
25	47	0.111111
25	50	0.058824
25	52	0.083333
25	55	0.066667
25	59	0.090909
25	62	0.076923
25	90	0.125000
25	95	0.066667
25	97	0.111111
25	151	0.125000
26	0	0.016129
26	2	0.050000
26	10	0.025000
26	11	0.043478
26	14	0.018519
26	19	0.033333
26	22	0.031250
26	29	0.055556
26	35	0.041667
26	36	0.055556
26	37	0.066667
26	49	0.111111
26	99	0.111111
26	105	0.125000
26	109	0.111111
26	124	0.125000
26	134	0.090909
26	135	0.100000
26	166	0.142857
26	169	0.142857
26	191	0.142857
27	1	0.022222
27	3	0.020408
27	13	0.037037
27	14	0.018519
27	16	0.024390
27	21	0.045455
27	24	0.043478
27	53	0.066667
27	55	0.066667
27	63	0.058824
27	69	0.090909
27	72	0.090909
27	79	0.100000
27	84	0.090909
27	88	0.083333
27	93	0.090909
27	97	0.111111
27	125	0.083333
27	135	0.100000
27	137	0.142857
27	145	0.125000
27	149	0.125000
27	152	0.142857
27	167	0.142857
27	190	0.142857
28	0	0.016129
28	7	0.047619
28	8	0.014286
28	9	0.020408
28	13	0.037037
28	18	0.045455
28	23	0.030303
28	32	0.045455
28	37	0.066667
28	44	0.052632
28	58	0.058824
28	92	0.125000
28	93	0.090909
28	106	0.111111
28	107	0.125000
28	140	0.111111
28	141	0.111111
28	143	0.125000
28	164	0.142857
28	172	0.142857
28	173	0.142857
29	1	0.022222
29	4	0.166667
29	5	0.076923
29	6	0.037037
29	8	0.014286
29	20	0.055556
29	26	0.047619
29	31	0.076923
29	41	0.066667
29	70	0.090909
29	75	0.090909
29	85	0.100000
29	110	0.142857
29	123	0.100000
29	131	0.125000
29	136	0.142857
29	163	0.142857
29	179	0.142857
30	0	0.016129
30	3	0.020408
30	6	0.037037
30	12	0.025641
30	16	0.024390
30	17	0.050000
30	23	0.030303
30	33	0.055556
30	38	0.038462
30	44	0.052632
30	47	0.111111
30	53	0.066667
30	58	0.058824
30	86	0.111111
30	87	0.090909
30	89	0.100000
30	109	0.111111
30	117	0.125000
30	133	0.111111
30	151	0.125000
30	161	0.142857
30	166	0.142857
30	177	0.125000
30	187	0.142857
31	1	0.022222
31	8	0.014286
31	9	0.020408
31	14	0.018519
31	22	0.031250
31	23	0.030303
31	29	0.055556
31	72	0.090909
31	75	0.090909
31	85	0.100000
31	89	0.100000
31	107	0.125000
31	178	0.142857
32	1	0.022222
32	8	0.014286
32	11	0.043478
32	12	0.025641
32	16	0.024390
32	18	0.045455
32	28	0.047619
32	37	0.066667
32	88	0.083333
32	93	0.090909
32	98	0.090909
32	99	0.111111
32	100	0.090909
32	101	0.090909
32	105	0.125000
32	120	0.111111
32	126	0.142857
32	134	0.090909
32	141	0.111111
32	144	0.142857
32	160	0.142857
32	169	0.142857
33	6	0.037037
33	8	0.014286
33	14	0.018519
33	19	0.033333
33	21	0.045455
33	23	0.030303
33	30	0.041667
33	46	0.050000
33	53	0.066667
33	86	0.111111
33	104	0.125000
33	114	0.090909
33	118	0.066667
33	134	0.090909
33	153	0.100000
33	154	0.142857
33	173	0.142857
33	184	0.142857
34	1	0.022222
34	8	0.014286
34	9	0.020408
34	12	0.025641
34	18	0.045455
34	19	0.033333
34	22	0.031250
34	44	0.052632
34	45	0.058824
34	67	0.111111
34	68	0.083333
34	85	0.100000
34	90	0.125000
34	165	0.142857
34	183	0.125000
35	3	0.020408
35	7	0.047619
35	9	0.020408
35	12	0.025641
35	16	0.024390
35	23	0.030303
35	26	0.047619
35	40	0.071429
35	46	0.050000
35	62	0.076923
35	65	0.142857
35	68	0.083333
35	78	0.100000
35	79	0.100000
35	82	0.090909
35	94	0.083333
35	128	0.111111
35	133	0.111111
35	146	0.142857
35	149	0.125000
35	153	0.100000
35	157	0.142857
35	184	0.142857
35	190	0.142857
36	2	0.050000
36	7	0.047619
36	8	0.014286
36	12	0.025641
36	19	0.033333
36	23	0.030303
36	26	0.047619
36	39	0.071429
36	41	0.066667
36	62	0.076923
36	71	0.142857
36	96	0.125000
36	102	0.090909
36	123	0.100000
36	154	0.142857
36	159	0.111111
36	171	0.142857
36	185	0.125000
37	13	0.037037
37	14	0.018519
37	15	0.043478
37	17	0.050000
37	26	0.047619
37	28	0.047619
37	32	0.045455
37	38	0.038462
37	41	0.066667
37	47	0.111111
37	50	0.058824
37	97	0.111111
37	138	0.142857
37	146	0.142857
37	176	0.142857
38	3	0.020408
38	14	0.018519
38	16	0.024390
38	18	0.045455
38	23	0.030303
38	30	0.041667
38	37	0.066667
38	48	0.047619
38	49	0.111111
38	52	0.083333
38	67	0.111111
38	73	0.058824
38	77	0.083333
38	88	0.083333
38	94	0.083333
38	98	0.090909
38	108	0.090909
38	113	0.111111
38	115	0.125000
38	119	0.090909
38	138	0.142857
38	154	0.142857
38	160	0.142857
38	171	0.142857
38	182	0.142857
38	188	0.142857
39	3	0.020408
39	6	0.037037
39	8	0.014286
39	9	0.020408
39	13	0.037037
39	16	0.024390
39	36	0.055556
39	57	0.083333
39	64	0.058824
39	65	0.142857
39	107	0.125000
39	125	0.083333
39	162	0.100000
39	192	0.142857
40	1	0.022222
40	8	0.014286
40	9	0.020408
40	11	0.043478
40	14	0.018519
40	17	0.050000
40	35	0.041667
40	43	0.055556
40	66	0.125000
40	101	0.090909
40	104	0.125000
40	151	0.125000
40	152	0.142857
40	179	0.142857
41	8	0.014286
41	9	0.020408
41	11	0.043478
41	17	0.050000
41	29	0.055556
41	36	0.055556
41	37	0.066667
41	79	0.100000
41	80	0.090909
41	87	0.090909
41	112	0.142857
41	143	0.125000
41	148	0.125000
41	168	0.142857
41	174	0.142857
42	0	0.016129
42	3	0.020408
42	8	0.014286
42	9	0.020408
42	12	0.025641
42	21	0.045455
42	24	0.043478
42	45	0.058824
42	74	0.058824
42	80	0.090909
42	87	0.090909
42	96	0.125000
42	101	0.090909
42	104	0.125000
42	105	0.125000
42	113	0.111111
42	126	0.142857
42	132	0.142857
42	133	0.111111
42	145	0.125000
42	167	0.142857
42	176	0.142857
42	182	0.142857
42	190	0.142857
43	0	0.016129
43	7	0.047619
43	8	0.014286
43	9	0.020408
43	12	0.025641
43	15	0.043478
43	40	0.071429
43	46	0.050000
43	53	0.066667
43	76	0.125000
43	78	0.100000
43	83	0.111111
43	92	0.125000
43	100	0.090909
43	140	0.111111
43	156	0.142857
43	162	0.100000
43	180	0.142857
44	0	0.016129
44	3	0.020408
44	10	0.025000
44	19	0.033333
44	28	0.047619
44	30	0.041667
44	34	0.066667
44	53	0.066667
44	54	0.062500
44	56	0.076923
44	61	0.071429
44	66	0.125000
44	68	0.083333
44	70	0.090909
44	81	0.083333
44	85	0.100000
44	95	0.066667
44	142	0.142857
44	151	0.125000
45	0	0.016129
45	9	0.020408
45	15	0.043478
45	16	0.024390
45	22	0.031250
45	34	0.066667
45	42	0.041667
45	49	0.111111
45	57	0.083333
45	66	0.125000
45	76	0.125000
45	84	0.090909
45	90	0.125000
45	121	0.111111
45	170	0.111111
45	172	0.142857
45	185	0.125000
46	3	0.020408
46	7	0.047619
46	8	0.014286
46	19	0.033333
46	33	0.055556
46	35	0.041667
46	43	0.055556
46	47	0.111111
46	48	0.047619
46	49	0.111111
46	54	0.062500
46	61	0.071429
46	65	0.142857
46	67	0.111111
46	82	0.090909
46	86	0.111111
46	131	0.125000
46	162	0.100000
46	168	0.142857
46	174	0.142857
47	7	0.047619
47	14	0.018519
47	23	0.030303
47	25	0.058824
47	30	0.041667
47	37	0.066667
47	46	0.050000
47	125	0.083333
47	151	0.125000
48	5	0.076923
48	12	0.025641
48	13	0.037037
48	16	0.024390
48	18	0.045455
48	38	0.038462
48	46	0.050000
48	51	0.083333
48	76	0.125000
48	77	0.083333
48	82	0.090909
48	94	0.083333
48	95	0.066667
48	103	0.125000
48	124	0.125000
48	125	0.083333
48	126	0.142857
48	158	0.125000
48	163	0.142857
48	164	0.142857
48	169	0.142857
49	3	0.020408
49	10	0.025000
49	23	0.030303
49	26	0.047619
49	38	0.038462
49	45	0.058824
49	46	0.050000
49	78	0.100000
49	145	0.125000
50	1	0.022222
50	8	0.014286
50	9	0.020408
50	16	0.024390
50	23	0.030303
50	25	0.058824
50	37	0.066667
50	56	0.076923
50	62	0.076923
50	67	0.111111
50	70	0.090909
50	84	0.090909
50	118	0.066667
50	127	0.125000
50	144	0.142857
50	168	0.142857
50	185	0.125000
51	0	0.016129
51	6	0.037037
51	10	0.025000
51	19	0.033333
51	22	0.031250
51	24	0.043478
51	48	0.047619
51	71	0.142857
51	112	0.142857
51	118	0.066667
51	130	0.142857
51	172	0.142857
52	0	0.016129
52	1	0.022222
52	7	0.047619
52	12	0.025641
52	22	0.031250
52	25	0.058824
52	38	0.038462
52	81	0.083333
52	91	0.111111
52	105	0.125000
52	139	0.142857
52	177	0.125000
53	1	0.022222
53	22	0.031250
53	27	0.040000
53	30	0.041667
53	33	0.055556
53	43	0.055556
53	44	0.052632
53	57	0.083333
53	65	0.142857
53	70	0.090909
53	73	0.058824
53	100	0.090909
53	113	0.111111
53	127	0.125000
53	177	0.125000
54	2	0.050000
54	8	0.014286
54	9	0.020408
54	16	0.024390
54	20	0.055556
54	44	0.052632
54	46	0.050000
54	68	0.083333
54	109	0.111111
54	117	0.125000
54	124	0.125000
54	136	0.142857
54	169	0.142857
54	176	0.142857
54	178	0.142857
54	184	0.142857
55	16	0.024390
55	19	0.033333
55	21	0.045455
55	22	0.031250
55	24	0.043478
55	25	0.058824
55	27	0.040000
55	74	0.058824
55	81	0.083333
55	110	0.142857
55	111	0.111111
55	122	0.142857
55	125	0.083333
55	142	0.142857
55	173	0.142857
56	6	0.037037
56	10	0.025000
56	15	0.043478
56	19	0.033333
56	24	0.043478
56	44	0.052632
56	50	0.058824
56	60	0.076923
56	85	0.100000
56	97	0.111111
56	117	0.125000
56	139	0.142857
56	192	0.142857
57	1	0.022222
57	2	0.050000
57	3	0.020408
57	8	0.014286
57	39	0.071429
57	45	0.058824
57	53	0.066667
57	64	0.058824
57	71	0.142857
57	73	0.058824
57	91	0.111111
57	174	0.142857
58	3	0.020408
58	9	0.020408
58	14	0.018519
58	17	0.050000
58	18	0.045455
58	28	0.047619
58	30	0.041667
58	66	0.125000
58	81	0.083333
58	100	0.090909
58	105	0.125000
58	116	0.125000
58	119	0.090909
58	127	0.125000
58	155	0.142857
58	170	0.111111
58	181	0.142857
59	0	0.016129
59	3	0.020408
59	8	0.014286
59	10	0.025000
59	11	0.043478
59	23	0.030303
59	25	0.058824
59	73	0.058824
59	89	0.100000
59	101	0.090909
59	182	0.142857
60	1	0.022222
60	8	0.014286
60	9	0.020408
60	14	0.018519
60	15	0.043478
60	23	0.030303
60	56	0.076923
60	61	0.071429
60	80	0.090909
60	106	0.111111
60	115	0.125000
60	165	0.142857
60	170	0.111111
61	1	0.022222
61	10	0.025000
61	14	0.018519
61	24	0.043478
61	44	0.052632
61	46	0.050000
61	60	0.076923
61	64	0.058824
61	69	0.090909
61	109	0.111111
61	121	0.111111
61	141	0.111111
61	154	0.142857
61	187	0.142857
62	0	0.016129
62	1	0.022222
62	10	0.025000
62	25	0.058824
62	35	0.041667
62	36	0.055556
62	50	0.058824
62	72	0.090909
62	73	0.058824
62	78	0.100000
62	114	0.090909
62	126	0.142857
62	136	0.142857
63	0	0.016129
63	1	0.022222
63	5	0.076923
63	8	0.014286
63	10	0.025000
63	22	0.031250
63	27	0.040000
63	83	0.111111
63	91	0.111111
63	102	0.090909
63	106	0.111111
63	119	0.090909
63	120	0.111111
63	124	0.125000
63	132	0.142857
63	137	0.142857
63	172	0.142857
64	3	0.020408
64	7	0.047619
64	9	0.020408
64	10	0.025000
64	39	0.071429
64	57	0.083333
64	61	0.071429
64	69	0.090909
64	76	0.125000
64	84	0.090909
64	110	0.142857
64	113	0.111111
64	119	0.090909
64	121	0.111111
64	122	0.142857
64	138	0.142857
64	174	0.142857
65	2	0.050000
65	7	0.047619
65	17	0.050000
65	35	0.041667
65	39	0.071429
65	46	0.050000
65	53	0.066667
66	3	0.020408
66	14	0.018519
66	20	0.055556
66	40	0.071429
66	44	0.052632
66	45	0.058824
66	58	0.058824
66	103	0.125000
67	3	0.020408
67	20	0.055556
67	22	0.031250
67	34	0.066667
67	38	0.038462
67	46	0.050000
67	50	0.058824
67	139	0.142857
67	164	0.142857
68	14	0.018519
68	15	0.043478
68	18	0.045455
68	34	0.066667
68	35	0.041667
68	44	0.052632
68	54	0.062500
68	104	0.125000
68	137	0.142857
68	140	0.111111
68	178	0.142857
68	180	0.142857
69	3	0.020408
69	8	0.014286
69	16	0.024390
69	19	0.033333
69	27	0.040000
69	61	0.071429
69	64	0.058824
69	128	0.111111
69	175	0.125000
69	184	0.142857
69	191	0.142857
70	3	0.020408
70	9	0.020408
70	21	0.045455
70	29	0.055556
70	44	0.052632
70	50	0.058824
70	53	0.066667
70	118	0.066667
70	129	0.090909
70	159	0.111111
70	161	0.142857
71	0	0.016129
71	3	0.020408
71	8	0.014286
71	22	0.031250
71	36	0.055556
71	51	0.083333
71	57	0.083333
72	12	0.025641
72	14	0.018519
72	23	0.030303
72	24	0.043478
72	27	0.040000
72	31	0.076923
72	62	0.076923
72	128	0.111111
72	143	0.125000
72	158	0.125000
72	183	0.125000
73	0	0.016129
73	3	0.020408
73	38	0.038462
73	53	0.066667
73	57	0.083333
73	59	0.090909
73	62	0.076923
73	77	0.083333
73	83	0.111111
73	102	0.090909
73	117	0.125000
73	135	0.100000
73	137	0.142857
73	138	0.142857
73	167	0.142857
73	177	0.125000
73	185	0.125000
74	2	0.050000
74	8	0.014286
74	10	0.025000
74	12	0.025641
74	13	0.037037
74	42	0.041667
74	55	0.066667
74	108	0.090909
74	115	0.125000
74	121	0.111111
74	122	0.142857
74	132	0.142857
74	146	0.142857
74	155	0.142857
74	157	0.142857
74	164	0.142857
74	171	0.142857
75	5	0.076923
75	8	0.014286
75	17	0.050000
75	18	0.045455
75	22	0.031250
75	29	0.055556
75	31	0.076923
75	90	0.125000
75	142	0.142857
75	143	0.125000
75	191	0.142857
76	8	0.014286
76	9	0.020408
76	16	0.024390
76	43	0.055556
76	45	0.058824
76	48	0.047619
76	64	0.058824
76	164	0.142857
77	0	0.016129
77	9	0.020408
77	17	0.050000
77	22	0.031250
77	38	0.038462
77	48	0.047619
77	73	0.058824
77	83	0.111111
77	87	0.090909
77	119	0.090909
77	136	0.142857
77	188	0.142857
78	1	0.022222
78	8	0.014286
78	12	0.025641
78	35	0.041667
78	43	0.055556
78	49	0.111111
78	62	0.076923
78	101	0.090909
78	104	0.125000
78	131	0.125000
79	6	0.037037
79	7	0.047619
79	22	0.031250
79	23	0.030303
79	27	0.040000
79	35	0.041667
79	41	0.066667
79	109	0.111111
79	119	0.090909
79	129	0.090909
80	9	0.020408
80	10	0.025000
80	16	0.024390
80	19	0.033333
80	41	0.066667
80	42	0.041667
80	60	0.076923
80	122	0.142857
80	123	0.100000
80	167	0.142857
80	168	0.142857
81	7	0.047619
81	10	0.025000
81	12	0.025641
81	44	0.052632
81	52	0.083333
81	55	0.066667
81	58	0.058824
81	82	0.090909
81	115	0.125000
81	118	0.066667
81	158	0.125000
81	164	0.142857
82	10	0.025000
82	14	0.018519
82	15	0.043478
82	35	0.041667
82	46	0.050000
82	48	0.047619
82	81	0.083333
82	99	0.111111
82	159	0.111111
82	178	0.142857
82	186	0.142857
83	9	0.020408
83	14	0.018519
83	16	0.024390
83	43	0.055556
83	63	0.058824
83	73	0.058824
83	77	0.083333
83	143	0.125000
83	150	0.100000
84	0	0.016129
84	3	0.020408
84	16	0.024390
84	27	0.040000
84	45	0.058824
84	50	0.058824
84	64	0.058824
84	95	0.066667
84	135	0.100000
84	158	0.125000
84	163	0.142857
85	20	0.055556
85	22	0.031250
85	29	0.055556
85	31	0.076923
85	34	0.066667
85	44	0.052632
85	56	0.076923
85	102	0.090909
85	140	0.111111
85	158	0.125000
86	1	0.022222
86	8	0.014286
86	17	0.050000
86	22	0.031250
86	30	0.041667
86	33	0.055556
86	46	0.050000
86	108	0.090909
86	115	0.125000
87	0	0.016129
87	14	0.018519
87	24	0.043478
87	30	0.041667
87	41	0.066667
87	42	0.041667
87	77	0.083333
87	95	0.066667
87	112	0.142857
87	120	0.111111
87	152	0.142857
88	9	0.020408
88	11	0.043478
88	12	0.025641
88	22	0.031250
88	27	0.040000
88	32	0.045455
88	38	0.038462
88	131	0.125000
88	173	0.142857
88	174	0.142857
88	180	0.142857
88	181	0.142857
89	1	0.022222
89	8	0.014286
89	16	0.024390
89	18	0.045455
89	30	0.041667
89	31	0.076923
89	59	0.090909
89	90	0.125000
89	147	0.111111
89	189	0.142857
90	14	0.018519
90	22	0.031250
90	25	0.058824
90	34	0.066667
90	45	0.058824
90	75	0.090909
90	89	0.100000
90	150	0.100000
91	0	0.016129
91	6	0.037037
91	22	0.031250
91	23	0.030303
91	52	0.083333
91	57	0.083333
91	63	0.058824
91	134	0.090909
91	174	0.142857
92	8	0.014286
92	9	0.020408
92	13	0.037037
92	16	0.024390
92	23	0.030303
92	28	0.047619
92	43	0.055556
92	114	0.090909
93	0	0.016129
93	1	0.022222
93	10	0.025000
93	16	0.024390
93	27	0.040000
93	28	0.047619
93	32	0.045455
93	96	0.125000
93	112	0.142857
93	121	0.111111
93	179	0.142857
94	6	0.037037
94	13	0.037037
94	21	0.045455
94	22	0.031250
94	35	0.041667
94	38	0.038462
94	48	0.047619
94	116	0.125000
94	149	0.125000
94	154	0.142857
94	186	0.142857
94	188	0.142857
95	0	0.016129
95	23	0.030303
95	25	0.058824
95	44	0.052632
95	48	0.047619
95	84	0.090909
95	87	0.090909
95	98	0.090909
95	103	0.125000
95	123	0.100000
95	130	0.142857
95	148	0.125000
95	163	0.142857
95	179	0.142857
95	182	0.142857
96	3	0.020408
96	9	0.020408
96	14	0.018519
96	16	0.024390
96	36	0.055556
96	42	0.041667
96	93	0.090909
96	140	0.111111
97	3	0.020408
97	6	0.037037
97	12	0.025641
97	25	0.058824
97	27	0.040000
97	37	0.066667
97	56	0.076923
97	98	0.090909
97	170	0.111111
98	3	0.020408
98	8	0.014286
98	17	0.050000
98	32	0.045455
98	38	0.038462
98	95	0.066667
98	97	0.111111
98	108	0.090909
98	122	0.142857
98	129	0.090909
98	145	0.125000
99	0	0.016129
99	9	0.020408
99	11	0.043478
99	24	0.043478
99	26	0.047619
99	32	0.045455
99	82	0.090909
99	157	0.142857
99	180	0.142857
100	1	0.022222
100	11	0.043478
100	17	0.050000
100	32	0.045455
100	43	0.055556
100	53	0.066667
100	58	0.058824
100	109	0.111111
100	149	0.125000
100	152	0.142857
100	182	0.142857
101	16	0.024390
101	19	0.033333
101	32	0.045455
101	40	0.071429
101	42	0.041667
101	59	0.090909
101	78	0.100000
101	137	0.142857
101	151	0.125000
101	165	0.142857
101	190	0.142857
102	14	0.018519
102	19	0.033333
102	20	0.055556
102	36	0.055556
102	63	0.058824
102	73	0.058824
102	85	0.100000
102	110	0.142857
102	111	0.111111
102	114	0.090909
102	173	0.142857
103	7	0.047619
103	8	0.014286
103	10	0.025000
103	13	0.037037
103	48	0.047619
103	66	0.125000
103	95	0.066667
103	118	0.066667
104	12	0.025641
104	18	0.045455
104	33	0.055556
104	40	0.071429
104	42	0.041667
104	68	0.083333
104	78	0.100000
104	167	0.142857
105	0	0.016129
105	13	0.037037
105	26	0.047619
105	32	0.045455
105	42	0.041667
105	52	0.083333
105	58	0.058824
105	123	0.100000
106	3	0.020408
106	8	0.014286
106	10	0.025000
106	12	0.025641
106	28	0.047619
106	60	0.076923
106	63	0.058824
106	113	0.111111
106	170	0.111111
107	8	0.014286
107	10	0.025000
107	14	0.018519
107	23	0.030303
107	28	0.047619
107	31	0.076923
107	39	0.071429
107	159	0.111111
108	8	0.014286
108	9	0.020408
108	14	0.018519
108	38	0.038462
108	74	0.058824
108	86	0.111111
108	98	0.090909
108	124	0.125000
108	132	0.142857
108	148	0.125000
108	166	0.142857
109	1	0.022222
109	26	0.047619
109	30	0.041667
109	54	0.062500
109	61	0.071429
109	79	0.100000
109	100	0.090909
109	156	0.142857
109	192	0.142857
110	8	0.014286
110	11	0.043478
110	12	0.025641
110	29	0.055556
110	55	0.066667
110	64	0.058824
110	102	0.090909
111	0	0.016129
111	7	0.047619
111	8	0.014286
111	10	0.025000
111	22	0.031250
111	55	0.066667
111	102	0.090909
111	126	0.142857
111	192	0.142857
112	0	0.016129
112	10	0.025000
112	14	0.018519
112	41	0.066667
112	51	0.083333
112	87	0.090909
112	93	0.090909
113	1	0.022222
113	2	0.050000
113	38	0.038462
113	42	0.041667
113	53	0.066667
113	64	0.058824
113	106	0.111111
113	150	0.100000
113	176	0.142857
114	0	0.016129
114	3	0.020408
114	10	0.025000
114	33	0.055556
114	62	0.076923
114	92	0.125000
114	102	0.090909
114	130	0.142857
114	146	0.142857
114	161	0.142857
114	176	0.142857
115	14	0.018519
115	15	0.043478
115	38	0.038462
115	60	0.076923
115	74	0.058824
115	81	0.083333
115	86	0.111111
115	130	0.142857
116	3	0.020408
116	8	0.014286
116	14	0.018519
116	21	0.045455
116	23	0.030303
116	58	0.058824
116	94	0.083333
116	169	0.142857
117	12	0.025641
117	16	0.024390
117	18	0.045455
117	30	0.041667
117	54	0.062500
117	56	0.076923
117	73	0.058824
117	171	0.142857
118	13	0.037037
118	33	0.055556
118	50	0.058824
118	51	0.083333
118	70	0.090909
118	81	0.083333
118	103	0.125000
118	136	0.142857
118	144	0.142857
118	148	0.125000
118	171	0.142857
118	179	0.142857
118	181	0.142857
118	188	0.142857
118	192	0.142857
119	9	0.020408
119	38	0.038462
119	58	0.058824
119	63	0.058824
119	64	0.058824
119	77	0.083333
119	79	0.100000
119	121	0.111111
119	160	0.142857
119	182	0.142857
119	189	0.142857
120	0	0.016129
120	5	0.076923
120	11	0.043478
120	22	0.031250
120	32	0.045455
120	63	0.058824
120	87	0.090909
120	124	0.125000
120	190	0.142857
121	1	0.022222
121	45	0.058824
121	61	0.071429
121	64	0.058824
121	74	0.058824
121	93	0.090909
121	119	0.090909
121	128	0.111111
121	130	0.142857
122	0	0.016129
122	14	0.018519
122	55	0.066667
122	64	0.058824
122	74	0.058824
122	80	0.090909
122	98	0.090909
123	1	0.022222
123	9	0.020408
123	29	0.055556
123	36	0.055556
123	80	0.090909
123	95	0.066667
123	105	0.125000
123	146	0.142857
123	152	0.142857
123	175	0.125000
124	8	0.014286
124	26	0.047619
124	48	0.047619
124	54	0.062500
124	63	0.058824
124	108	0.090909
124	120	0.111111
124	168	0.142857
125	3	0.020408
125	16	0.024390
125	27	0.040000
125	39	0.071429
125	47	0.111111
125	48	0.047619
125	55	0.066667
125	131	0.125000
125	145	0.125000
125	153	0.100000
125	166	0.142857
125	172	0.142857
126	3	0.020408
126	8	0.014286
126	32	0.045455
126	42	0.041667
126	48	0.047619
126	62	0.076923
126	111	0.111111
127	2	0.050000
127	3	0.020408
127	8	0.014286
127	15	0.043478
127	50	0.058824
127	53	0.066667
127	58	0.058824
127	175	0.125000
128	6	0.037037
128	19	0.033333
128	20	0.055556
128	35	0.041667
128	69	0.090909
128	72	0.090909
128	121	0.111111
128	156	0.142857
128	172	0.142857
129	0	0.016129
129	1	0.022222
129	8	0.014286
129	12	0.025641
129	70	0.090909
129	79	0.100000
129	98	0.090909
129	155	0.142857
129	164	0.142857
129	168	0.142857
129	183	0.125000
130	13	0.037037
130	18	0.045455
130	51	0.083333
130	95	0.066667
130	114	0.090909
130	115	0.125000
130	121	0.111111
131	5	0.076923
131	15	0.043478
131	29	0.055556
131	46	0.050000
131	78	0.100000
131	88	0.083333
131	125	0.083333
131	189	0.142857
132	2	0.050000
132	3	0.020408
132	23	0.030303
132	42	0.041667
132	63	0.058824
132	74	0.058824
132	108	0.090909
133	3	0.020408
133	6	0.037037
133	14	0.018519
133	22	0.031250
133	30	0.041667
133	35	0.041667
133	42	0.041667
133	141	0.111111
133	187	0.142857
134	6	0.037037
134	12	0.025641
134	24	0.043478
134	26	0.047619
134	32	0.045455
134	33	0.055556
134	91	0.111111
134	155	0.142857
134	161	0.142857
134	178	0.142857
134	180	0.142857
135	0	0.016129
135	9	0.020408
135	19	0.033333
135	26	0.047619
135	27	0.040000
135	73	0.058824
135	84	0.090909
135	144	0.142857
135	150	0.100000
135	167	0.142857
136	10	0.025000
136	13	0.037037
136	29	0.055556
136	54	0.062500
136	62	0.076923
136	77	0.083333
136	118	0.066667
137	14	0.018519
137	23	0.030303
137	27	0.040000
137	63	0.058824
137	68	0.083333
137	73	0.058824
137	101	0.090909
138	1	0.022222
138	14	0.018519
138	23	0.030303
138	37	0.066667
138	38	0.038462
138	64	0.058824
138	73	0.058824
139	0	0.016129
139	5	0.076923
139	16	0.024390
139	24	0.043478
139	52	0.083333
139	56	0.076923
139	67	0.111111
140	9	0.020408
140	14	0.018519
140	28	0.047619
140	43	0.055556
140	68	0.083333
140	85	0.100000
140	96	0.125000
140	163	0.142857
140	169	0.142857
141	1	0.022222
141	12	0.025641
141	16	0.024390
141	28	0.047619
141	32	0.045455
141	61	0.071429
141	133	0.111111
141	143	0.125000
141	175	0.125000
142	0	0.016129
142	10	0.025000
142	18	0.045455
142	23	0.030303
142	44	0.052632
142	55	0.066667
142	75	0.090909
143	11	0.043478
143	28	0.047619
143	41	0.066667
143	72	0.090909
143	75	0.090909
143	83	0.111111
143	141	0.111111
143	181	0.142857
144	2	0.050000
144	14	0.018519
144	21	0.045455
144	32	0.045455
144	50	0.058824
144	118	0.066667
144	135	0.100000
145	16	0.024390
145	19	0.033333
145	27	0.040000
145	42	0.041667
145	49	0.111111
145	98	0.090909
145	125	0.083333
145	147	0.111111
146	5	0.076923
146	16	0.024390
146	35	0.041667
146	37	0.066667
146	74	0.058824
146	114	0.090909
146	123	0.100000
147	0	0.016129
147	2	0.050000
147	3	0.020408
147	4	0.166667
147	24	0.043478
147	89	0.100000
147	145	0.125000
147	172	0.142857
147	181	0.142857
148	12	0.025641
148	19	0.033333
148	23	0.030303
148	41	0.066667
148	95	0.066667
148	108	0.090909
148	118	0.066667
148	151	0.125000
149	0	0.016129
149	3	0.020408
149	16	0.024390
149	27	0.040000
149	35	0.041667
149	94	0.083333
149	100	0.090909
149	156	0.142857
150	3	0.020408
150	8	0.014286
150	24	0.043478
150	83	0.111111
150	90	0.125000
150	113	0.111111
150	135	0.100000
150	161	0.142857
150	163	0.142857
150	185	0.125000
151	25	0.058824
151	30	0.041667
151	40	0.071429
151	44	0.052632
151	47	0.111111
151	101	0.090909
151	148	0.125000
151	154	0.142857
152	14	0.018519
152	21	0.045455
152	27	0.040000
152	40	0.071429
152	87	0.090909
152	100	0.090909
152	123	0.100000
153	8	0.014286
153	19	0.033333
153	20	0.055556
153	24	0.043478
153	33	0.055556
153	35	0.041667
153	125	0.083333
153	155	0.142857
153	186	0.142857
153	191	0.142857
154	23	0.030303
154	33	0.055556
154	36	0.055556
154	38	0.038462
154	61	0.071429
154	94	0.083333
154	151	0.125000
155	10	0.025000
155	21	0.045455
155	58	0.058824
155	74	0.058824
155	129	0.090909
155	134	0.090909
155	153	0.100000
156	0	0.016129
156	1	0.022222
156	6	0.037037
156	43	0.055556
156	109	0.111111
156	128	0.111111
156	149	0.125000
157	0	0.016129
157	8	0.014286
157	16	0.024390
157	23	0.030303
157	35	0.041667
157	74	0.058824
157	99	0.111111
158	0	0.016129
158	13	0.037037
158	48	0.047619
158	72	0.090909
158	81	0.083333
158	84	0.090909
158	85	0.100000
158	191	0.142857
159	2	0.050000
159	7	0.047619
159	17	0.050000
159	36	0.055556
159	70	0.090909
159	82	0.090909
159	107	0.125000
159	186	0.142857
159	189	0.142857
160	8	0.014286
160	12	0.025641
160	14	0.018519
160	15	0.043478
160	32	0.045455
160	38	0.038462
160	119	0.090909
161	12	0.025641
161	24	0.043478
161	30	0.041667
161	70	0.090909
161	114	0.090909
161	134	0.090909
161	150	0.100000
162	0	0.016129
162	1	0.022222
162	3	0.020408
162	14	0.018519
162	39	0.071429
162	43	0.055556
162	46	0.050000
162	169	0.142857
162	183	0.125000
162	186	0.142857
163	0	0.016129
163	29	0.055556
163	48	0.047619
163	84	0.090909
163	95	0.066667
163	140	0.111111
163	150	0.100000
164	28	0.047619
164	48	0.047619
164	67	0.111111
164	74	0.058824
164	76	0.125000
164	81	0.083333
164	129	0.090909
165	1	0.022222
165	18	0.045455
165	19	0.033333
165	20	0.055556
165	34	0.066667
165	60	0.076923
165	101	0.090909
166	6	0.037037
166	12	0.025641
166	14	0.018519
166	26	0.047619
166	30	0.041667
166	108	0.090909
166	125	0.083333
167	3	0.020408
167	27	0.040000
167	42	0.041667
167	73	0.058824
167	80	0.090909
167	104	0.125000
167	135	0.100000
168	6	0.037037
168	41	0.066667
168	46	0.050000
168	50	0.058824
168	80	0.090909
168	124	0.125000
168	129	0.090909
169	26	0.047619
169	32	0.045455
169	48	0.047619
169	54	0.062500
169	116	0.125000
169	140	0.111111
169	162	0.100000
170	8	0.014286
170	13	0.037037
170	45	0.058824
170	58	0.058824
170	60	0.076923
170	97	0.111111
170	106	0.111111
170	183	0.125000
170	188	0.142857
171	1	0.022222
171	3	0.020408
171	36	0.055556
171	38	0.038462
171	74	0.058824
171	117	0.125000
171	118	0.066667
172	28	0.047619
172	45	0.058824
172	51	0.083333
172	63	0.058824
172	125	0.083333
172	128	0.111111
172	147	0.111111
173	0	0.016129
173	21	0.045455
173	28	0.047619
173	33	0.055556
173	55	0.066667
173	88	0.083333
173	102	0.090909
174	16	0.024390
174	41	0.066667
174	46	0.050000
174	57	0.083333
174	64	0.058824
174	88	0.083333
174	91	0.111111
175	11	0.043478
175	15	0.043478
175	18	0.045455
175	69	0.090909
175	123	0.100000
175	127	0.125000
175	141	0.111111
175	184	0.142857
176	0	0.016129
176	15	0.043478
176	37	0.066667
176	42	0.041667
176	54	0.062500
176	113	0.111111
176	114	0.090909
177	8	0.014286
177	9	0.020408
177	14	0.018519
177	30	0.041667
177	52	0.083333
177	53	0.066667
177	73	0.058824
177	187	0.142857
178	1	0.022222
178	22	0.031250
178	31	0.076923
178	54	0.062500
178	68	0.083333
178	82	0.090909
178	134	0.090909
179	9	0.020408
179	19	0.033333
179	29	0.055556
179	40	0.071429
179	93	0.090909
179	95	0.066667
179	118	0.066667
180	11	0.043478
180	13	0.037037
180	43	0.055556
180	68	0.083333
180	88	0.083333
180	99	0.111111
180	134	0.090909
181	1	0.022222
181	15	0.043478
181	58	0.058824
181	88	0.083333
181	118	0.066667
181	143	0.125000
181	147	0.111111
182	22	0.031250
182	38	0.038462
182	42	0.041667
182	59	0.090909
182	95	0.066667
182	100	0.090909
182	119	0.090909
183	0	0.016129
183	1	0.022222
183	34	0.066667
183	72	0.090909
183	129	0.090909
183	162	0.100000
183	170	0.111111
183	185	0.125000
184	8	0.014286
184	13	0.037037
184	33	0.055556
184	35	0.041667
184	54	0.062500
184	69	0.090909
184	175	0.125000
185	1	0.022222
185	36	0.055556
185	45	0.058824
185	50	0.058824
185	73	0.058824
185	150	0.100000
185	183	0.125000
185	187	0.142857
186	9	0.020408
186	12	0.025641
186	82	0.090909
186	94	0.083333
186	153	0.100000
186	159	0.111111
186	162	0.100000
187	14	0.018519
187	19	0.033333
187	30	0.041667
187	61	0.071429
187	133	0.111111
187	177	0.125000
187	185	0.125000
188	14	0.018519
188	21	0.045455
188	38	0.038462
188	77	0.083333
188	94	0.083333
188	118	0.066667
188	170	0.111111
189	0	0.016129
189	3	0.020408
189	5	0.076923
189	89	0.100000
189	119	0.090909
189	131	0.125000
189	159	0.111111
190	4	0.166667
190	6	0.037037
190	27	0.040000
190	35	0.041667
190	42	0.041667
190	101	0.090909
190	120	0.111111
191	8	0.014286
191	21	0.045455
191	26	0.047619
191	69	0.090909
191	75	0.090909
191	153	0.100000
191	158	0.125000
192	0	0.016129
192	15	0.043478
192	39	0.071429
192	56	0.076923
192	109	0.111111
192	111	0.111111
192	118	0.066667
