178	2394
0	1	0.023810
0	2	0.047619
0	3	0.032258
0	4	0.250000
0	5	0.029412
0	6	0.035714
0	7	0.052632
0	8	0.019231
0	9	0.023810
0	10	0.045455
0	11	0.025000
0	12	0.027778
0	14	0.028571
0	15	0.029412
0	17	0.045455
0	19	0.052632
0	21	0.035714
0	22	0.033333
0	23	0.041667
0	25	0.032258
0	28	0.052632
0	31	0.062500
0	33	0.037037
0	34	0.066667
0	41	0.062500
0	42	0.062500
0	44	0.062500
0	45	0.052632
0	51	0.055556
0	52	0.071429
0	58	0.090909
0	64	0.071429
0	65	0.062500
0	70	0.062500
0	73	0.066667
0	79	0.076923
0	85	0.100000
0	91	0.083333
0	95	0.125000
0	98	0.083333
0	101	0.100000
0	103	0.125000
0	104	0.111111
0	112	0.090909
0	123	0.142857
0	131	0.111111
0	144	0.142857
0	150	0.142857
0	160	0.142857
0	168	0.142857
0	171	0.142857
0	173	0.142857
0	177	0.142857
1	0	0.018868
1	8	0.019231
1	10	0.045455
1	11	0.025000
1	12	0.027778
1	13	0.047619
1	14	0.028571
1	16	0.026316
1	17	0.045455
1	19	0.052632
1	21	0.035714
1	24	0.035714
1	26	0.040000
1	27	0.037037
1	28	0.052632
1	31	0.062500
1	34	0.066667
1	41	0.062500
1	44	0.062500
1	47	0.071429
1	49	0.071429
1	60	0.071429
1	63	0.100000
1	64	0.071429
1	65	0.062500
1	70	0.062500
1	80	0.125000
1	83	0.100000
1	89	0.100000
1	104	0.111111
1	107	0.111111
1	114	0.083333
1	126	0.125000
1	130	0.111111
1	134	0.142857
1	147	0.100000
1	149	0.142857
1	163	0.142857
1	169	0.142857
1	171	0.142857
1	172	0.142857
1	174	0.142857
2	0	0.018868
2	8	0.019231
2	9	0.023810
2	14	0.028571
2	15	0.029412
2	21	0.035714
2	23	0.041667
2	35	0.058824
2	38	0.076923
2	42	0.062500
2	48	0.083333
2	52	0.071429
2	56	0.076923
2	57	0.066667
2	70	0.062500
2	99	0.125000
2	116	0.142857
2	119	0.100000
2	121	0.125000
2	146	0.142857
2	148	0.142857
3	0	0.018868
3	8	0.019231
3	9	0.023810
3	12	0.027778
3	13	0.047619
3	15	0.029412
3	17	0.045455
3	18	0.047619
3	23	0.041667
3	32	0.050000
3	40	0.071429
3	41	0.062500
3	43	0.035714
3	47	0.071429
3	50	0.100000
3	57	0.066667
3	59	0.100000
3	64	0.071429
3	66	0.100000
3	67	0.090909
3	80	0.125000
3	82	0.071429
3	92	0.090909
3	108	0.090909
3	112	0.090909
3	113	0.100000
3	123	0.142857
3	126	0.125000
3	150	0.142857
3	154	0.142857
3	167	0.142857
4	0	0.018868
4	36	0.090909
4	103	0.125000
4	117	0.142857
5	0	0.018868
5	8	0.019231
5	9	0.023810
5	10	0.045455
5	12	0.027778
5	15	0.029412
5	17	0.045455
5	18	0.047619
5	19	0.052632
5	20	0.047619
5	31	0.062500
5	32	0.050000
5	36	0.090909
5	38	0.076923
5	41	0.062500
5	49	0.071429
5	56	0.076923
5	59	0.100000
5	61	0.076923
5	82	0.071429
5	98	0.083333
5	101	0.100000
5	112	0.090909
5	113	0.100000
5	119	0.100000
5	126	0.125000
5	139	0.142857
5	140	0.142857
5	149	0.142857
5	153	0.142857
5	158	0.142857
5	160	0.142857
5	174	0.142857
5	177	0.142857
6	0	0.018868
6	8	0.019231
6	9	0.023810
6	10	0.045455
6	11	0.025000
6	13	0.047619
6	19	0.052632
6	20	0.047619
6	22	0.033333
6	30	0.050000
6	35	0.058824
6	40	0.071429
6	42	0.062500
6	58	0.090909
6	69	0.090909
6	81	0.071429
6	88	0.062500
6	89	0.100000
6	93	0.125000
6	117	0.142857
6	120	0.100000
6	130	0.111111
6	135	0.125000
6	143	0.142857
6	152	0.111111
6	156	0.142857
6	157	0.142857
6	174	0.142857
7	0	0.018868
7	8	0.019231
7	9	0.023810
7	10	0.045455
7	11	0.025000
7	13	0.047619
7	16	0.026316
7	20	0.047619
7	24	0.035714
7	26	0.040000
7	29	0.052632
7	42	0.062500
7	71	0.083333
7	72	0.100000
7	82	0.071429
7	101	0.100000
7	120	0.100000
7	132	0.142857
7	157	0.142857
8	0	0.018868
8	1	0.023810
8	2	0.047619
8	3	0.032258
8	5	0.029412
8	6	0.035714
8	7	0.052632
8	9	0.023810
8	10	0.045455
8	11	0.025000
8	12	0.027778
8	13	0.047619
8	14	0.028571
8	15	0.029412
8	16	0.026316
8	17	0.045455
8	18	0.047619
8	19	0.052632
8	21	0.035714
8	22	0.033333
8	24	0.035714
8	27	0.037037
8	28	0.052632
8	29	0.052632
8	30	0.050000
8	31	0.062500
8	32	0.050000
8	35	0.058824
8	37	0.076923
8	43	0.035714
8	45	0.052632
8	50	0.100000
8	53	0.071429
8	57	0.066667
8	58	0.090909
8	74	0.125000
8	76	0.076923
8	88	0.062500
8	89	0.100000
8	94	0.090909
8	97	0.100000
8	98	0.083333
8	123	0.142857
8	126	0.125000
8	137	0.142857
8	138	0.142857
8	149	0.142857
8	161	0.142857
8	163	0.142857
8	164	0.142857
8	166	0.142857
8	175	0.142857
9	0	0.018868
9	2	0.047619
9	3	0.032258
9	5	0.029412
9	6	0.035714
9	7	0.052632
9	8	0.019231
9	10	0.045455
9	11	0.025000
9	12	0.027778
9	14	0.028571
9	15	0.029412
9	17	0.045455
9	21	0.035714
9	22	0.033333
9	23	0.041667
9	24	0.035714
9	25	0.032258
9	26	0.040000
9	27	0.037037
9	28	0.052632
9	29	0.052632
9	30	0.050000
9	33	0.037037
9	36	0.090909
9	38	0.076923
9	43	0.035714
9	46	0.125000
9	47	0.071429
9	48	0.083333
9	61	0.076923
9	62	0.100000
9	70	0.062500
9	74	0.125000
9	90	0.111111
9	104	0.111111
9	105	0.125000
9	113	0.100000
9	139	0.142857
9	143	0.142857
9	144	0.142857
9	169	0.142857
10	0	0.018868
10	1	0.023810
10	5	0.029412
10	6	0.035714
10	7	0.052632
10	8	0.019231
10	9	0.023810
10	11	0.025000
10	13	0.047619
10	14	0.028571
10	35	0.058824
10	51	0.055556
10	57	0.066667
10	59	0.100000
10	82	0.071429
10	89	0.100000
10	97	0.100000
10	136	0.142857
10	141	0.125000
10	153	0.142857
10	163	0.142857
10	167	0.142857
11	0	0.018868
11	1	0.023810
11	6	0.035714
11	7	0.052632
11	8	0.019231
11	9	0.023810
11	10	0.045455
11	12	0.027778
11	13	0.047619
11	16	0.026316
11	18	0.047619
11	28	0.052632
11	30	0.050000
11	34	0.066667
11	38	0.076923
11	40	0.071429
11	41	0.062500
11	44	0.062500
11	49	0.071429
11	51	0.055556
11	53	0.071429
11	55	0.125000
11	56	0.076923
11	58	0.090909
11	78	0.076923
11	86	0.100000
11	100	0.111111
11	106	0.083333
11	110	0.090909
11	115	0.125000
11	120	0.100000
11	121	0.125000
11	122	0.125000
11	133	0.125000
11	135	0.125000
11	139	0.142857
11	143	0.142857
11	145	0.142857
11	153	0.142857
11	168	0.142857
12	0	0.018868
12	1	0.023810
12	3	0.032258
12	5	0.029412
12	8	0.019231
12	9	0.023810
12	11	0.025000
12	14	0.028571
12	15	0.029412
12	16	0.026316
12	18	0.047619
12	19	0.052632
12	22	0.033333
12	25	0.032258
12	26	0.040000
12	27	0.037037
12	29	0.052632
12	31	0.062500
12	39	0.050000
12	40	0.071429
12	43	0.035714
12	49	0.071429
12	53	0.071429
12	57	0.066667
12	62	0.100000
12	64	0.071429
12	70	0.062500
12	71	0.083333
12	72	0.100000
12	80	0.125000
12	94	0.090909
12	100	0.111111
12	125	0.083333
12	128	0.142857
12	131	0.111111
12	142	0.125000
13	1	0.023810
13	3	0.032258
13	6	0.035714
13	7	0.052632
13	8	0.019231
13	10	0.045455
13	11	0.025000
13	16	0.026316
13	21	0.035714
13	24	0.035714
13	50	0.100000
13	52	0.071429
13	54	0.111111
13	67	0.090909
13	77	0.083333
13	86	0.100000
13	105	0.125000
13	122	0.125000
13	129	0.076923
13	131	0.111111
13	155	0.125000
14	0	0.018868
14	1	0.023810
14	2	0.047619
14	8	0.019231
14	9	0.023810
14	10	0.045455
14	12	0.027778
14	20	0.047619
14	24	0.035714
14	25	0.032258
14	29	0.052632
14	37	0.076923
14	59	0.100000
14	63	0.100000
14	66	0.100000
14	68	0.100000
14	69	0.090909
14	73	0.066667
14	75	0.100000
14	76	0.076923
14	77	0.083333
14	91	0.083333
14	93	0.125000
14	96	0.083333
14	102	0.142857
14	107	0.111111
14	115	0.125000
14	120	0.100000
14	136	0.142857
14	149	0.142857
14	153	0.142857
14	158	0.142857
14	159	0.142857
14	163	0.142857
14	165	0.125000
15	0	0.018868
15	2	0.047619
15	3	0.032258
15	5	0.029412
15	8	0.019231
15	9	0.023810
15	12	0.027778
15	16	0.026316
15	17	0.045455
15	18	0.047619
15	19	0.052632
15	20	0.047619
15	21	0.035714
15	22	0.033333
15	26	0.040000
15	27	0.037037
15	33	0.037037
15	34	0.066667
15	37	0.076923
15	40	0.071429
15	51	0.055556
15	53	0.071429
15	56	0.076923
15	63	0.100000
15	80	0.125000
15	87	0.100000
15	92	0.090909
15	99	0.125000
15	107	0.111111
15	111	0.111111
15	116	0.142857
15	142	0.125000
15	151	0.142857
15	177	0.142857
16	1	0.023810
16	7	0.052632
16	8	0.019231
16	11	0.025000
16	12	0.027778
16	13	0.047619
16	15	0.029412
16	18	0.047619
16	20	0.047619
16	23	0.041667
16	25	0.032258
16	27	0.037037
16	28	0.052632
16	30	0.050000
16	31	0.062500
16	32	0.050000
16	35	0.058824
16	45	0.052632
16	53	0.071429
16	62	0.100000
16	69	0.090909
16	79	0.076923
16	98	0.083333
16	99	0.125000
16	101	0.100000
16	104	0.111111
16	105	0.125000
16	107	0.111111
16	108	0.090909
16	109	0.111111
16	111	0.111111
16	121	0.125000
16	122	0.125000
16	133	0.125000
16	142	0.125000
16	146	0.142857
16	152	0.111111
16	176	0.142857
17	0	0.018868
17	1	0.023810
17	3	0.032258
17	5	0.029412
17	8	0.019231
17	9	0.023810
17	15	0.029412
17	20	0.047619
17	32	0.050000
17	37	0.076923
17	43	0.035714
17	45	0.052632
17	67	0.090909
17	71	0.083333
17	75	0.100000
17	76	0.076923
17	86	0.100000
17	98	0.083333
17	114	0.083333
17	118	0.142857
17	127	0.125000
17	130	0.111111
18	3	0.032258
18	5	0.029412
18	8	0.019231
18	11	0.025000
18	12	0.027778
18	15	0.029412
18	16	0.026316
18	24	0.035714
18	27	0.037037
18	28	0.052632
18	86	0.100000
18	91	0.083333
18	94	0.090909
18	102	0.142857
18	107	0.111111
18	109	0.111111
18	110	0.090909
18	113	0.100000
18	114	0.083333
18	126	0.125000
18	176	0.142857
19	0	0.018868
19	1	0.023810
19	5	0.029412
19	6	0.035714
19	8	0.019231
19	12	0.027778
19	15	0.029412
19	23	0.041667
19	34	0.066667
19	52	0.071429
19	65	0.062500
19	68	0.100000
19	83	0.100000
19	102	0.142857
19	106	0.083333
19	111	0.111111
19	133	0.125000
19	152	0.111111
19	155	0.125000
20	5	0.029412
20	6	0.035714
20	7	0.052632
20	14	0.028571
20	15	0.029412
20	16	0.026316
20	17	0.045455
20	25	0.032258
20	26	0.040000
20	46	0.125000
20	58	0.090909
20	59	0.100000
20	62	0.100000
20	74	0.125000
20	75	0.100000
20	87	0.100000
20	91	0.083333
20	93	0.125000
20	106	0.083333
20	124	0.142857
20	155	0.125000
21	0	0.018868
21	1	0.023810
21	2	0.047619
21	8	0.019231
21	9	0.023810
21	13	0.047619
21	15	0.029412
21	22	0.033333
21	23	0.041667
21	30	0.050000
21	33	0.037037
21	36	0.090909
21	44	0.062500
21	50	0.100000
21	51	0.055556
21	64	0.071429
21	66	0.100000
21	75	0.100000
21	79	0.076923
21	85	0.100000
21	86	0.100000
21	89	0.100000
21	92	0.090909
21	93	0.125000
21	100	0.111111
21	140	0.142857
21	142	0.125000
21	163	0.142857
22	0	0.018868
22	6	0.035714
22	8	0.019231
22	9	0.023810
22	12	0.027778
22	15	0.029412
22	21	0.035714
22	25	0.032258
22	26	0.040000
22	29	0.052632
22	32	0.050000
22	37	0.076923
22	38	0.076923
22	39	0.050000
22	41	0.062500
22	48	0.083333
22	50	0.100000
22	56	0.076923
22	61	0.076923
22	74	0.125000
22	76	0.076923
22	81	0.071429
22	90	0.111111
22	110	0.090909
22	116	0.142857
22	126	0.125000
22	132	0.142857
22	137	0.142857
22	160	0.142857
22	173	0.142857
23	0	0.018868
23	2	0.047619
23	3	0.032258
23	9	0.023810
23	16	0.026316
23	19	0.052632
23	21	0.035714
23	32	0.050000
23	33	0.037037
23	36	0.090909
23	37	0.076923
23	39	0.050000
23	43	0.035714
23	60	0.071429
23	62	0.100000
23	64	0.071429
23	72	0.100000
23	81	0.071429
23	110	0.090909
23	113	0.100000
23	136	0.142857
23	140	0.142857
23	148	0.142857
23	159	0.142857
24	1	0.023810
24	7	0.052632
24	8	0.019231
24	9	0.023810
24	13	0.047619
24	14	0.028571
24	18	0.047619
24	35	0.058824
24	45	0.052632
24	46	0.125000
24	55	0.125000
24	62	0.100000
24	63	0.100000
24	73	0.066667
24	80	0.125000
24	81	0.071429
24	82	0.071429
24	88	0.062500
24	94	0.090909
24	95	0.125000
24	96	0.083333
24	101	0.100000
24	115	0.125000
24	116	0.142857
24	127	0.125000
24	134	0.142857
24	145	0.142857
24	151	0.142857
25	0	0.018868
25	9	0.023810
25	12	0.027778
25	14	0.028571
25	16	0.026316
25	20	0.047619
25	22	0.033333
25	30	0.050000
25	39	0.050000
25	42	0.062500
25	54	0.111111
25	55	0.125000
25	59	0.100000
25	61	0.076923
25	74	0.125000
25	78	0.076923
25	81	0.071429
25	83	0.100000
25	103	0.125000
25	105	0.125000
25	112	0.090909
25	118	0.142857
25	119	0.100000
25	123	0.142857
25	129	0.076923
25	131	0.111111
25	134	0.142857
25	138	0.142857
25	156	0.142857
25	161	0.142857
25	164	0.142857
26	1	0.023810
26	7	0.052632
26	9	0.023810
26	12	0.027778
26	15	0.029412
26	20	0.047619
26	22	0.033333
26	29	0.052632
26	33	0.037037
26	34	0.066667
26	36	0.090909
26	46	0.125000
26	47	0.071429
26	51	0.055556
26	60	0.071429
26	69	0.090909
26	75	0.100000
26	82	0.071429
26	83	0.100000
26	84	0.100000
26	114	0.083333
26	119	0.100000
26	135	0.125000
26	157	0.142857
26	162	0.142857
27	1	0.023810
27	8	0.019231
27	9	0.023810
27	12	0.027778
27	15	0.029412
27	16	0.026316
27	18	0.047619
27	35	0.058824
27	39	0.050000
27	40	0.071429
27	47	0.071429
27	48	0.083333
27	49	0.071429
27	52	0.071429
27	60	0.071429
27	62	0.100000
27	68	0.100000
27	74	0.125000
27	78	0.076923
27	87	0.100000
27	92	0.090909
27	108	0.090909
27	118	0.142857
27	133	0.125000
27	140	0.142857
27	150	0.142857
27	159	0.142857
28	0	0.018868
28	1	0.023810
28	8	0.019231
28	9	0.023810
28	11	0.025000
28	16	0.026316
28	18	0.047619
28	34	0.066667
28	44	0.062500
28	87	0.100000
28	96	0.083333
28	100	0.111111
28	122	0.125000
28	130	0.111111
28	139	0.142857
28	141	0.125000
28	145	0.142857
28	151	0.142857
28	158	0.142857
29	7	0.052632
29	8	0.019231
29	9	0.023810
29	12	0.027778
29	14	0.028571
29	22	0.033333
29	26	0.040000
29	31	0.062500
29	38	0.076923
29	65	0.062500
29	80	0.125000
29	82	0.071429
29	92	0.090909
29	104	0.111111
29	141	0.125000
29	144	0.142857
29	147	0.100000
29	151	0.142857
29	170	0.142857
30	6	0.035714
30	8	0.019231
30	9	0.023810
30	11	0.025000
30	16	0.026316
30	21	0.035714
30	25	0.032258
30	39	0.050000
30	43	0.035714
30	46	0.125000
30	56	0.076923
30	60	0.071429
30	63	0.100000
30	66	0.100000
30	84	0.100000
30	103	0.125000
30	151	0.142857
30	164	0.142857
30	168	0.142857
30	175	0.142857
31	0	0.018868
31	1	0.023810
31	5	0.029412
31	8	0.019231
31	12	0.027778
31	16	0.026316
31	29	0.052632
31	37	0.076923
31	47	0.071429
31	49	0.071429
31	67	0.090909
31	71	0.083333
31	84	0.100000
31	89	0.100000
31	126	0.125000
31	146	0.142857
32	3	0.032258
32	5	0.029412
32	8	0.019231
32	16	0.026316
32	17	0.045455
32	22	0.033333
32	23	0.041667
32	33	0.037037
32	55	0.125000
32	56	0.076923
32	67	0.090909
32	72	0.100000
32	73	0.066667
32	85	0.100000
32	95	0.125000
32	114	0.083333
32	138	0.142857
32	148	0.142857
32	160	0.142857
32	164	0.142857
33	0	0.018868
33	9	0.023810
33	15	0.029412
33	21	0.035714
33	23	0.041667
33	26	0.040000
33	32	0.050000
33	36	0.090909
33	39	0.050000
33	41	0.062500
33	44	0.062500
33	45	0.052632
33	52	0.071429
33	54	0.111111
33	55	0.125000
33	61	0.076923
33	69	0.090909
33	74	0.125000
33	86	0.100000
33	102	0.142857
33	109	0.111111
33	117	0.142857
33	132	0.142857
33	134	0.142857
33	140	0.142857
33	152	0.111111
33	174	0.142857
34	0	0.018868
34	1	0.023810
34	11	0.025000
34	15	0.029412
34	19	0.052632
34	26	0.040000
34	28	0.052632
34	42	0.062500
34	48	0.083333
34	72	0.100000
34	90	0.111111
34	135	0.125000
34	152	0.111111
34	163	0.142857
34	174	0.142857
35	2	0.047619
35	6	0.035714
35	8	0.019231
35	10	0.045455
35	16	0.026316
35	24	0.035714
35	27	0.037037
35	38	0.076923
35	52	0.071429
35	54	0.111111
35	66	0.100000
35	68	0.100000
35	77	0.083333
35	90	0.111111
35	97	0.100000
35	113	0.100000
35	170	0.142857
36	4	0.250000
36	5	0.029412
36	9	0.023810
36	21	0.035714
36	23	0.041667
36	26	0.040000
36	33	0.037037
36	46	0.125000
36	67	0.090909
36	84	0.100000
36	127	0.125000
37	8	0.019231
37	14	0.028571
37	15	0.029412
37	17	0.045455
37	22	0.033333
37	23	0.041667
37	31	0.062500
37	58	0.090909
37	78	0.076923
37	86	0.100000
37	110	0.090909
37	124	0.142857
37	160	0.142857
38	2	0.047619
38	5	0.029412
38	9	0.023810
38	11	0.025000
38	22	0.033333
38	29	0.052632
38	35	0.058824
38	40	0.071429
38	49	0.071429
38	65	0.062500
38	77	0.083333
38	78	0.076923
38	114	0.083333
39	12	0.027778
39	22	0.033333
39	23	0.041667
39	25	0.032258
39	27	0.037037
39	30	0.050000
39	33	0.037037
39	48	0.083333
39	50	0.100000
39	68	0.100000
39	75	0.100000
39	77	0.083333
39	80	0.125000
39	110	0.090909
39	111	0.111111
39	128	0.142857
39	137	0.142857
39	141	0.125000
39	149	0.142857
39	171	0.142857
40	3	0.032258
40	6	0.035714
40	11	0.025000
40	12	0.027778
40	15	0.029412
40	27	0.037037
40	38	0.076923
40	44	0.062500
40	70	0.062500
40	94	0.090909
40	120	0.100000
40	137	0.142857
40	146	0.142857
40	168	0.142857
41	0	0.018868
41	1	0.023810
41	3	0.032258
41	5	0.029412
41	11	0.025000
41	22	0.033333
41	33	0.037037
41	42	0.062500
41	46	0.125000
41	54	0.111111
41	65	0.062500
41	76	0.076923
41	83	0.100000
41	96	0.083333
41	112	0.090909
41	175	0.142857
42	0	0.018868
42	2	0.047619
42	6	0.035714
42	7	0.052632
42	25	0.032258
42	34	0.066667
42	41	0.062500
42	63	0.100000
42	66	0.100000
42	79	0.076923
42	105	0.125000
42	115	0.125000
42	121	0.125000
42	124	0.142857
42	172	0.142857
42	175	0.142857
43	3	0.032258
43	8	0.019231
43	9	0.023810
43	12	0.027778
43	17	0.045455
43	23	0.041667
43	30	0.050000
43	45	0.052632
43	47	0.071429
43	53	0.071429
43	54	0.111111
43	55	0.125000
43	61	0.076923
43	69	0.090909
43	72	0.100000
43	73	0.066667
43	76	0.076923
43	100	0.111111
43	124	0.142857
43	132	0.142857
43	133	0.125000
43	135	0.125000
43	136	0.142857
43	141	0.125000
43	150	0.142857
43	156	0.142857
43	157	0.142857
43	164	0.142857
44	0	0.018868
44	1	0.023810
44	11	0.025000
44	21	0.035714
44	28	0.052632
44	33	0.037037
44	40	0.071429
44	76	0.076923
44	85	0.100000
44	109	0.111111
44	137	0.142857
44	150	0.142857
44	157	0.142857
44	160	0.142857
44	169	0.142857
44	177	0.142857
45	0	0.018868
45	8	0.019231
45	16	0.026316
45	17	0.045455
45	24	0.035714
45	33	0.037037
45	43	0.035714
45	48	0.083333
45	57	0.066667
45	72	0.100000
45	77	0.083333
45	83	0.100000
45	128	0.142857
45	140	0.142857
45	142	0.125000
45	145	0.142857
45	148	0.142857
45	156	0.142857
45	177	0.142857
46	9	0.023810
46	20	0.047619
46	24	0.035714
46	26	0.040000
46	30	0.050000
46	36	0.090909
46	41	0.062500
46	57	0.066667
47	1	0.023810
47	3	0.032258
47	9	0.023810
47	26	0.040000
47	27	0.037037
47	31	0.062500
47	43	0.035714
47	63	0.100000
47	66	0.100000
47	117	0.142857
47	123	0.142857
47	143	0.142857
47	149	0.142857
47	166	0.142857
48	2	0.047619
48	9	0.023810
48	22	0.033333
48	27	0.037037
48	34	0.066667
48	39	0.050000
48	45	0.052632
48	53	0.071429
48	73	0.066667
48	90	0.111111
48	117	0.142857
48	165	0.125000
49	1	0.023810
49	5	0.029412
49	11	0.025000
49	12	0.027778
49	27	0.037037
49	31	0.062500
49	38	0.076923
49	50	0.100000
49	55	0.125000
49	71	0.083333
49	81	0.071429
49	84	0.100000
49	131	0.111111
49	150	0.142857
50	3	0.032258
50	8	0.019231
50	13	0.047619
50	21	0.035714
50	22	0.033333
50	39	0.050000
50	49	0.071429
50	51	0.055556
50	70	0.062500
50	120	0.100000
51	0	0.018868
51	10	0.045455
51	11	0.025000
51	15	0.029412
51	21	0.035714
51	26	0.040000
51	50	0.100000
51	59	0.100000
51	61	0.076923
51	93	0.125000
51	117	0.142857
51	127	0.125000
51	131	0.111111
51	159	0.142857
51	170	0.142857
51	171	0.142857
51	172	0.142857
51	173	0.142857
52	0	0.018868
52	2	0.047619
52	13	0.047619
52	19	0.052632
52	27	0.037037
52	33	0.037037
52	35	0.058824
52	60	0.071429
52	65	0.062500
52	87	0.100000
52	94	0.090909
52	111	0.111111
52	136	0.142857
52	170	0.142857
53	8	0.019231
53	11	0.025000
53	12	0.027778
53	15	0.029412
53	16	0.026316
53	43	0.035714
53	48	0.083333
53	54	0.111111
53	68	0.100000
53	69	0.090909
53	79	0.076923
53	99	0.125000
53	170	0.142857
53	171	0.142857
54	13	0.047619
54	25	0.032258
54	33	0.037037
54	35	0.058824
54	41	0.062500
54	43	0.035714
54	53	0.071429
54	92	0.090909
54	96	0.083333
55	11	0.025000
55	24	0.035714
55	25	0.032258
55	32	0.050000
55	33	0.037037
55	43	0.035714
55	49	0.071429
55	108	0.090909
56	2	0.047619
56	5	0.029412
56	11	0.025000
56	15	0.029412
56	22	0.033333
56	30	0.050000
56	32	0.050000
56	88	0.062500
56	95	0.125000
56	99	0.125000
56	106	0.083333
56	154	0.142857
56	164	0.142857
57	2	0.047619
57	3	0.032258
57	8	0.019231
57	10	0.045455
57	12	0.027778
57	45	0.052632
57	46	0.125000
57	58	0.090909
57	85	0.100000
57	109	0.111111
57	128	0.142857
57	141	0.125000
57	147	0.100000
57	166	0.142857
57	176	0.142857
58	0	0.018868
58	6	0.035714
58	8	0.019231
58	11	0.025000
58	20	0.047619
58	37	0.076923
58	57	0.066667
58	87	0.100000
58	132	0.142857
58	156	0.142857
58	171	0.142857
59	3	0.032258
59	5	0.029412
59	10	0.045455
59	14	0.028571
59	20	0.047619
59	25	0.032258
59	51	0.055556
59	60	0.071429
59	64	0.071429
59	166	0.142857
60	1	0.023810
60	23	0.041667
60	26	0.040000
60	27	0.037037
60	30	0.050000
60	52	0.071429
60	59	0.100000
60	71	0.083333
60	97	0.100000
60	98	0.083333
60	150	0.142857
60	154	0.142857
60	165	0.125000
60	177	0.142857
61	5	0.029412
61	9	0.023810
61	22	0.033333
61	25	0.032258
61	33	0.037037
61	43	0.035714
61	51	0.055556
61	122	0.125000
61	125	0.083333
61	133	0.125000
61	153	0.142857
61	164	0.142857
61	176	0.142857
62	9	0.023810
62	12	0.027778
62	16	0.026316
62	20	0.047619
62	23	0.041667
62	24	0.035714
62	27	0.037037
62	104	0.111111
62	172	0.142857
62	173	0.142857
63	1	0.023810
63	14	0.028571
63	15	0.029412
63	24	0.035714
63	30	0.050000
63	42	0.062500
63	47	0.071429
63	100	0.111111
63	131	0.111111
63	172	0.142857
64	0	0.018868
64	1	0.023810
64	3	0.032258
64	12	0.027778
64	21	0.035714
64	23	0.041667
64	59	0.100000
64	67	0.090909
64	68	0.100000
64	71	0.083333
64	91	0.083333
64	93	0.125000
64	153	0.142857
64	165	0.125000
65	0	0.018868
65	1	0.023810
65	19	0.052632
65	29	0.052632
65	38	0.076923
65	41	0.062500
65	52	0.071429
65	73	0.066667
65	75	0.100000
65	88	0.062500
65	99	0.125000
65	102	0.142857
65	121	0.125000
65	125	0.083333
65	162	0.142857
65	172	0.142857
66	3	0.032258
66	14	0.028571
66	21	0.035714
66	30	0.050000
66	35	0.058824
66	42	0.062500
66	47	0.071429
66	88	0.062500
66	112	0.090909
66	127	0.125000
67	3	0.032258
67	13	0.047619
67	17	0.045455
67	31	0.062500
67	32	0.050000
67	36	0.090909
67	64	0.071429
67	78	0.076923
67	85	0.100000
67	97	0.100000
67	135	0.125000
68	14	0.028571
68	19	0.052632
68	27	0.037037
68	35	0.058824
68	39	0.050000
68	53	0.071429
68	64	0.071429
68	78	0.076923
68	138	0.142857
68	169	0.142857
69	6	0.035714
69	14	0.028571
69	16	0.026316
69	26	0.040000
69	33	0.037037
69	43	0.035714
69	53	0.071429
69	79	0.076923
69	97	0.100000
69	136	0.142857
69	148	0.142857
70	0	0.018868
70	1	0.023810
70	2	0.047619
70	9	0.023810
70	12	0.027778
70	40	0.071429
70	50	0.100000
70	81	0.071429
70	91	0.083333
70	96	0.083333
70	103	0.125000
70	108	0.090909
70	124	0.142857
70	134	0.142857
70	145	0.142857
70	169	0.142857
71	7	0.052632
71	12	0.027778
71	17	0.045455
71	31	0.062500
71	49	0.071429
71	60	0.071429
71	64	0.071429
71	97	0.100000
71	107	0.111111
71	116	0.142857
71	146	0.142857
71	176	0.142857
72	7	0.052632
72	12	0.027778
72	23	0.041667
72	32	0.050000
72	34	0.066667
72	43	0.035714
72	45	0.052632
72	79	0.076923
72	129	0.076923
72	167	0.142857
73	0	0.018868
73	14	0.028571
73	24	0.035714
73	32	0.050000
73	43	0.035714
73	48	0.083333
73	65	0.062500
73	84	0.100000
73	85	0.100000
73	87	0.100000
73	90	0.111111
73	98	0.083333
73	111	0.111111
73	115	0.125000
73	146	0.142857
74	8	0.019231
74	9	0.023810
74	20	0.047619
74	22	0.033333
74	25	0.032258
74	27	0.037037
74	33	0.037037
74	174	0.142857
75	14	0.028571
75	17	0.045455
75	20	0.047619
75	21	0.035714
75	26	0.040000
75	39	0.050000
75	65	0.062500
75	84	0.100000
75	105	0.125000
75	112	0.090909
76	8	0.019231
76	14	0.028571
76	17	0.045455
76	22	0.033333
76	41	0.062500
76	43	0.035714
76	44	0.062500
76	77	0.083333
76	90	0.111111
76	95	0.125000
76	119	0.100000
76	144	0.142857
76	161	0.142857
77	13	0.047619
77	14	0.028571
77	35	0.058824
77	38	0.076923
77	39	0.050000
77	45	0.052632
77	76	0.076923
77	91	0.083333
77	94	0.090909
77	116	0.142857
77	128	0.142857
77	154	0.142857
78	11	0.025000
78	25	0.032258
78	27	0.037037
78	37	0.076923
78	38	0.076923
78	67	0.090909
78	68	0.100000
78	89	0.100000
78	108	0.090909
78	109	0.111111
78	119	0.100000
78	139	0.142857
78	149	0.142857
79	0	0.018868
79	16	0.026316
79	21	0.035714
79	42	0.062500
79	53	0.071429
79	69	0.090909
79	72	0.100000
79	103	0.125000
79	115	0.125000
79	119	0.100000
79	124	0.142857
79	167	0.142857
79	168	0.142857
80	1	0.023810
80	3	0.032258
80	12	0.027778
80	15	0.029412
80	24	0.035714
80	29	0.052632
80	39	0.050000
80	156	0.142857
81	6	0.035714
81	22	0.033333
81	23	0.041667
81	24	0.035714
81	25	0.032258
81	49	0.071429
81	70	0.062500
81	113	0.100000
81	118	0.142857
81	124	0.142857
81	129	0.076923
81	136	0.142857
81	157	0.142857
81	163	0.142857
82	3	0.032258
82	5	0.029412
82	7	0.052632
82	10	0.045455
82	24	0.035714
82	26	0.040000
82	29	0.052632
82	83	0.100000
82	93	0.125000
82	108	0.090909
82	122	0.125000
82	125	0.083333
82	130	0.111111
82	154	0.142857
83	1	0.023810
83	19	0.052632
83	25	0.032258
83	26	0.040000
83	41	0.062500
83	45	0.052632
83	82	0.071429
83	99	0.125000
83	125	0.083333
83	135	0.125000
84	26	0.040000
84	30	0.050000
84	31	0.062500
84	36	0.090909
84	49	0.071429
84	73	0.066667
84	75	0.100000
84	106	0.083333
84	140	0.142857
84	155	0.125000
85	0	0.018868
85	21	0.035714
85	32	0.050000
85	44	0.062500
85	57	0.066667
85	67	0.090909
85	73	0.066667
85	88	0.062500
85	142	0.125000
85	173	0.142857
86	11	0.025000
86	13	0.047619
86	17	0.045455
86	18	0.047619
86	21	0.035714
86	33	0.037037
86	37	0.076923
86	95	0.125000
86	102	0.142857
86	105	0.125000
87	15	0.029412
87	20	0.047619
87	27	0.037037
87	28	0.052632
87	52	0.071429
87	58	0.090909
87	73	0.066667
87	130	0.111111
87	152	0.111111
87	158	0.142857
88	6	0.035714
88	8	0.019231
88	24	0.035714
88	56	0.076923
88	65	0.062500
88	66	0.100000
88	85	0.100000
88	92	0.090909
88	101	0.100000
88	109	0.111111
88	125	0.083333
88	141	0.125000
88	145	0.142857
88	147	0.100000
88	155	0.125000
88	166	0.142857
89	1	0.023810
89	6	0.035714
89	8	0.019231
89	10	0.045455
89	21	0.035714
89	31	0.062500
89	78	0.076923
89	96	0.083333
89	138	0.142857
89	145	0.142857
90	9	0.023810
90	22	0.033333
90	34	0.066667
90	35	0.058824
90	48	0.083333
90	73	0.066667
90	76	0.076923
90	115	0.125000
90	142	0.125000
91	0	0.018868
91	14	0.028571
91	18	0.047619
91	20	0.047619
91	64	0.071429
91	70	0.062500
91	77	0.083333
91	106	0.083333
91	116	0.142857
91	123	0.142857
91	143	0.142857
91	160	0.142857
92	3	0.032258
92	15	0.029412
92	21	0.035714
92	27	0.037037
92	29	0.052632
92	54	0.111111
92	88	0.062500
92	95	0.125000
92	129	0.076923
92	158	0.142857
92	169	0.142857
93	6	0.035714
93	14	0.028571
93	20	0.047619
93	21	0.035714
93	51	0.055556
93	64	0.071429
93	82	0.071429
93	138	0.142857
94	8	0.019231
94	12	0.027778
94	18	0.047619
94	24	0.035714
94	40	0.071429
94	52	0.071429
94	77	0.083333
94	118	0.142857
94	159	0.142857
94	161	0.142857
94	170	0.142857
95	0	0.018868
95	24	0.035714
95	32	0.050000
95	56	0.076923
95	76	0.076923
95	86	0.100000
95	92	0.090909
95	104	0.111111
96	14	0.028571
96	24	0.035714
96	28	0.052632
96	41	0.062500
96	54	0.111111
96	70	0.062500
96	89	0.100000
96	100	0.111111
96	103	0.125000
96	118	0.142857
96	168	0.142857
96	175	0.142857
97	8	0.019231
97	10	0.045455
97	35	0.058824
97	60	0.071429
97	67	0.090909
97	69	0.090909
97	71	0.083333
97	123	0.142857
97	128	0.142857
97	137	0.142857
98	0	0.018868
98	5	0.029412
98	8	0.019231
98	16	0.026316
98	17	0.045455
98	60	0.071429
98	73	0.066667
98	101	0.100000
98	102	0.142857
98	139	0.142857
98	143	0.142857
98	151	0.142857
99	2	0.047619
99	15	0.029412
99	16	0.026316
99	53	0.071429
99	56	0.076923
99	65	0.062500
99	83	0.100000
99	121	0.125000
100	11	0.025000
100	12	0.027778
100	21	0.035714
100	28	0.052632
100	43	0.035714
100	63	0.100000
100	96	0.083333
100	118	0.142857
100	129	0.076923
101	0	0.018868
101	5	0.029412
101	7	0.052632
101	16	0.026316
101	24	0.035714
101	88	0.062500
101	98	0.083333
101	106	0.083333
101	134	0.142857
101	165	0.125000
102	14	0.028571
102	18	0.047619
102	19	0.052632
102	33	0.037037
102	65	0.062500
102	86	0.100000
102	98	0.083333
103	0	0.018868
103	4	0.250000
103	25	0.032258
103	30	0.050000
103	70	0.062500
103	79	0.076923
103	96	0.083333
103	158	0.142857
104	0	0.018868
104	1	0.023810
104	9	0.023810
104	16	0.026316
104	29	0.052632
104	62	0.100000
104	95	0.125000
104	114	0.083333
104	161	0.142857
105	9	0.023810
105	13	0.047619
105	16	0.026316
105	25	0.032258
105	42	0.062500
105	75	0.100000
105	86	0.100000
105	107	0.111111
106	11	0.025000
106	19	0.052632
106	20	0.047619
106	56	0.076923
106	84	0.100000
106	91	0.083333
106	101	0.100000
106	130	0.111111
106	147	0.100000
106	155	0.125000
106	157	0.142857
106	162	0.142857
107	1	0.023810
107	14	0.028571
107	15	0.029412
107	16	0.026316
107	18	0.047619
107	71	0.083333
107	105	0.125000
107	110	0.090909
107	122	0.125000
108	3	0.032258
108	16	0.026316
108	27	0.037037
108	55	0.125000
108	70	0.062500
108	78	0.076923
108	82	0.071429
108	111	0.111111
108	117	0.142857
108	132	0.142857
108	162	0.142857
109	16	0.026316
109	18	0.047619
109	33	0.037037
109	44	0.062500
109	57	0.066667
109	78	0.076923
109	88	0.062500
109	155	0.125000
109	162	0.142857
110	11	0.025000
110	18	0.047619
110	22	0.033333
110	23	0.041667
110	37	0.076923
110	39	0.050000
110	107	0.111111
110	132	0.142857
110	144	0.142857
110	147	0.100000
110	169	0.142857
111	15	0.029412
111	16	0.026316
111	19	0.052632
111	39	0.050000
111	52	0.071429
111	73	0.066667
111	108	0.090909
111	143	0.142857
111	144	0.142857
112	0	0.018868
112	3	0.032258
112	5	0.029412
112	25	0.032258
112	41	0.062500
112	66	0.100000
112	75	0.100000
112	154	0.142857
112	159	0.142857
112	161	0.142857
112	170	0.142857
113	3	0.032258
113	5	0.029412
113	9	0.023810
113	18	0.047619
113	23	0.041667
113	35	0.058824
113	81	0.071429
113	125	0.083333
113	152	0.111111
113	176	0.142857
114	1	0.023810
114	17	0.045455
114	18	0.047619
114	26	0.040000
114	32	0.050000
114	38	0.076923
114	104	0.111111
114	121	0.125000
114	127	0.125000
114	161	0.142857
114	167	0.142857
114	172	0.142857
115	11	0.025000
115	14	0.028571
115	24	0.035714
115	42	0.062500
115	73	0.066667
115	79	0.076923
115	90	0.111111
115	134	0.142857
116	2	0.047619
116	15	0.029412
116	22	0.033333
116	24	0.035714
116	71	0.083333
116	77	0.083333
116	91	0.083333
117	4	0.250000
117	6	0.035714
117	33	0.037037
117	47	0.071429
117	48	0.083333
117	51	0.055556
117	108	0.090909
118	17	0.045455
118	25	0.032258
118	27	0.037037
118	81	0.071429
118	94	0.090909
118	96	0.083333
118	100	0.111111
119	2	0.047619
119	5	0.029412
119	25	0.032258
119	26	0.040000
119	76	0.076923
119	78	0.076923
119	79	0.076923
119	120	0.100000
119	153	0.142857
119	171	0.142857
120	6	0.035714
120	7	0.052632
120	11	0.025000
120	14	0.028571
120	40	0.071429
120	50	0.100000
120	119	0.100000
120	127	0.125000
120	148	0.142857
120	167	0.142857
121	2	0.047619
121	11	0.025000
121	16	0.026316
121	42	0.062500
121	65	0.062500
121	99	0.125000
121	114	0.083333
121	144	0.142857
122	11	0.025000
122	13	0.047619
122	16	0.026316
122	28	0.052632
122	61	0.076923
122	82	0.071429
122	107	0.111111
122	138	0.142857
123	0	0.018868
123	3	0.032258
123	8	0.019231
123	25	0.032258
123	47	0.071429
123	91	0.083333
123	97	0.100000
124	20	0.047619
124	37	0.076923
124	42	0.062500
124	43	0.035714
124	70	0.062500
124	79	0.076923
124	81	0.071429
125	12	0.027778
125	61	0.076923
125	65	0.062500
125	82	0.071429
125	83	0.100000
125	88	0.062500
125	113	0.100000
125	128	0.142857
125	129	0.076923
125	139	0.142857
125	165	0.125000
125	173	0.142857
126	1	0.023810
126	3	0.032258
126	5	0.029412
126	8	0.019231
126	18	0.047619
126	22	0.033333
126	31	0.062500
126	173	0.142857
127	17	0.045455
127	24	0.035714
127	36	0.090909
127	51	0.055556
127	66	0.100000
127	114	0.083333
127	120	0.100000
127	158	0.142857
128	12	0.027778
128	39	0.050000
128	45	0.052632
128	57	0.066667
128	77	0.083333
128	97	0.100000
128	125	0.083333
129	13	0.047619
129	25	0.032258
129	72	0.100000
129	81	0.071429
129	92	0.090909
129	100	0.111111
129	125	0.083333
129	137	0.142857
129	151	0.142857
129	159	0.142857
129	162	0.142857
129	167	0.142857
129	175	0.142857
130	1	0.023810
130	6	0.035714
130	17	0.045455
130	28	0.052632
130	82	0.071429
130	87	0.100000
130	106	0.083333
130	147	0.100000
130	165	0.125000
131	0	0.018868
131	12	0.027778
131	13	0.047619
131	25	0.032258
131	49	0.071429
131	51	0.055556
131	63	0.100000
131	133	0.125000
131	156	0.142857
132	7	0.052632
132	22	0.033333
132	33	0.037037
132	43	0.035714
132	58	0.090909
132	108	0.090909
132	110	0.090909
133	11	0.025000
133	16	0.026316
133	19	0.052632
133	27	0.037037
133	43	0.035714
133	61	0.076923
133	131	0.111111
133	177	0.142857
134	1	0.023810
134	24	0.035714
134	25	0.032258
134	33	0.037037
134	70	0.062500
134	101	0.100000
134	115	0.125000
135	6	0.035714
135	11	0.025000
135	26	0.040000
135	34	0.066667
135	43	0.035714
135	67	0.090909
135	83	0.100000
135	146	0.142857
136	10	0.045455
136	14	0.028571
136	23	0.041667
136	43	0.035714
136	52	0.071429
136	69	0.090909
136	81	0.071429
137	8	0.019231
137	22	0.033333
137	39	0.050000
137	40	0.071429
137	44	0.062500
137	97	0.100000
137	129	0.076923
138	8	0.019231
138	25	0.032258
138	32	0.050000
138	68	0.100000
138	89	0.100000
138	93	0.125000
138	122	0.125000
139	5	0.029412
139	9	0.023810
139	11	0.025000
139	28	0.052632
139	78	0.076923
139	98	0.083333
139	125	0.083333
140	5	0.029412
140	21	0.035714
140	23	0.041667
140	27	0.037037
140	33	0.037037
140	45	0.052632
140	84	0.100000
141	10	0.045455
141	28	0.052632
141	29	0.052632
141	39	0.050000
141	43	0.035714
141	57	0.066667
141	88	0.062500
141	168	0.142857
142	12	0.027778
142	15	0.029412
142	16	0.026316
142	21	0.035714
142	45	0.052632
142	85	0.100000
142	90	0.111111
142	166	0.142857
143	6	0.035714
143	9	0.023810
143	11	0.025000
143	47	0.071429
143	91	0.083333
143	98	0.083333
143	111	0.111111
144	0	0.018868
144	9	0.023810
144	29	0.052632
144	76	0.076923
144	110	0.090909
144	111	0.111111
144	121	0.125000
145	11	0.025000
145	24	0.035714
145	28	0.052632
145	45	0.052632
145	70	0.062500
145	88	0.062500
145	89	0.100000
146	2	0.047619
146	16	0.026316
146	31	0.062500
146	40	0.071429
146	71	0.083333
146	73	0.066667
146	135	0.125000
147	1	0.023810
147	29	0.052632
147	57	0.066667
147	88	0.062500
147	106	0.083333
147	110	0.090909
147	130	0.111111
147	148	0.142857
147	154	0.142857
147	162	0.142857
148	2	0.047619
148	23	0.041667
148	32	0.050000
148	45	0.052632
148	69	0.090909
148	120	0.100000
148	147	0.100000
149	1	0.023810
149	5	0.029412
149	8	0.019231
149	14	0.028571
149	39	0.050000
149	47	0.071429
149	78	0.076923
150	0	0.018868
150	3	0.032258
150	27	0.037037
150	43	0.035714
150	44	0.062500
150	49	0.071429
150	60	0.071429
151	15	0.029412
151	24	0.035714
151	28	0.052632
151	29	0.052632
151	30	0.050000
151	98	0.083333
151	129	0.076923
152	6	0.035714
152	16	0.026316
152	19	0.052632
152	33	0.037037
152	34	0.066667
152	87	0.100000
152	113	0.100000
152	166	0.142857
152	174	0.142857
153	5	0.029412
153	10	0.045455
153	11	0.025000
153	14	0.028571
153	61	0.076923
153	64	0.071429
153	119	0.100000
154	3	0.032258
154	56	0.076923
154	60	0.071429
154	77	0.083333
154	82	0.071429
154	112	0.090909
154	147	0.100000
155	13	0.047619
155	19	0.052632
155	20	0.047619
155	84	0.100000
155	88	0.062500
155	106	0.083333
155	109	0.111111
155	175	0.142857
156	6	0.035714
156	25	0.032258
156	43	0.035714
156	45	0.052632
156	58	0.090909
156	80	0.125000
156	131	0.111111
157	6	0.035714
157	7	0.052632
157	26	0.040000
157	43	0.035714
157	44	0.062500
157	81	0.071429
157	106	0.083333
158	5	0.029412
158	14	0.028571
158	28	0.052632
158	87	0.100000
158	92	0.090909
158	103	0.125000
158	127	0.125000
159	14	0.028571
159	23	0.041667
159	27	0.037037
159	51	0.055556
159	94	0.090909
159	112	0.090909
159	129	0.076923
160	0	0.018868
160	5	0.029412
160	22	0.033333
160	32	0.050000
160	37	0.076923
160	44	0.062500
160	91	0.083333
161	8	0.019231
161	25	0.032258
161	76	0.076923
161	94	0.090909
161	104	0.111111
161	112	0.090909
161	114	0.083333
162	26	0.040000
162	65	0.062500
162	106	0.083333
162	108	0.090909
162	109	0.111111
162	129	0.076923
162	147	0.100000
163	1	0.023810
163	8	0.019231
163	10	0.045455
163	14	0.028571
163	21	0.035714
163	34	0.066667
163	81	0.071429
164	8	0.019231
164	25	0.032258
164	30	0.050000
164	32	0.050000
164	43	0.035714
164	56	0.076923
164	61	0.076923
165	14	0.028571
165	48	0.083333
165	60	0.071429
165	64	0.071429
165	101	0.100000
165	125	0.083333
165	130	0.111111
165	176	0.142857
166	8	0.019231
166	47	0.071429
166	57	0.066667
166	59	0.100000
166	88	0.062500
166	142	0.125000
166	152	0.111111
167	3	0.032258
167	10	0.045455
167	72	0.100000
167	79	0.076923
167	114	0.083333
167	120	0.100000
167	129	0.076923
168	0	0.018868
168	11	0.025000
168	30	0.050000
168	40	0.071429
168	79	0.076923
168	96	0.083333
168	141	0.125000
169	1	0.023810
169	9	0.023810
169	44	0.062500
169	68	0.100000
169	70	0.062500
169	92	0.090909
169	110	0.090909
170	29	0.052632
170	35	0.058824
170	51	0.055556
170	52	0.071429
170	53	0.071429
170	94	0.090909
170	112	0.090909
171	0	0.018868
171	1	0.023810
171	39	0.050000
171	51	0.055556
171	53	0.071429
171	58	0.090909
171	119	0.100000
172	1	0.023810
172	42	0.062500
172	51	0.055556
172	62	0.100000
172	63	0.100000
172	65	0.062500
172	114	0.083333
173	0	0.018868
173	22	0.033333
173	51	0.055556
173	62	0.100000
173	85	0.100000
173	125	0.083333
173	126	0.125000
174	1	0.023810
174	5	0.029412
174	6	0.035714
174	33	0.037037
174	34	0.066667
174	74	0.125000
174	152	0.111111
175	8	0.019231
175	30	0.050000
175	41	0.062500
175	42	0.062500
175	96	0.083333
175	129	0.076923
175	155	0.125000
176	16	0.026316
176	18	0.047619
176	57	0.066667
176	61	0.076923
176	71	0.083333
176	113	0.100000
176	165	0.125000
177	0	0.018868
177	5	0.029412
177	15	0.029412
177	44	0.062500
177	45	0.052632
177	60	0.071429
177	133	0.125000
