181	2424
0	7	0.014085
0	8	0.017241
0	30	0.071429
0	58	0.125000
0	129	0.111111
0	141	0.125000
0	143	0.111111
1	7	0.014085
1	9	0.020408
1	10	0.022222
1	16	0.041667
1	17	0.035714
1	20	0.027778
1	22	0.047619
1	28	0.062500
1	43	0.062500
1	47	0.100000
1	52	0.083333
1	65	0.071429
1	88	0.111111
1	90	0.090909
1	95	0.125000
1	97	0.125000
1	102	0.111111
1	107	0.111111
1	110	0.083333
1	128	0.142857
1	130	0.090909
1	131	0.125000
1	180	0.142857
2	7	0.014085
2	8	0.017241
2	9	0.020408
2	10	0.022222
2	11	0.019608
2	12	0.040000
2	13	0.041667
2	14	0.058824
2	15	0.021277
2	18	0.043478
2	19	0.029412
2	25	0.062500
2	28	0.062500
2	30	0.071429
2	31	0.066667
2	38	0.050000
2	41	0.032258
2	46	0.043478
2	47	0.100000
2	55	0.125000
2	56	0.090909
2	60	0.111111
2	61	0.125000
2	66	0.100000
2	70	0.050000
2	76	0.100000
2	80	0.090909
2	81	0.090909
2	86	0.100000
2	87	0.090909
2	88	0.111111
2	90	0.090909
2	91	0.125000
2	97	0.125000
2	99	0.090909
2	107	0.111111
2	113	0.125000
2	123	0.111111
2	124	0.125000
2	136	0.100000
2	138	0.142857
2	146	0.125000
2	150	0.142857
2	159	0.142857
2	161	0.125000
2	164	0.142857
2	166	0.125000
2	169	0.142857
2	172	0.142857
2	176	0.142857
3	7	0.014085
3	8	0.017241
3	13	0.041667
3	36	0.071429
3	48	0.062500
3	51	0.062500
3	90	0.090909
3	102	0.111111
3	103	0.090909
3	105	0.090909
3	143	0.111111
3	157	0.142857
4	7	0.014085
4	8	0.017241
4	9	0.020408
4	11	0.019608
4	12	0.040000
4	14	0.058824
4	15	0.021277
4	16	0.041667
4	17	0.035714
4	21	0.055556
4	24	0.055556
4	27	0.090909
4	35	0.027027
4	37	0.050000
4	38	0.050000
4	40	0.058824
4	42	0.066667
4	44	0.083333
4	47	0.100000
4	52	0.083333
4	54	0.076923
4	62	0.111111
4	70	0.050000
4	83	0.083333
4	86	0.100000
4	88	0.111111
4	95	0.125000
4	107	0.111111
4	118	0.090909
4	119	0.125000
4	131	0.125000
4	133	0.125000
4	134	0.111111
4	147	0.142857
4	149	0.142857
5	7	0.014085
5	8	0.017241
5	9	0.020408
5	10	0.022222
5	11	0.019608
5	16	0.041667
5	23	0.083333
5	44	0.083333
5	45	0.062500
5	50	0.052632
5	67	0.100000
5	71	0.125000
5	72	0.125000
5	96	0.090909
5	125	0.142857
6	7	0.014085
6	8	0.017241
6	9	0.020408
6	10	0.022222
6	11	0.019608
6	12	0.040000
6	13	0.041667
6	14	0.058824
6	18	0.043478
6	19	0.029412
6	20	0.027778
6	21	0.055556
6	24	0.055556
6	26	0.083333
6	33	0.043478
6	37	0.050000
6	43	0.062500
6	46	0.043478
6	49	0.125000
6	55	0.125000
6	56	0.090909
6	58	0.125000
6	67	0.100000
6	74	0.111111
6	82	0.090909
6	83	0.083333
6	84	0.125000
6	89	0.083333
6	93	0.142857
6	94	0.100000
6	95	0.125000
6	98	0.090909
6	99	0.090909
6	102	0.111111
6	107	0.111111
6	118	0.090909
6	120	0.100000
6	121	0.142857
6	129	0.111111
6	146	0.125000
6	158	0.142857
6	159	0.142857
6	174	0.166667
7	0	0.142857
7	1	0.043478
7	2	0.020000
7	3	0.083333
7	4	0.028571
7	5	0.066667
7	6	0.023256
7	8	0.017241
7	9	0.020408
7	10	0.022222
7	11	0.019608
7	15	0.021277
7	16	0.041667
7	17	0.035714
7	18	0.043478
7	19	0.029412
7	20	0.027778
7	21	0.055556
7	22	0.047619
7	23	0.083333
7	24	0.055556
7	25	0.062500
7	26	0.083333
7	27	0.090909
7	28	0.062500
7	31	0.066667
7	32	0.052632
7	40	0.058824
7	41	0.032258
7	45	0.062500
7	46	0.043478
7	48	0.062500
7	53	0.071429
7	54	0.076923
7	57	0.071429
7	59	0.125000
7	60	0.111111
7	61	0.125000
7	62	0.111111
7	68	0.052632
7	70	0.050000
7	72	0.125000
7	74	0.111111
7	78	0.083333
7	81	0.090909
7	83	0.083333
7	91	0.125000
7	100	0.066667
7	102	0.111111
7	103	0.090909
7	114	0.090909
7	115	0.125000
7	117	0.111111
7	119	0.125000
7	120	0.100000
7	126	0.090909
7	132	0.125000
7	137	0.125000
7	142	0.142857
7	145	0.125000
7	146	0.125000
7	149	0.142857
7	159	0.142857
7	161	0.125000
7	162	0.142857
7	164	0.142857
7	165	0.142857
7	167	0.125000
7	169	0.142857
7	171	0.142857
7	174	0.166667
8	0	0.142857
8	2	0.020000
8	3	0.083333
8	4	0.028571
8	5	0.066667
8	6	0.023256
8	7	0.014085
8	9	0.020408
8	10	0.022222
8	11	0.019608
8	12	0.040000
8	13	0.041667
8	14	0.058824
8	15	0.021277
8	17	0.035714
8	18	0.043478
8	21	0.055556
8	22	0.047619
8	23	0.083333
8	24	0.055556
8	25	0.062500
8	26	0.083333
8	28	0.062500
8	29	0.090909
8	31	0.066667
8	33	0.043478
8	36	0.071429
8	41	0.032258
8	44	0.083333
8	45	0.062500
8	49	0.125000
8	53	0.071429
8	58	0.125000
8	63	0.111111
8	66	0.100000
8	67	0.100000
8	70	0.050000
8	74	0.111111
8	76	0.100000
8	77	0.111111
8	79	0.076923
8	83	0.083333
8	84	0.125000
8	86	0.100000
8	92	0.090909
8	101	0.090909
8	103	0.090909
8	104	0.125000
8	109	0.100000
8	120	0.100000
8	122	0.125000
8	123	0.111111
8	130	0.090909
8	139	0.111111
8	143	0.111111
8	151	0.142857
8	154	0.142857
8	167	0.125000
9	1	0.043478
9	2	0.020000
9	4	0.028571
9	5	0.066667
9	6	0.023256
9	7	0.014085
9	8	0.017241
9	10	0.022222
9	11	0.019608
9	12	0.040000
9	13	0.041667
9	14	0.058824
9	15	0.021277
9	16	0.041667
9	20	0.027778
9	25	0.062500
9	27	0.090909
9	29	0.090909
9	38	0.050000
9	39	0.083333
9	42	0.066667
9	48	0.062500
9	49	0.125000
9	55	0.125000
9	62	0.111111
9	70	0.050000
9	75	0.100000
9	79	0.076923
9	81	0.090909
9	82	0.090909
9	97	0.125000
9	106	0.100000
9	124	0.125000
9	126	0.090909
9	127	0.142857
9	129	0.111111
9	133	0.125000
9	137	0.125000
9	143	0.111111
9	144	0.100000
9	147	0.142857
9	151	0.142857
9	154	0.142857
9	155	0.142857
9	159	0.142857
9	160	0.142857
9	161	0.125000
9	166	0.125000
9	176	0.142857
10	1	0.043478
10	2	0.020000
10	5	0.066667
10	6	0.023256
10	7	0.014085
10	8	0.017241
10	9	0.020408
10	12	0.040000
10	16	0.041667
10	18	0.043478
10	21	0.055556
10	23	0.083333
10	25	0.062500
10	26	0.083333
10	31	0.066667
10	33	0.043478
10	35	0.027027
10	38	0.050000
10	48	0.062500
10	50	0.052632
10	53	0.071429
10	59	0.125000
10	60	0.111111
10	67	0.100000
10	68	0.052632
10	72	0.125000
10	78	0.083333
10	84	0.125000
10	90	0.090909
10	96	0.090909
10	97	0.125000
10	108	0.100000
10	111	0.090909
10	116	0.111111
10	124	0.125000
10	126	0.090909
10	128	0.142857
10	133	0.125000
10	135	0.142857
10	149	0.142857
10	151	0.142857
10	152	0.142857
10	153	0.142857
10	155	0.142857
10	164	0.142857
11	2	0.020000
11	4	0.028571
11	5	0.066667
11	6	0.023256
11	7	0.014085
11	8	0.017241
11	9	0.020408
11	12	0.040000
11	13	0.041667
11	14	0.058824
11	15	0.021277
11	19	0.029412
11	20	0.027778
11	21	0.055556
11	23	0.083333
11	25	0.062500
11	31	0.066667
11	32	0.052632
11	35	0.027027
11	36	0.071429
11	38	0.050000
11	41	0.032258
11	44	0.083333
11	47	0.100000
11	50	0.052632
11	51	0.062500
11	58	0.125000
11	65	0.071429
11	67	0.100000
11	73	0.090909
11	74	0.111111
11	79	0.076923
11	85	0.062500
11	87	0.090909
11	92	0.090909
11	94	0.100000
11	97	0.125000
11	107	0.111111
11	111	0.090909
11	113	0.125000
11	114	0.090909
11	115	0.125000
11	121	0.142857
11	132	0.125000
11	138	0.142857
11	142	0.142857
11	147	0.142857
11	148	0.142857
11	171	0.142857
11	175	0.142857
11	176	0.142857
12	2	0.020000
12	4	0.028571
12	6	0.023256
12	8	0.017241
12	9	0.020408
12	10	0.022222
12	11	0.019608
12	13	0.041667
12	14	0.058824
12	15	0.021277
12	17	0.035714
12	18	0.043478
12	21	0.055556
12	23	0.083333
12	33	0.043478
12	34	0.090909
12	38	0.050000
12	59	0.125000
12	69	0.066667
12	76	0.100000
12	104	0.125000
12	145	0.125000
12	172	0.142857
12	173	0.142857
12	175	0.142857
13	2	0.020000
13	3	0.083333
13	6	0.023256
13	8	0.017241
13	9	0.020408
13	11	0.019608
13	12	0.040000
13	19	0.029412
13	22	0.047619
13	30	0.071429
13	33	0.043478
13	48	0.062500
13	56	0.090909
13	59	0.125000
13	62	0.111111
13	71	0.125000
13	82	0.090909
13	93	0.142857
13	112	0.083333
13	127	0.142857
13	139	0.111111
13	143	0.111111
13	155	0.142857
13	180	0.142857
14	2	0.020000
14	4	0.028571
14	6	0.023256
14	8	0.017241
14	9	0.020408
14	11	0.019608
14	12	0.040000
14	19	0.029412
14	26	0.083333
14	27	0.090909
14	30	0.071429
14	55	0.125000
14	64	0.111111
14	75	0.100000
14	83	0.083333
14	87	0.090909
14	119	0.125000
15	2	0.020000
15	4	0.028571
15	7	0.014085
15	8	0.017241
15	9	0.020408
15	11	0.019608
15	12	0.040000
15	16	0.041667
15	18	0.043478
15	19	0.029412
15	22	0.047619
15	24	0.055556
15	28	0.062500
15	30	0.071429
15	32	0.052632
15	34	0.090909
15	37	0.050000
15	38	0.050000
15	45	0.062500
15	46	0.043478
15	49	0.125000
15	57	0.071429
15	65	0.071429
15	69	0.066667
15	70	0.050000
15	77	0.111111
15	81	0.090909
15	90	0.090909
15	99	0.090909
15	100	0.066667
15	111	0.090909
15	112	0.083333
15	116	0.111111
15	118	0.090909
15	119	0.125000
15	123	0.111111
15	129	0.111111
15	130	0.090909
15	141	0.125000
15	142	0.142857
15	145	0.125000
15	146	0.125000
15	155	0.142857
15	158	0.142857
15	168	0.142857
15	177	0.142857
15	179	0.142857
16	1	0.043478
16	4	0.028571
16	5	0.066667
16	7	0.014085
16	9	0.020408
16	10	0.022222
16	15	0.021277
16	17	0.035714
16	20	0.027778
16	22	0.047619
16	26	0.083333
16	29	0.090909
16	40	0.058824
16	41	0.032258
16	44	0.083333
16	63	0.111111
16	64	0.111111
16	79	0.076923
16	82	0.090909
16	92	0.090909
16	109	0.100000
16	152	0.142857
16	157	0.142857
16	162	0.142857
17	1	0.043478
17	4	0.028571
17	7	0.014085
17	8	0.017241
17	12	0.040000
17	16	0.041667
17	24	0.055556
17	27	0.090909
17	29	0.090909
17	34	0.090909
17	36	0.071429
17	40	0.058824
17	41	0.032258
17	56	0.090909
17	57	0.071429
17	84	0.125000
17	93	0.142857
17	100	0.066667
17	103	0.090909
17	117	0.111111
17	127	0.142857
17	130	0.090909
17	143	0.111111
17	153	0.142857
17	154	0.142857
17	156	0.142857
17	166	0.125000
17	173	0.142857
18	2	0.020000
18	6	0.023256
18	7	0.014085
18	8	0.017241
18	10	0.022222
18	12	0.040000
18	15	0.021277
18	22	0.047619
18	23	0.083333
18	28	0.062500
18	35	0.027027
18	46	0.043478
18	47	0.100000
18	54	0.076923
18	62	0.111111
18	71	0.125000
18	92	0.090909
18	125	0.142857
18	127	0.142857
18	133	0.125000
18	151	0.142857
18	161	0.125000
18	168	0.142857
19	2	0.020000
19	6	0.023256
19	7	0.014085
19	11	0.019608
19	13	0.041667
19	14	0.058824
19	15	0.021277
19	27	0.090909
19	29	0.090909
19	32	0.052632
19	33	0.043478
19	35	0.027027
19	36	0.071429
19	39	0.083333
19	40	0.058824
19	42	0.066667
19	43	0.062500
19	44	0.083333
19	51	0.062500
19	54	0.076923
19	56	0.090909
19	58	0.125000
19	64	0.111111
19	66	0.100000
19	71	0.125000
19	83	0.083333
19	96	0.090909
19	98	0.090909
19	110	0.083333
19	113	0.125000
19	116	0.111111
19	141	0.125000
19	142	0.142857
19	165	0.142857
20	1	0.043478
20	6	0.023256
20	7	0.014085
20	9	0.020408
20	11	0.019608
20	16	0.041667
20	24	0.055556
20	27	0.090909
20	28	0.062500
20	30	0.071429
20	31	0.066667
20	32	0.052632
20	34	0.090909
20	36	0.071429
20	37	0.050000
20	39	0.083333
20	40	0.058824
20	42	0.066667
20	43	0.062500
20	48	0.062500
20	52	0.083333
20	53	0.071429
20	62	0.111111
20	65	0.071429
20	86	0.100000
20	87	0.090909
20	88	0.111111
20	94	0.100000
20	99	0.090909
20	100	0.066667
20	106	0.100000
20	138	0.142857
20	140	0.125000
20	144	0.100000
20	147	0.142857
20	170	0.142857
21	4	0.028571
21	6	0.023256
21	7	0.014085
21	8	0.017241
21	10	0.022222
21	11	0.019608
21	12	0.040000
21	30	0.071429
21	39	0.083333
21	59	0.125000
21	94	0.100000
21	105	0.090909
21	108	0.100000
21	118	0.090909
21	121	0.142857
21	134	0.111111
21	139	0.111111
21	150	0.142857
22	1	0.043478
22	7	0.014085
22	8	0.017241
22	13	0.041667
22	15	0.021277
22	16	0.041667
22	18	0.043478
22	33	0.043478
22	34	0.090909
22	43	0.062500
22	46	0.043478
22	52	0.083333
22	73	0.090909
22	75	0.100000
22	82	0.090909
22	84	0.125000
22	98	0.090909
22	105	0.090909
22	109	0.100000
22	137	0.125000
22	172	0.142857
23	5	0.066667
23	7	0.014085
23	8	0.017241
23	10	0.022222
23	11	0.019608
23	12	0.040000
23	18	0.043478
23	34	0.090909
23	35	0.027027
23	56	0.090909
23	61	0.125000
23	109	0.100000
24	4	0.028571
24	6	0.023256
24	7	0.014085
24	8	0.017241
24	15	0.021277
24	17	0.035714
24	20	0.027778
24	25	0.062500
24	29	0.090909
24	34	0.090909
24	37	0.050000
24	63	0.111111
24	64	0.111111
24	75	0.100000
24	77	0.111111
24	80	0.090909
24	171	0.142857
24	173	0.142857
25	2	0.020000
25	7	0.014085
25	8	0.017241
25	9	0.020408
25	10	0.022222
25	11	0.019608
25	24	0.055556
25	26	0.083333
25	29	0.090909
25	31	0.066667
25	32	0.052632
25	77	0.111111
25	80	0.090909
25	114	0.090909
25	138	0.142857
25	180	0.142857
26	6	0.023256
26	7	0.014085
26	8	0.017241
26	10	0.022222
26	14	0.058824
26	16	0.041667
26	25	0.062500
26	42	0.066667
26	47	0.100000
26	105	0.090909
26	116	0.111111
26	131	0.125000
27	4	0.028571
27	7	0.014085
27	9	0.020408
27	14	0.058824
27	17	0.035714
27	19	0.029412
27	20	0.027778
27	59	0.125000
27	62	0.111111
27	163	0.125000
27	172	0.142857
28	1	0.043478
28	2	0.020000
28	7	0.014085
28	8	0.017241
28	15	0.021277
28	18	0.043478
28	20	0.027778
28	44	0.083333
28	88	0.111111
28	90	0.090909
28	93	0.142857
28	126	0.090909
28	127	0.142857
28	150	0.142857
28	159	0.142857
28	177	0.142857
29	8	0.017241
29	9	0.020408
29	16	0.041667
29	17	0.035714
29	19	0.029412
29	24	0.055556
29	25	0.062500
29	39	0.083333
29	78	0.083333
29	86	0.100000
29	93	0.142857
30	0	0.142857
30	2	0.020000
30	13	0.041667
30	14	0.058824
30	15	0.021277
30	20	0.027778
30	21	0.055556
30	37	0.050000
30	39	0.083333
30	45	0.062500
30	49	0.125000
30	66	0.100000
30	108	0.100000
30	117	0.111111
31	2	0.020000
31	7	0.014085
31	8	0.017241
31	10	0.022222
31	11	0.019608
31	20	0.027778
31	25	0.062500
31	32	0.052632
31	35	0.027027
31	60	0.111111
31	61	0.125000
31	66	0.100000
31	72	0.125000
31	91	0.125000
31	112	0.083333
32	7	0.014085
32	11	0.019608
32	15	0.021277
32	19	0.029412
32	20	0.027778
32	25	0.062500
32	31	0.066667
32	36	0.071429
32	39	0.083333
32	40	0.058824
32	42	0.066667
32	45	0.062500
32	58	0.125000
32	63	0.111111
32	88	0.111111
32	106	0.100000
32	119	0.125000
32	176	0.142857
32	180	0.142857
33	6	0.023256
33	8	0.017241
33	10	0.022222
33	12	0.040000
33	13	0.041667
33	19	0.029412
33	22	0.047619
33	37	0.050000
33	46	0.043478
33	55	0.125000
33	64	0.111111
33	68	0.052632
33	71	0.125000
33	82	0.090909
33	89	0.083333
33	98	0.090909
33	102	0.111111
33	123	0.111111
33	125	0.142857
33	141	0.125000
33	145	0.125000
33	147	0.142857
33	176	0.142857
34	12	0.040000
34	15	0.021277
34	17	0.035714
34	20	0.027778
34	22	0.047619
34	23	0.083333
34	24	0.055556
34	66	0.100000
34	81	0.090909
34	148	0.142857
34	167	0.125000
35	4	0.028571
35	10	0.022222
35	11	0.019608
35	18	0.043478
35	19	0.029412
35	23	0.083333
35	31	0.066667
35	41	0.032258
35	47	0.100000
35	50	0.052632
35	51	0.062500
35	52	0.083333
35	53	0.071429
35	55	0.125000
35	67	0.100000
35	68	0.052632
35	72	0.125000
35	74	0.111111
35	85	0.062500
35	94	0.100000
35	102	0.111111
35	103	0.090909
35	105	0.090909
35	107	0.111111
35	116	0.111111
35	118	0.090909
35	119	0.125000
35	128	0.142857
35	130	0.090909
35	134	0.111111
35	138	0.142857
35	149	0.142857
35	154	0.142857
35	156	0.142857
35	157	0.142857
35	174	0.166667
35	180	0.142857
36	3	0.083333
36	8	0.017241
36	11	0.019608
36	17	0.035714
36	19	0.029412
36	20	0.027778
36	32	0.052632
36	50	0.052632
36	57	0.071429
36	67	0.100000
36	103	0.090909
36	133	0.125000
36	148	0.142857
36	152	0.142857
37	4	0.028571
37	6	0.023256
37	15	0.021277
37	20	0.027778
37	24	0.055556
37	30	0.071429
37	33	0.043478
37	43	0.062500
37	45	0.062500
37	51	0.062500
37	54	0.076923
37	65	0.071429
37	92	0.090909
37	104	0.125000
37	111	0.090909
37	136	0.100000
37	138	0.142857
37	152	0.142857
37	156	0.142857
37	173	0.142857
38	2	0.020000
38	4	0.028571
38	9	0.020408
38	10	0.022222
38	11	0.019608
38	12	0.040000
38	15	0.021277
38	54	0.076923
38	57	0.071429
38	68	0.052632
38	69	0.066667
38	75	0.100000
38	110	0.083333
38	116	0.111111
38	117	0.111111
38	122	0.125000
38	150	0.142857
38	155	0.142857
38	169	0.142857
38	179	0.142857
39	9	0.020408
39	19	0.029412
39	20	0.027778
39	21	0.055556
39	29	0.090909
39	30	0.071429
39	32	0.052632
39	43	0.062500
39	80	0.090909
39	95	0.125000
39	99	0.090909
39	167	0.125000
40	4	0.028571
40	7	0.014085
40	16	0.041667
40	17	0.035714
40	19	0.029412
40	20	0.027778
40	32	0.052632
40	42	0.066667
40	51	0.062500
40	73	0.090909
40	77	0.111111
40	78	0.083333
40	92	0.090909
40	100	0.066667
40	104	0.125000
40	115	0.125000
40	151	0.142857
41	2	0.020000
41	7	0.014085
41	8	0.017241
41	11	0.019608
41	16	0.041667
41	17	0.035714
41	35	0.027027
41	49	0.125000
41	50	0.052632
41	53	0.071429
41	58	0.125000
41	72	0.125000
41	73	0.090909
41	75	0.100000
41	78	0.083333
41	79	0.076923
41	80	0.090909
41	84	0.125000
41	86	0.100000
41	90	0.090909
41	91	0.125000
41	106	0.100000
41	121	0.142857
41	124	0.125000
41	125	0.142857
41	162	0.142857
41	165	0.142857
41	175	0.142857
41	177	0.142857
41	178	0.125000
41	179	0.142857
42	4	0.028571
42	9	0.020408
42	19	0.029412
42	20	0.027778
42	26	0.083333
42	32	0.052632
42	40	0.058824
42	50	0.052632
42	57	0.071429
42	106	0.100000
42	116	0.111111
42	132	0.125000
42	133	0.125000
42	155	0.142857
42	167	0.125000
43	1	0.043478
43	6	0.023256
43	19	0.029412
43	20	0.027778
43	22	0.047619
43	37	0.050000
43	39	0.083333
43	48	0.062500
43	60	0.111111
43	63	0.111111
43	71	0.125000
43	87	0.090909
43	93	0.142857
43	147	0.142857
43	157	0.142857
43	170	0.142857
44	4	0.028571
44	5	0.066667
44	8	0.017241
44	11	0.019608
44	16	0.041667
44	19	0.029412
44	28	0.062500
44	104	0.125000
44	135	0.142857
44	163	0.125000
44	165	0.142857
44	175	0.142857
45	5	0.066667
45	7	0.014085
45	8	0.017241
45	15	0.021277
45	30	0.071429
45	32	0.052632
45	37	0.050000
45	63	0.111111
45	65	0.071429
45	72	0.125000
45	74	0.111111
45	77	0.111111
45	78	0.083333
45	166	0.125000
45	168	0.142857
45	174	0.166667
46	2	0.020000
46	6	0.023256
46	7	0.014085
46	15	0.021277
46	18	0.043478
46	22	0.047619
46	33	0.043478
46	51	0.062500
46	55	0.125000
46	65	0.071429
46	66	0.100000
46	68	0.052632
46	70	0.050000
46	79	0.076923
46	98	0.090909
46	125	0.142857
46	132	0.125000
46	136	0.100000
46	137	0.125000
46	139	0.111111
46	164	0.142857
46	165	0.142857
46	175	0.142857
47	1	0.043478
47	2	0.020000
47	4	0.028571
47	11	0.019608
47	18	0.043478
47	26	0.083333
47	35	0.027027
47	49	0.125000
47	53	0.071429
47	122	0.125000
48	3	0.083333
48	7	0.014085
48	9	0.020408
48	10	0.022222
48	13	0.041667
48	20	0.027778
48	43	0.062500
48	52	0.083333
48	56	0.090909
48	61	0.125000
48	94	0.100000
48	98	0.090909
48	123	0.111111
48	157	0.142857
48	161	0.125000
48	170	0.142857
49	6	0.023256
49	8	0.017241
49	9	0.020408
49	15	0.021277
49	30	0.071429
49	41	0.032258
49	47	0.100000
49	111	0.090909
50	5	0.066667
50	10	0.022222
50	11	0.019608
50	35	0.027027
50	36	0.071429
50	41	0.032258
50	42	0.066667
50	59	0.125000
50	69	0.066667
50	89	0.083333
50	91	0.125000
50	97	0.125000
50	106	0.100000
50	109	0.100000
50	115	0.125000
50	124	0.125000
50	126	0.090909
50	144	0.100000
50	179	0.142857
51	3	0.083333
51	11	0.019608
51	19	0.029412
51	35	0.027027
51	37	0.050000
51	40	0.058824
51	46	0.043478
51	73	0.090909
51	80	0.090909
51	86	0.100000
51	92	0.090909
51	94	0.100000
51	108	0.100000
51	122	0.125000
51	134	0.111111
51	153	0.142857
52	1	0.043478
52	4	0.028571
52	20	0.027778
52	22	0.047619
52	35	0.027027
52	48	0.062500
52	60	0.111111
52	69	0.066667
52	85	0.062500
52	121	0.142857
52	144	0.100000
52	179	0.142857
53	7	0.014085
53	8	0.017241
53	10	0.022222
53	20	0.027778
53	35	0.027027
53	41	0.032258
53	47	0.100000
53	54	0.076923
53	64	0.111111
53	69	0.066667
53	76	0.100000
53	81	0.090909
53	93	0.142857
53	152	0.142857
54	4	0.028571
54	7	0.014085
54	18	0.043478
54	19	0.029412
54	37	0.050000
54	38	0.050000
54	53	0.071429
54	60	0.111111
54	68	0.052632
54	80	0.090909
54	129	0.111111
54	178	0.125000
54	179	0.142857
55	2	0.020000
55	6	0.023256
55	9	0.020408
55	14	0.058824
55	33	0.043478
55	35	0.027027
55	46	0.043478
55	61	0.125000
56	2	0.020000
56	6	0.023256
56	13	0.041667
56	17	0.035714
56	19	0.029412
56	23	0.083333
56	48	0.062500
56	63	0.111111
56	69	0.066667
56	99	0.090909
56	130	0.090909
57	7	0.014085
57	15	0.021277
57	17	0.035714
57	36	0.071429
57	38	0.050000
57	42	0.066667
57	61	0.125000
57	71	0.125000
57	91	0.125000
57	136	0.100000
57	150	0.142857
57	160	0.142857
57	164	0.142857
57	168	0.142857
58	0	0.142857
58	6	0.023256
58	8	0.017241
58	11	0.019608
58	19	0.029412
58	32	0.052632
58	41	0.032258
58	77	0.111111
59	7	0.014085
59	10	0.022222
59	12	0.040000
59	13	0.041667
59	21	0.055556
59	27	0.090909
59	50	0.052632
59	167	0.125000
60	2	0.020000
60	7	0.014085
60	10	0.022222
60	31	0.066667
60	43	0.062500
60	52	0.083333
60	54	0.076923
60	76	0.100000
60	110	0.083333
61	2	0.020000
61	7	0.014085
61	23	0.083333
61	31	0.066667
61	48	0.062500
61	55	0.125000
61	57	0.071429
61	76	0.100000
62	4	0.028571
62	7	0.014085
62	9	0.020408
62	13	0.041667
62	18	0.043478
62	20	0.027778
62	27	0.090909
62	75	0.100000
62	89	0.083333
63	8	0.017241
63	16	0.041667
63	24	0.055556
63	32	0.052632
63	43	0.062500
63	45	0.062500
63	56	0.090909
63	64	0.111111
63	120	0.100000
64	14	0.058824
64	16	0.041667
64	19	0.029412
64	24	0.055556
64	33	0.043478
64	53	0.071429
64	63	0.111111
64	73	0.090909
64	164	0.142857
65	1	0.043478
65	11	0.019608
65	15	0.021277
65	20	0.027778
65	37	0.050000
65	45	0.062500
65	46	0.043478
65	74	0.111111
65	85	0.062500
65	101	0.090909
65	112	0.083333
65	121	0.142857
65	139	0.111111
65	148	0.142857
66	2	0.020000
66	8	0.017241
66	19	0.029412
66	30	0.071429
66	31	0.066667
66	34	0.090909
66	46	0.043478
66	73	0.090909
66	133	0.125000
66	163	0.125000
67	5	0.066667
67	6	0.023256
67	8	0.017241
67	10	0.022222
67	11	0.019608
67	35	0.027027
67	36	0.071429
67	84	0.125000
67	99	0.090909
67	175	0.142857
68	7	0.014085
68	10	0.022222
68	33	0.043478
68	35	0.027027
68	38	0.050000
68	46	0.043478
68	54	0.076923
68	85	0.062500
68	87	0.090909
68	88	0.111111
68	105	0.090909
68	110	0.083333
68	120	0.100000
68	140	0.125000
68	141	0.125000
68	153	0.142857
68	158	0.142857
68	170	0.142857
68	179	0.142857
69	12	0.040000
69	15	0.021277
69	38	0.050000
69	50	0.052632
69	52	0.083333
69	53	0.071429
69	56	0.090909
69	76	0.100000
69	91	0.125000
69	103	0.090909
69	104	0.125000
69	108	0.100000
69	109	0.100000
69	111	0.090909
69	162	0.142857
70	2	0.020000
70	4	0.028571
70	7	0.014085
70	8	0.017241
70	9	0.020408
70	15	0.021277
70	46	0.043478
70	85	0.062500
70	87	0.090909
70	89	0.083333
70	118	0.090909
70	131	0.125000
70	134	0.111111
70	137	0.125000
70	144	0.100000
70	145	0.125000
70	148	0.142857
70	163	0.125000
70	169	0.142857
70	175	0.142857
71	5	0.066667
71	13	0.041667
71	18	0.043478
71	19	0.029412
71	33	0.043478
71	43	0.062500
71	57	0.071429
71	82	0.090909
72	5	0.066667
72	7	0.014085
72	10	0.022222
72	31	0.066667
72	35	0.027027
72	41	0.032258
72	45	0.062500
72	159	0.142857
73	11	0.019608
73	22	0.047619
73	40	0.058824
73	41	0.032258
73	51	0.062500
73	64	0.111111
73	66	0.100000
73	135	0.142857
73	148	0.142857
73	150	0.142857
73	177	0.142857
74	6	0.023256
74	7	0.014085
74	8	0.017241
74	11	0.019608
74	35	0.027027
74	45	0.062500
74	65	0.071429
74	121	0.142857
74	132	0.125000
75	9	0.020408
75	14	0.058824
75	22	0.047619
75	24	0.055556
75	38	0.050000
75	41	0.032258
75	62	0.111111
75	85	0.062500
75	123	0.111111
75	158	0.142857
76	2	0.020000
76	8	0.017241
76	12	0.040000
76	53	0.071429
76	60	0.111111
76	61	0.125000
76	69	0.066667
76	78	0.083333
76	120	0.100000
76	152	0.142857
77	8	0.017241
77	15	0.021277
77	24	0.055556
77	25	0.062500
77	40	0.058824
77	45	0.062500
77	58	0.125000
77	81	0.090909
77	131	0.125000
78	7	0.014085
78	10	0.022222
78	29	0.090909
78	40	0.058824
78	41	0.032258
78	45	0.062500
78	76	0.100000
78	79	0.076923
78	97	0.125000
78	111	0.090909
78	132	0.125000
78	139	0.111111
79	8	0.017241
79	9	0.020408
79	11	0.019608
79	16	0.041667
79	41	0.032258
79	46	0.043478
79	78	0.083333
79	96	0.090909
79	112	0.083333
79	142	0.142857
79	144	0.100000
79	156	0.142857
79	167	0.125000
80	2	0.020000
80	24	0.055556
80	25	0.062500
80	39	0.083333
80	41	0.032258
80	51	0.062500
80	54	0.076923
80	135	0.142857
80	157	0.142857
80	160	0.142857
80	178	0.125000
81	2	0.020000
81	7	0.014085
81	9	0.020408
81	15	0.021277
81	34	0.090909
81	53	0.071429
81	77	0.111111
81	83	0.083333
81	89	0.083333
81	95	0.125000
81	146	0.125000
82	6	0.023256
82	9	0.020408
82	13	0.041667
82	16	0.041667
82	22	0.047619
82	33	0.043478
82	71	0.125000
82	101	0.090909
82	118	0.090909
82	141	0.125000
82	177	0.142857
83	4	0.028571
83	6	0.023256
83	7	0.014085
83	8	0.017241
83	14	0.058824
83	19	0.029412
83	81	0.090909
83	101	0.090909
83	107	0.111111
83	124	0.125000
83	140	0.125000
83	142	0.142857
84	6	0.023256
84	8	0.017241
84	10	0.022222
84	17	0.035714
84	22	0.047619
84	41	0.032258
84	67	0.100000
84	96	0.090909
85	11	0.019608
85	35	0.027027
85	52	0.083333
85	65	0.071429
85	68	0.052632
85	70	0.050000
85	75	0.100000
85	89	0.083333
85	95	0.125000
85	100	0.066667
85	101	0.090909
85	127	0.142857
85	154	0.142857
85	160	0.142857
85	173	0.142857
85	178	0.125000
86	2	0.020000
86	4	0.028571
86	8	0.017241
86	20	0.027778
86	29	0.090909
86	41	0.032258
86	51	0.062500
86	95	0.125000
86	108	0.100000
86	122	0.125000
87	2	0.020000
87	11	0.019608
87	14	0.058824
87	20	0.027778
87	43	0.062500
87	68	0.052632
87	70	0.050000
87	112	0.083333
87	114	0.090909
87	115	0.125000
87	140	0.125000
88	1	0.043478
88	2	0.020000
88	4	0.028571
88	20	0.027778
88	28	0.062500
88	32	0.052632
88	68	0.052632
88	141	0.125000
88	161	0.125000
89	6	0.023256
89	33	0.043478
89	50	0.052632
89	62	0.111111
89	70	0.050000
89	81	0.090909
89	85	0.062500
89	96	0.090909
89	110	0.083333
89	113	0.125000
89	114	0.090909
89	162	0.142857
90	1	0.043478
90	2	0.020000
90	3	0.083333
90	10	0.022222
90	15	0.021277
90	28	0.062500
90	41	0.032258
90	101	0.090909
90	126	0.090909
90	137	0.125000
90	172	0.142857
91	2	0.020000
91	7	0.014085
91	31	0.066667
91	41	0.032258
91	50	0.052632
91	57	0.071429
91	69	0.066667
91	168	0.142857
92	8	0.017241
92	11	0.019608
92	16	0.041667
92	18	0.043478
92	37	0.050000
92	40	0.058824
92	51	0.062500
92	105	0.090909
92	108	0.100000
92	125	0.142857
92	149	0.142857
93	6	0.023256
93	13	0.041667
93	17	0.035714
93	28	0.062500
93	29	0.090909
93	43	0.062500
93	53	0.071429
94	6	0.023256
94	11	0.019608
94	20	0.027778
94	21	0.055556
94	35	0.027027
94	48	0.062500
94	51	0.062500
94	115	0.125000
94	129	0.111111
94	148	0.142857
95	1	0.043478
95	4	0.028571
95	6	0.023256
95	39	0.083333
95	81	0.090909
95	85	0.062500
95	86	0.100000
95	96	0.090909
96	5	0.066667
96	10	0.022222
96	19	0.029412
96	79	0.076923
96	84	0.125000
96	89	0.083333
96	95	0.125000
96	102	0.111111
96	113	0.125000
96	136	0.100000
96	154	0.142857
97	1	0.043478
97	2	0.020000
97	9	0.020408
97	10	0.022222
97	11	0.019608
97	50	0.052632
97	78	0.083333
97	98	0.090909
98	6	0.023256
98	19	0.029412
98	22	0.047619
98	33	0.043478
98	46	0.043478
98	48	0.062500
98	97	0.125000
98	117	0.111111
98	157	0.142857
98	166	0.125000
98	171	0.142857
99	2	0.020000
99	6	0.023256
99	15	0.021277
99	20	0.027778
99	39	0.083333
99	56	0.090909
99	67	0.100000
99	113	0.125000
99	130	0.090909
99	162	0.142857
99	164	0.142857
100	7	0.014085
100	15	0.021277
100	17	0.035714
100	20	0.027778
100	40	0.058824
100	85	0.062500
100	101	0.090909
100	104	0.125000
100	106	0.100000
100	110	0.083333
100	114	0.090909
100	115	0.125000
100	145	0.125000
100	154	0.142857
100	178	0.125000
101	8	0.017241
101	65	0.071429
101	82	0.090909
101	83	0.083333
101	85	0.062500
101	90	0.090909
101	100	0.066667
101	123	0.111111
101	153	0.142857
101	173	0.142857
101	180	0.142857
102	1	0.043478
102	3	0.083333
102	6	0.023256
102	7	0.014085
102	33	0.043478
102	35	0.027027
102	96	0.090909
102	147	0.142857
102	151	0.142857
103	3	0.083333
103	7	0.014085
103	8	0.017241
103	17	0.035714
103	35	0.027027
103	36	0.071429
103	69	0.066667
103	117	0.111111
103	136	0.100000
103	151	0.142857
103	158	0.142857
104	8	0.017241
104	12	0.040000
104	37	0.050000
104	40	0.058824
104	44	0.083333
104	69	0.066667
104	100	0.066667
104	131	0.125000
105	3	0.083333
105	21	0.055556
105	22	0.047619
105	26	0.083333
105	35	0.027027
105	68	0.052632
105	92	0.090909
105	122	0.125000
105	137	0.125000
105	140	0.125000
105	149	0.142857
106	9	0.020408
106	20	0.027778
106	32	0.052632
106	41	0.032258
106	42	0.066667
106	50	0.052632
106	100	0.066667
106	125	0.142857
106	128	0.142857
106	132	0.125000
107	1	0.043478
107	2	0.020000
107	4	0.028571
107	6	0.023256
107	11	0.019608
107	35	0.027027
107	83	0.083333
107	112	0.083333
107	140	0.125000
108	10	0.022222
108	21	0.055556
108	30	0.071429
108	51	0.062500
108	69	0.066667
108	86	0.100000
108	92	0.090909
108	109	0.100000
108	122	0.125000
108	176	0.142857
109	8	0.017241
109	16	0.041667
109	22	0.047619
109	23	0.083333
109	50	0.052632
109	69	0.066667
109	108	0.100000
109	119	0.125000
109	135	0.142857
109	153	0.142857
110	1	0.043478
110	19	0.029412
110	38	0.050000
110	60	0.111111
110	68	0.052632
110	89	0.083333
110	100	0.066667
110	114	0.090909
110	139	0.111111
110	140	0.125000
110	160	0.142857
110	165	0.142857
111	10	0.022222
111	11	0.019608
111	15	0.021277
111	37	0.050000
111	49	0.125000
111	69	0.066667
111	78	0.083333
111	113	0.125000
111	124	0.125000
111	160	0.142857
111	170	0.142857
112	13	0.041667
112	15	0.021277
112	31	0.066667
112	65	0.071429
112	79	0.076923
112	87	0.090909
112	107	0.111111
112	117	0.111111
112	135	0.142857
112	143	0.111111
112	163	0.125000
112	178	0.125000
113	2	0.020000
113	11	0.019608
113	19	0.029412
113	89	0.083333
113	96	0.090909
113	99	0.090909
113	111	0.090909
113	135	0.142857
114	7	0.014085
114	11	0.019608
114	25	0.062500
114	87	0.090909
114	89	0.083333
114	100	0.066667
114	110	0.083333
114	128	0.142857
114	162	0.142857
114	174	0.166667
114	178	0.125000
115	7	0.014085
115	11	0.019608
115	40	0.058824
115	50	0.052632
115	87	0.090909
115	94	0.100000
115	100	0.066667
115	171	0.142857
116	10	0.022222
116	15	0.021277
116	19	0.029412
116	26	0.083333
116	35	0.027027
116	38	0.050000
116	42	0.066667
116	120	0.100000
116	146	0.125000
117	7	0.014085
117	17	0.035714
117	30	0.071429
117	38	0.050000
117	98	0.090909
117	103	0.090909
117	112	0.083333
117	163	0.125000
117	169	0.142857
118	4	0.028571
118	6	0.023256
118	15	0.021277
118	21	0.055556
118	35	0.027027
118	70	0.050000
118	82	0.090909
118	128	0.142857
118	129	0.111111
118	161	0.125000
118	170	0.142857
119	4	0.028571
119	7	0.014085
119	14	0.058824
119	15	0.021277
119	32	0.052632
119	35	0.027027
119	109	0.100000
119	126	0.090909
120	6	0.023256
120	7	0.014085
120	8	0.017241
120	63	0.111111
120	68	0.052632
120	76	0.100000
120	116	0.111111
120	136	0.100000
120	142	0.142857
120	171	0.142857
121	6	0.023256
121	11	0.019608
121	21	0.055556
121	41	0.032258
121	52	0.083333
121	65	0.071429
121	74	0.111111
122	8	0.017241
122	38	0.050000
122	47	0.100000
122	51	0.062500
122	86	0.100000
122	105	0.090909
122	108	0.100000
122	146	0.125000
123	2	0.020000
123	8	0.017241
123	15	0.021277
123	33	0.043478
123	48	0.062500
123	75	0.100000
123	101	0.090909
123	134	0.111111
123	171	0.142857
124	2	0.020000
124	9	0.020408
124	10	0.022222
124	41	0.032258
124	50	0.052632
124	83	0.083333
124	111	0.090909
124	131	0.125000
125	5	0.066667
125	18	0.043478
125	33	0.043478
125	41	0.032258
125	46	0.043478
125	92	0.090909
125	106	0.100000
126	7	0.014085
126	9	0.020408
126	10	0.022222
126	28	0.062500
126	50	0.052632
126	90	0.090909
126	119	0.125000
126	127	0.142857
126	128	0.142857
126	144	0.100000
126	170	0.142857
127	9	0.020408
127	13	0.041667
127	17	0.035714
127	18	0.043478
127	28	0.062500
127	85	0.062500
127	126	0.090909
128	1	0.043478
128	10	0.022222
128	35	0.027027
128	106	0.100000
128	114	0.090909
128	118	0.090909
128	126	0.090909
129	0	0.142857
129	6	0.023256
129	9	0.020408
129	15	0.021277
129	54	0.076923
129	94	0.100000
129	118	0.090909
129	138	0.142857
129	169	0.142857
130	1	0.043478
130	8	0.017241
130	15	0.021277
130	17	0.035714
130	35	0.027027
130	56	0.090909
130	99	0.090909
130	149	0.142857
130	153	0.142857
130	166	0.125000
130	174	0.166667
131	1	0.043478
131	4	0.028571
131	26	0.083333
131	70	0.050000
131	77	0.111111
131	104	0.125000
131	124	0.125000
131	158	0.142857
132	7	0.014085
132	11	0.019608
132	42	0.066667
132	46	0.043478
132	74	0.111111
132	78	0.083333
132	106	0.100000
132	134	0.111111
133	4	0.028571
133	9	0.020408
133	10	0.022222
133	18	0.043478
133	36	0.071429
133	42	0.066667
133	66	0.100000
133	152	0.142857
134	4	0.028571
134	21	0.055556
134	35	0.027027
134	51	0.062500
134	70	0.050000
134	123	0.111111
134	132	0.125000
134	168	0.142857
134	169	0.142857
135	10	0.022222
135	44	0.083333
135	73	0.090909
135	80	0.090909
135	109	0.100000
135	112	0.083333
135	113	0.125000
136	2	0.020000
136	37	0.050000
136	46	0.043478
136	57	0.071429
136	96	0.090909
136	103	0.090909
136	120	0.100000
136	155	0.142857
136	163	0.125000
136	177	0.142857
137	7	0.014085
137	9	0.020408
137	22	0.047619
137	46	0.043478
137	70	0.050000
137	90	0.090909
137	105	0.090909
137	165	0.142857
138	2	0.020000
138	11	0.019608
138	20	0.027778
138	25	0.062500
138	35	0.027027
138	37	0.050000
138	129	0.111111
139	8	0.017241
139	13	0.041667
139	21	0.055556
139	46	0.043478
139	65	0.071429
139	78	0.083333
139	110	0.083333
139	145	0.125000
139	156	0.142857
140	20	0.027778
140	68	0.052632
140	83	0.083333
140	87	0.090909
140	105	0.090909
140	107	0.111111
140	110	0.083333
140	160	0.142857
141	0	0.142857
141	15	0.021277
141	19	0.029412
141	33	0.043478
141	68	0.052632
141	82	0.090909
141	88	0.111111
141	156	0.142857
142	7	0.014085
142	11	0.019608
142	15	0.021277
142	19	0.029412
142	79	0.076923
142	83	0.083333
142	120	0.100000
143	0	0.142857
143	3	0.083333
143	8	0.017241
143	9	0.020408
143	13	0.041667
143	17	0.035714
143	112	0.083333
143	168	0.142857
143	176	0.142857
144	9	0.020408
144	20	0.027778
144	50	0.052632
144	52	0.083333
144	70	0.050000
144	79	0.076923
144	126	0.090909
144	150	0.142857
144	156	0.142857
144	159	0.142857
145	7	0.014085
145	12	0.040000
145	15	0.021277
145	33	0.043478
145	70	0.050000
145	100	0.066667
145	139	0.111111
145	158	0.142857
146	2	0.020000
146	6	0.023256
146	7	0.014085
146	15	0.021277
146	81	0.090909
146	116	0.111111
146	122	0.125000
146	177	0.142857
147	4	0.028571
147	9	0.020408
147	11	0.019608
147	20	0.027778
147	33	0.043478
147	43	0.062500
147	102	0.111111
148	11	0.019608
148	34	0.090909
148	36	0.071429
148	65	0.071429
148	70	0.050000
148	73	0.090909
148	94	0.100000
149	4	0.028571
149	7	0.014085
149	10	0.022222
149	35	0.027027
149	92	0.090909
149	105	0.090909
149	130	0.090909
150	2	0.020000
150	21	0.055556
150	28	0.062500
150	38	0.050000
150	57	0.071429
150	73	0.090909
150	144	0.100000
151	8	0.017241
151	9	0.020408
151	10	0.022222
151	18	0.043478
151	40	0.058824
151	102	0.111111
151	103	0.090909
152	10	0.022222
152	16	0.041667
152	36	0.071429
152	37	0.050000
152	53	0.071429
152	76	0.100000
152	133	0.125000
153	10	0.022222
153	17	0.035714
153	51	0.062500
153	68	0.052632
153	101	0.090909
153	109	0.100000
153	130	0.090909
154	8	0.017241
154	9	0.020408
154	17	0.035714
154	35	0.027027
154	85	0.062500
154	96	0.090909
154	100	0.066667
155	9	0.020408
155	10	0.022222
155	13	0.041667
155	15	0.021277
155	38	0.050000
155	42	0.066667
155	136	0.100000
156	17	0.035714
156	35	0.027027
156	37	0.050000
156	79	0.076923
156	139	0.111111
156	141	0.125000
156	144	0.100000
157	3	0.083333
157	16	0.041667
157	35	0.027027
157	43	0.062500
157	48	0.062500
157	80	0.090909
157	98	0.090909
158	6	0.023256
158	15	0.021277
158	68	0.052632
158	75	0.100000
158	103	0.090909
158	131	0.125000
158	145	0.125000
159	2	0.020000
159	6	0.023256
159	7	0.014085
159	9	0.020408
159	28	0.062500
159	72	0.125000
159	144	0.100000
160	9	0.020408
160	57	0.071429
160	80	0.090909
160	85	0.062500
160	110	0.083333
160	111	0.090909
160	140	0.125000
161	2	0.020000
161	7	0.014085
161	9	0.020408
161	18	0.043478
161	48	0.062500
161	88	0.111111
161	118	0.090909
161	166	0.125000
162	7	0.014085
162	16	0.041667
162	41	0.032258
162	69	0.066667
162	89	0.083333
162	99	0.090909
162	114	0.090909
163	27	0.090909
163	44	0.083333
163	66	0.100000
163	70	0.050000
163	112	0.083333
163	117	0.111111
163	136	0.100000
163	172	0.142857
164	2	0.020000
164	7	0.014085
164	10	0.022222
164	46	0.043478
164	57	0.071429
164	64	0.111111
164	99	0.090909
165	7	0.014085
165	19	0.029412
165	41	0.032258
165	44	0.083333
165	46	0.043478
165	110	0.083333
165	137	0.125000
166	2	0.020000
166	9	0.020408
166	17	0.035714
166	45	0.062500
166	98	0.090909
166	130	0.090909
166	161	0.125000
166	173	0.142857
167	7	0.014085
167	8	0.017241
167	34	0.090909
167	39	0.083333
167	42	0.066667
167	59	0.125000
167	79	0.076923
167	172	0.142857
168	15	0.021277
168	18	0.043478
168	45	0.062500
168	57	0.071429
168	91	0.125000
168	134	0.111111
168	143	0.111111
169	2	0.020000
169	7	0.014085
169	38	0.050000
169	70	0.050000
169	117	0.111111
169	129	0.111111
169	134	0.111111
170	20	0.027778
170	43	0.062500
170	48	0.062500
170	68	0.052632
170	111	0.090909
170	118	0.090909
170	126	0.090909
171	7	0.014085
171	11	0.019608
171	24	0.055556
171	98	0.090909
171	115	0.125000
171	120	0.100000
171	123	0.111111
172	2	0.020000
172	12	0.040000
172	22	0.047619
172	27	0.090909
172	90	0.090909
172	163	0.125000
172	167	0.125000
173	12	0.040000
173	17	0.035714
173	24	0.055556
173	37	0.050000
173	85	0.062500
173	101	0.090909
173	166	0.125000
174	6	0.023256
174	7	0.014085
174	35	0.027027
174	45	0.062500
174	114	0.090909
174	130	0.090909
175	11	0.019608
175	12	0.040000
175	41	0.032258
175	44	0.083333
175	46	0.043478
175	67	0.100000
175	70	0.050000
176	2	0.020000
176	9	0.020408
176	11	0.019608
176	32	0.052632
176	33	0.043478
176	108	0.100000
176	143	0.111111
177	15	0.021277
177	28	0.062500
177	41	0.032258
177	73	0.090909
177	82	0.090909
177	136	0.100000
177	146	0.125000
178	41	0.032258
178	54	0.076923
178	80	0.090909
178	85	0.062500
178	100	0.066667
178	112	0.083333
178	114	0.090909
178	180	0.142857
179	15	0.021277
179	38	0.050000
179	41	0.032258
179	50	0.052632
179	52	0.083333
179	54	0.076923
179	68	0.052632
180	1	0.043478
180	13	0.041667
180	25	0.062500
180	32	0.052632
180	35	0.027027
180	101	0.090909
180	178	0.125000
