184	2476
0	7	0.018868
0	8	0.021739
0	9	0.026316
0	10	0.027778
0	11	0.027778
0	14	0.037037
0	16	0.043478
0	17	0.027027
0	20	0.040000
0	23	0.034483
0	26	0.100000
0	27	0.083333
0	28	0.066667
0	37	0.045455
0	39	0.034483
0	43	0.076923
0	45	0.050000
0	50	0.071429
0	53	0.050000
0	56	0.076923
0	59	0.111111
0	66	0.076923
0	78	0.090909
0	84	0.111111
0	91	0.083333
0	111	0.125000
0	112	0.111111
0	131	0.125000
0	145	0.142857
0	160	0.125000
0	162	0.142857
0	168	0.142857
0	170	0.142857
1	7	0.018868
1	8	0.021739
1	9	0.026316
1	12	0.017241
1	13	0.025641
1	15	0.034483
1	16	0.043478
1	18	0.050000
1	19	0.040000
1	20	0.040000
1	24	0.066667
1	26	0.100000
1	28	0.066667
1	30	0.055556
1	31	0.076923
1	38	0.052632
1	39	0.034483
1	42	0.035714
1	49	0.058824
1	54	0.083333
1	57	0.100000
1	61	0.100000
1	68	0.100000
1	72	0.111111
1	73	0.083333
1	74	0.100000
1	75	0.066667
1	80	0.111111
1	88	0.111111
1	109	0.111111
1	114	0.111111
1	116	0.100000
1	126	0.142857
1	130	0.125000
1	152	0.142857
1	170	0.142857
1	178	0.142857
2	7	0.018868
2	9	0.026316
2	10	0.027778
2	34	0.045455
2	38	0.052632
2	44	0.066667
2	48	0.047619
2	63	0.083333
2	121	0.111111
2	138	0.125000
2	173	0.142857
2	177	0.111111
3	7	0.018868
3	8	0.021739
3	10	0.027778
3	16	0.043478
3	19	0.040000
3	21	0.038462
3	25	0.062500
3	26	0.100000
3	29	0.050000
3	38	0.052632
3	39	0.034483
3	47	0.083333
3	56	0.076923
3	59	0.111111
3	66	0.076923
3	67	0.083333
3	72	0.111111
3	74	0.100000
3	95	0.125000
3	116	0.100000
3	120	0.125000
3	126	0.142857
3	129	0.125000
3	131	0.125000
3	139	0.100000
3	177	0.111111
4	7	0.018868
4	8	0.021739
4	11	0.027778
4	12	0.017241
4	13	0.025641
4	17	0.027027
4	20	0.040000
4	26	0.100000
4	33	0.035714
4	36	0.066667
4	60	0.125000
4	70	0.076923
4	76	0.100000
4	113	0.142857
4	122	0.125000
4	152	0.142857
4	168	0.142857
4	177	0.111111
4	178	0.142857
5	7	0.018868
5	8	0.021739
5	9	0.026316
5	10	0.027778
5	11	0.027778
5	13	0.025641
5	14	0.037037
5	17	0.027027
5	19	0.040000
5	22	0.037037
5	25	0.062500
5	27	0.083333
5	28	0.066667
5	29	0.050000
5	30	0.055556
5	31	0.076923
5	35	0.071429
5	39	0.034483
5	41	0.062500
5	42	0.035714
5	46	0.100000
5	48	0.047619
5	50	0.071429
5	59	0.111111
5	68	0.100000
5	71	0.066667
5	78	0.090909
5	80	0.111111
5	81	0.142857
5	99	0.100000
5	109	0.111111
5	113	0.142857
5	120	0.125000
5	138	0.125000
5	149	0.111111
5	152	0.142857
5	157	0.111111
5	181	0.142857
6	7	0.018868
6	8	0.021739
6	9	0.026316
6	10	0.027778
6	12	0.017241
6	15	0.034483
6	17	0.027027
6	19	0.040000
6	22	0.037037
6	23	0.034483
6	25	0.062500
6	31	0.076923
6	32	0.038462
6	34	0.045455
6	35	0.071429
6	36	0.066667
6	38	0.052632
6	41	0.062500
6	42	0.035714
6	44	0.066667
6	48	0.047619
6	53	0.050000
6	56	0.076923
6	64	0.090909
6	68	0.100000
6	71	0.066667
6	79	0.100000
6	81	0.142857
6	83	0.083333
6	84	0.111111
6	96	0.090909
6	101	0.100000
6	104	0.090909
6	108	0.100000
6	114	0.111111
6	118	0.100000
6	125	0.142857
6	130	0.125000
6	132	0.142857
6	137	0.142857
6	147	0.125000
6	150	0.142857
6	153	0.125000
6	154	0.142857
6	155	0.142857
6	156	0.142857
6	176	0.142857
7	0	0.030303
7	1	0.027027
7	2	0.083333
7	3	0.038462
7	4	0.052632
7	5	0.026316
7	6	0.021277
7	8	0.021739
7	9	0.026316
7	10	0.027778
7	11	0.027778
7	12	0.017241
7	13	0.025641
7	14	0.037037
7	15	0.034483
7	16	0.043478
7	17	0.027027
7	18	0.050000
7	20	0.040000
7	22	0.037037
7	23	0.034483
7	24	0.066667
7	28	0.066667
7	30	0.055556
7	35	0.071429
7	38	0.052632
7	50	0.071429
7	51	0.090909
7	53	0.050000
7	58	0.100000
7	65	0.076923
7	72	0.111111
7	77	0.100000
7	80	0.111111
7	83	0.083333
7	85	0.111111
7	92	0.125000
7	97	0.083333
7	101	0.100000
7	102	0.111111
7	103	0.111111
7	104	0.090909
7	106	0.125000
7	115	0.125000
7	121	0.111111
7	129	0.125000
7	133	0.142857
7	143	0.142857
7	150	0.142857
7	151	0.142857
7	159	0.125000
7	168	0.142857
7	176	0.142857
8	0	0.030303
8	1	0.027027
8	3	0.038462
8	4	0.052632
8	5	0.026316
8	6	0.021277
8	7	0.018868
8	9	0.026316
8	10	0.027778
8	11	0.027778
8	12	0.017241
8	14	0.037037
8	15	0.034483
8	18	0.050000
8	19	0.040000
8	22	0.037037
8	26	0.100000
8	33	0.035714
8	35	0.071429
8	37	0.045455
8	40	0.055556
8	42	0.035714
8	44	0.066667
8	49	0.058824
8	54	0.083333
8	55	0.083333
8	56	0.076923
8	61	0.100000
8	63	0.083333
8	72	0.111111
8	81	0.142857
8	102	0.111111
8	103	0.111111
8	105	0.076923
8	114	0.111111
8	115	0.125000
8	117	0.111111
8	119	0.142857
8	132	0.142857
8	136	0.111111
8	143	0.142857
8	152	0.142857
8	162	0.142857
8	169	0.125000
8	171	0.142857
8	178	0.142857
9	0	0.030303
9	1	0.027027
9	2	0.083333
9	5	0.026316
9	6	0.021277
9	7	0.018868
9	8	0.021739
9	11	0.027778
9	12	0.017241
9	13	0.025641
9	14	0.037037
9	23	0.034483
9	27	0.083333
9	28	0.066667
9	33	0.035714
9	37	0.045455
9	46	0.100000
9	47	0.083333
9	70	0.076923
9	73	0.083333
9	74	0.100000
9	79	0.100000
9	82	0.100000
9	99	0.100000
9	103	0.111111
9	104	0.090909
9	108	0.100000
9	109	0.111111
9	121	0.111111
9	125	0.142857
9	127	0.142857
9	136	0.111111
9	154	0.142857
9	155	0.142857
9	158	0.142857
9	160	0.125000
9	175	0.142857
9	180	0.142857
10	0	0.030303
10	2	0.083333
10	3	0.038462
10	5	0.026316
10	6	0.021277
10	7	0.018868
10	8	0.021739
10	11	0.027778
10	14	0.037037
10	16	0.043478
10	17	0.027027
10	20	0.040000
10	24	0.066667
10	27	0.083333
10	29	0.050000
10	30	0.055556
10	49	0.058824
10	51	0.090909
10	58	0.100000
10	65	0.076923
10	74	0.100000
10	76	0.100000
10	89	0.142857
10	90	0.142857
10	92	0.125000
10	105	0.076923
10	110	0.125000
10	121	0.111111
10	134	0.125000
10	138	0.125000
10	140	0.111111
10	144	0.100000
10	162	0.142857
10	164	0.142857
10	170	0.142857
10	171	0.142857
11	0	0.030303
11	4	0.052632
11	5	0.026316
11	7	0.018868
11	8	0.021739
11	9	0.026316
11	10	0.027778
11	12	0.017241
11	13	0.025641
11	14	0.037037
11	15	0.034483
11	21	0.038462
11	22	0.037037
11	25	0.062500
11	26	0.100000
11	27	0.083333
11	30	0.055556
11	35	0.071429
11	37	0.045455
11	51	0.090909
11	52	0.076923
11	54	0.083333
11	55	0.083333
11	57	0.100000
11	65	0.076923
11	79	0.100000
11	81	0.142857
11	109	0.111111
11	114	0.111111
11	123	0.111111
11	125	0.142857
11	146	0.142857
11	152	0.142857
11	160	0.125000
11	167	0.142857
11	171	0.142857
12	1	0.027027
12	4	0.052632
12	6	0.021277
12	7	0.018868
12	8	0.021739
12	9	0.026316
12	11	0.027778
12	13	0.025641
12	15	0.034483
12	16	0.043478
12	18	0.050000
12	19	0.040000
12	20	0.040000
12	21	0.038462
12	22	0.037037
12	28	0.066667
12	32	0.038462
12	36	0.066667
12	37	0.045455
12	41	0.062500
12	48	0.047619
12	50	0.071429
12	55	0.083333
12	56	0.076923
12	57	0.100000
12	58	0.100000
12	60	0.125000
12	62	0.090909
12	67	0.083333
12	69	0.062500
12	75	0.066667
12	77	0.100000
12	81	0.142857
12	85	0.111111
12	88	0.111111
12	93	0.125000
12	95	0.125000
12	96	0.090909
12	97	0.083333
12	107	0.076923
12	109	0.111111
12	110	0.125000
12	121	0.111111
12	127	0.142857
12	128	0.111111
12	135	0.090909
12	139	0.100000
12	141	0.142857
12	143	0.142857
12	154	0.142857
12	156	0.142857
12	159	0.125000
12	162	0.142857
12	164	0.142857
12	168	0.142857
12	173	0.142857
12	176	0.142857
12	183	0.142857
13	1	0.027027
13	4	0.052632
13	5	0.026316
13	7	0.018868
13	9	0.026316
13	11	0.027778
13	12	0.017241
13	15	0.034483
13	16	0.043478
13	21	0.038462
13	22	0.037037
13	30	0.055556
13	31	0.076923
13	32	0.038462
13	33	0.035714
13	36	0.066667
13	38	0.052632
13	51	0.090909
13	54	0.083333
13	60	0.125000
13	63	0.083333
13	67	0.083333
13	73	0.083333
13	75	0.066667
13	80	0.111111
13	82	0.100000
13	85	0.111111
13	98	0.090909
13	106	0.125000
13	112	0.111111
13	121	0.111111
13	123	0.111111
13	141	0.142857
13	149	0.111111
13	157	0.111111
13	158	0.142857
13	159	0.125000
13	174	0.142857
13	177	0.111111
14	0	0.030303
14	5	0.026316
14	7	0.018868
14	8	0.021739
14	9	0.026316
14	10	0.027778
14	11	0.027778
14	18	0.050000
14	21	0.038462
14	25	0.062500
14	34	0.045455
14	37	0.045455
14	43	0.076923
14	51	0.090909
14	52	0.076923
14	60	0.125000
14	61	0.100000
14	83	0.083333
14	92	0.125000
14	98	0.090909
14	107	0.076923
14	115	0.125000
14	124	0.125000
14	126	0.142857
14	134	0.125000
14	138	0.125000
14	144	0.100000
15	1	0.027027
15	6	0.021277
15	7	0.018868
15	8	0.021739
15	11	0.027778
15	12	0.017241
15	13	0.025641
15	17	0.027027
15	18	0.050000
15	20	0.040000
15	34	0.045455
15	44	0.066667
15	50	0.071429
15	52	0.076923
15	60	0.125000
15	61	0.100000
15	64	0.090909
15	65	0.076923
15	69	0.062500
15	83	0.083333
15	107	0.076923
15	116	0.100000
15	120	0.125000
15	123	0.111111
15	130	0.125000
15	133	0.142857
15	143	0.142857
15	175	0.142857
15	178	0.142857
16	0	0.030303
16	1	0.027027
16	3	0.038462
16	7	0.018868
16	10	0.027778
16	12	0.017241
16	13	0.025641
16	21	0.038462
16	29	0.050000
16	39	0.034483
16	49	0.058824
16	51	0.090909
16	59	0.111111
16	75	0.066667
16	84	0.111111
16	107	0.076923
16	114	0.111111
16	116	0.100000
16	119	0.142857
16	138	0.125000
16	162	0.142857
16	167	0.142857
16	174	0.142857
17	0	0.030303
17	4	0.052632
17	5	0.026316
17	6	0.021277
17	7	0.018868
17	10	0.027778
17	15	0.034483
17	18	0.050000
17	19	0.040000
17	21	0.038462
17	23	0.034483
17	24	0.066667
17	25	0.062500
17	29	0.050000
17	32	0.038462
17	33	0.035714
17	41	0.062500
17	43	0.076923
17	48	0.047619
17	58	0.100000
17	63	0.083333
17	67	0.083333
17	73	0.083333
17	78	0.090909
17	91	0.083333
17	92	0.125000
17	117	0.111111
17	118	0.100000
17	133	0.142857
17	137	0.142857
17	151	0.142857
17	165	0.142857
17	168	0.142857
17	169	0.125000
17	170	0.142857
17	175	0.142857
17	182	0.142857
18	1	0.027027
18	7	0.018868
18	8	0.021739
18	12	0.017241
18	14	0.037037
18	15	0.034483
18	17	0.027027
18	29	0.050000
18	56	0.076923
18	57	0.100000
18	71	0.066667
18	76	0.100000
18	83	0.083333
18	93	0.125000
18	99	0.100000
18	100	0.090909
18	107	0.076923
18	119	0.142857
18	136	0.111111
18	180	0.142857
19	1	0.027027
19	3	0.038462
19	5	0.026316
19	6	0.021277
19	8	0.021739
19	12	0.017241
19	17	0.027027
19	23	0.034483
19	24	0.066667
19	25	0.062500
19	45	0.050000
19	51	0.090909
19	60	0.125000
19	77	0.100000
19	80	0.111111
19	82	0.100000
19	94	0.111111
19	97	0.083333
19	104	0.090909
19	113	0.142857
19	164	0.142857
19	169	0.125000
19	172	0.142857
19	177	0.111111
19	179	0.142857
20	0	0.030303
20	1	0.027027
20	4	0.052632
20	7	0.018868
20	10	0.027778
20	12	0.017241
20	15	0.034483
20	29	0.050000
20	31	0.076923
20	34	0.045455
20	40	0.055556
20	42	0.035714
20	45	0.050000
20	47	0.083333
20	53	0.050000
20	59	0.111111
20	64	0.090909
20	67	0.083333
20	108	0.100000
20	111	0.125000
20	117	0.111111
20	124	0.125000
20	163	0.111111
20	164	0.142857
20	174	0.142857
21	3	0.038462
21	11	0.027778
21	12	0.017241
21	13	0.025641
21	14	0.037037
21	16	0.043478
21	17	0.027027
21	23	0.034483
21	24	0.066667
21	27	0.083333
21	36	0.066667
21	37	0.045455
21	38	0.052632
21	44	0.066667
21	62	0.090909
21	64	0.090909
21	76	0.100000
21	84	0.111111
21	112	0.111111
21	117	0.111111
21	118	0.100000
21	122	0.125000
21	125	0.142857
21	158	0.142857
21	181	0.142857
21	183	0.142857
22	5	0.026316
22	6	0.021277
22	7	0.018868
22	8	0.021739
22	11	0.027778
22	12	0.017241
22	13	0.025641
22	24	0.066667
22	26	0.100000
22	27	0.083333
22	33	0.035714
22	40	0.055556
22	46	0.100000
22	58	0.100000
22	63	0.083333
22	67	0.083333
22	71	0.066667
22	97	0.083333
22	98	0.090909
22	99	0.100000
22	102	0.111111
22	115	0.125000
22	136	0.111111
22	142	0.100000
22	150	0.142857
22	151	0.142857
22	160	0.125000
23	0	0.030303
23	6	0.021277
23	7	0.018868
23	9	0.026316
23	17	0.027027
23	19	0.040000
23	21	0.038462
23	30	0.055556
23	33	0.035714
23	39	0.034483
23	42	0.035714
23	46	0.100000
23	47	0.083333
23	48	0.047619
23	57	0.100000
23	66	0.076923
23	67	0.083333
23	87	0.083333
23	90	0.142857
23	95	0.125000
23	102	0.111111
23	105	0.076923
23	109	0.111111
23	112	0.111111
23	124	0.125000
23	146	0.142857
23	155	0.142857
23	158	0.142857
23	167	0.142857
24	1	0.027027
24	7	0.018868
24	10	0.027778
24	17	0.027027
24	19	0.040000
24	21	0.038462
24	22	0.037037
24	40	0.055556
24	41	0.062500
24	43	0.076923
24	101	0.100000
24	102	0.111111
24	105	0.076923
24	150	0.142857
24	176	0.142857
25	3	0.038462
25	5	0.026316
25	6	0.021277
25	11	0.027778
25	14	0.037037
25	17	0.027027
25	19	0.040000
25	28	0.066667
25	32	0.038462
25	43	0.076923
25	45	0.050000
25	46	0.100000
25	47	0.083333
25	105	0.076923
25	110	0.125000
25	144	0.100000
26	0	0.030303
26	1	0.027027
26	3	0.038462
26	4	0.052632
26	8	0.021739
26	11	0.027778
26	22	0.037037
26	70	0.076923
26	89	0.142857
26	155	0.142857
27	0	0.030303
27	5	0.026316
27	9	0.026316
27	10	0.027778
27	11	0.027778
27	21	0.038462
27	22	0.037037
27	31	0.076923
27	47	0.083333
27	65	0.076923
27	100	0.090909
27	116	0.100000
28	0	0.030303
28	1	0.027027
28	5	0.026316
28	7	0.018868
28	9	0.026316
28	12	0.017241
28	25	0.062500
28	31	0.076923
28	32	0.038462
28	36	0.066667
28	44	0.066667
28	52	0.076923
28	77	0.100000
28	161	0.142857
28	167	0.142857
29	3	0.038462
29	5	0.026316
29	10	0.027778
29	16	0.043478
29	17	0.027027
29	18	0.050000
29	20	0.040000
29	32	0.038462
29	34	0.045455
29	40	0.055556
29	42	0.035714
29	46	0.100000
29	50	0.071429
29	55	0.083333
29	69	0.062500
29	78	0.090909
29	100	0.090909
29	160	0.125000
29	178	0.142857
29	181	0.142857
30	1	0.027027
30	5	0.026316
30	7	0.018868
30	10	0.027778
30	11	0.027778
30	13	0.025641
30	23	0.034483
30	48	0.047619
30	49	0.058824
30	52	0.076923
30	77	0.100000
30	80	0.111111
30	85	0.111111
30	93	0.125000
30	120	0.125000
30	139	0.100000
30	147	0.125000
30	181	0.142857
31	1	0.027027
31	5	0.026316
31	6	0.021277
31	13	0.025641
31	20	0.040000
31	27	0.083333
31	28	0.066667
31	35	0.071429
31	75	0.066667
31	124	0.125000
31	146	0.142857
31	150	0.142857
31	173	0.142857
32	6	0.021277
32	12	0.017241
32	13	0.025641
32	17	0.027027
32	25	0.062500
32	28	0.066667
32	29	0.050000
32	34	0.045455
32	36	0.066667
32	40	0.055556
32	70	0.076923
32	75	0.066667
32	87	0.083333
32	104	0.090909
32	123	0.111111
32	131	0.125000
32	135	0.090909
32	136	0.111111
32	139	0.100000
32	143	0.142857
32	148	0.142857
32	153	0.125000
32	163	0.111111
32	166	0.125000
32	171	0.142857
32	172	0.142857
33	4	0.052632
33	8	0.021739
33	9	0.026316
33	13	0.025641
33	17	0.027027
33	22	0.037037
33	23	0.034483
33	44	0.066667
33	45	0.050000
33	47	0.083333
33	69	0.062500
33	70	0.076923
33	77	0.100000
33	78	0.090909
33	81	0.142857
33	86	0.100000
33	87	0.083333
33	94	0.111111
33	98	0.090909
33	99	0.100000
33	100	0.090909
33	107	0.076923
33	126	0.142857
33	130	0.125000
33	132	0.142857
33	137	0.142857
33	149	0.111111
33	158	0.142857
34	2	0.083333
34	6	0.021277
34	14	0.037037
34	15	0.034483
34	20	0.040000
34	29	0.050000
34	32	0.038462
34	35	0.071429
34	41	0.062500
34	45	0.050000
34	49	0.058824
34	53	0.050000
34	63	0.083333
34	94	0.111111
34	96	0.090909
34	103	0.111111
34	112	0.111111
34	135	0.090909
34	140	0.111111
34	156	0.142857
34	176	0.142857
34	181	0.142857
35	5	0.026316
35	6	0.021277
35	7	0.018868
35	8	0.021739
35	11	0.027778
35	31	0.076923
35	34	0.045455
35	61	0.100000
35	71	0.066667
35	93	0.125000
35	103	0.111111
35	125	0.142857
35	156	0.142857
35	157	0.111111
36	4	0.052632
36	6	0.021277
36	12	0.017241
36	13	0.025641
36	21	0.038462
36	28	0.066667
36	32	0.038462
36	45	0.050000
36	76	0.100000
36	91	0.083333
36	107	0.076923
36	124	0.125000
36	125	0.142857
36	170	0.142857
36	174	0.142857
37	0	0.030303
37	8	0.021739
37	9	0.026316
37	11	0.027778
37	12	0.017241
37	14	0.037037
37	21	0.038462
37	43	0.076923
37	56	0.076923
37	61	0.100000
37	73	0.083333
37	74	0.100000
37	82	0.100000
37	86	0.100000
37	89	0.142857
37	94	0.111111
37	97	0.083333
37	101	0.100000
37	126	0.142857
37	131	0.125000
37	172	0.142857
37	182	0.142857
38	1	0.027027
38	2	0.083333
38	3	0.038462
38	6	0.021277
38	7	0.018868
38	13	0.025641
38	21	0.038462
38	39	0.034483
38	62	0.090909
38	92	0.125000
38	96	0.090909
38	101	0.100000
38	108	0.100000
38	113	0.142857
38	134	0.125000
38	142	0.100000
38	151	0.142857
38	152	0.142857
38	173	0.142857
39	0	0.030303
39	1	0.027027
39	3	0.038462
39	5	0.026316
39	16	0.043478
39	23	0.034483
39	38	0.052632
39	40	0.055556
39	41	0.062500
39	49	0.058824
39	52	0.076923
39	55	0.083333
39	58	0.100000
39	62	0.090909
39	64	0.090909
39	66	0.076923
39	70	0.076923
39	86	0.100000
39	90	0.142857
39	95	0.125000
39	99	0.100000
39	129	0.125000
39	138	0.125000
39	139	0.100000
39	140	0.111111
39	144	0.100000
39	148	0.142857
39	149	0.111111
39	157	0.111111
40	8	0.021739
40	20	0.040000
40	22	0.037037
40	24	0.066667
40	29	0.050000
40	32	0.038462
40	39	0.034483
40	46	0.100000
40	50	0.071429
40	66	0.076923
40	72	0.111111
40	82	0.100000
40	99	0.100000
40	119	0.142857
40	123	0.111111
40	151	0.142857
40	152	0.142857
40	182	0.142857
41	5	0.026316
41	6	0.021277
41	12	0.017241
41	17	0.027027
41	24	0.066667
41	34	0.045455
41	39	0.034483
41	43	0.076923
41	54	0.083333
41	68	0.100000
41	101	0.100000
41	104	0.090909
41	147	0.125000
41	148	0.142857
41	159	0.125000
41	163	0.111111
42	1	0.027027
42	5	0.026316
42	6	0.021277
42	8	0.021739
42	20	0.040000
42	23	0.034483
42	29	0.050000
42	53	0.050000
42	60	0.125000
42	61	0.100000
42	62	0.090909
42	65	0.076923
42	68	0.100000
42	69	0.062500
42	72	0.111111
42	79	0.100000
42	85	0.111111
42	94	0.111111
42	105	0.076923
42	113	0.142857
42	128	0.111111
42	134	0.125000
42	142	0.100000
42	146	0.142857
42	147	0.125000
42	165	0.142857
42	179	0.142857
42	183	0.142857
43	0	0.030303
43	14	0.037037
43	17	0.027027
43	24	0.066667
43	25	0.062500
43	37	0.045455
43	41	0.062500
43	74	0.100000
43	89	0.142857
43	123	0.111111
43	126	0.142857
43	162	0.142857
43	175	0.142857
44	2	0.083333
44	6	0.021277
44	8	0.021739
44	15	0.034483
44	21	0.038462
44	28	0.066667
44	33	0.035714
44	59	0.111111
44	62	0.090909
44	64	0.090909
44	65	0.076923
44	93	0.125000
44	151	0.142857
44	156	0.142857
44	180	0.142857
45	0	0.030303
45	19	0.040000
45	20	0.040000
45	25	0.062500
45	33	0.035714
45	34	0.045455
45	36	0.066667
45	54	0.083333
45	66	0.076923
45	74	0.100000
45	81	0.142857
45	84	0.111111
45	103	0.111111
45	106	0.125000
45	109	0.111111
45	127	0.142857
45	148	0.142857
45	154	0.142857
45	173	0.142857
45	182	0.142857
46	5	0.026316
46	9	0.026316
46	22	0.037037
46	23	0.034483
46	25	0.062500
46	29	0.050000
46	40	0.055556
46	83	0.083333
46	91	0.083333
46	98	0.090909
47	3	0.038462
47	9	0.026316
47	20	0.040000
47	23	0.034483
47	25	0.062500
47	27	0.083333
47	33	0.035714
47	52	0.076923
47	90	0.142857
47	120	0.125000
47	146	0.142857
47	155	0.142857
48	2	0.083333
48	5	0.026316
48	6	0.021277
48	12	0.017241
48	17	0.027027
48	23	0.034483
48	30	0.055556
48	54	0.083333
48	55	0.083333
48	57	0.100000
48	63	0.083333
48	85	0.111111
48	89	0.142857
48	91	0.083333
48	92	0.125000
48	94	0.111111
48	106	0.125000
48	140	0.111111
48	153	0.125000
48	166	0.125000
48	175	0.142857
49	1	0.027027
49	8	0.021739
49	10	0.027778
49	16	0.043478
49	30	0.055556
49	34	0.045455
49	39	0.034483
49	53	0.050000
49	68	0.100000
49	76	0.100000
49	88	0.111111
49	95	0.125000
49	103	0.111111
49	106	0.125000
49	110	0.125000
49	144	0.100000
49	166	0.125000
50	0	0.030303
50	5	0.026316
50	7	0.018868
50	12	0.017241
50	15	0.034483
50	29	0.050000
50	40	0.055556
50	55	0.083333
50	69	0.062500
50	83	0.083333
50	96	0.090909
50	115	0.125000
50	121	0.111111
50	174	0.142857
51	7	0.018868
51	10	0.027778
51	11	0.027778
51	13	0.025641
51	14	0.037037
51	16	0.043478
51	19	0.040000
51	58	0.100000
51	87	0.083333
51	97	0.083333
51	101	0.100000
52	11	0.027778
52	14	0.037037
52	15	0.034483
52	28	0.066667
52	30	0.055556
52	39	0.034483
52	47	0.083333
52	57	0.100000
52	59	0.111111
52	88	0.111111
52	128	0.111111
52	130	0.125000
52	183	0.142857
53	0	0.030303
53	6	0.021277
53	7	0.018868
53	20	0.040000
53	34	0.045455
53	42	0.035714
53	49	0.058824
53	64	0.090909
53	66	0.076923
53	73	0.083333
53	75	0.066667
53	82	0.100000
53	84	0.111111
53	86	0.100000
53	95	0.125000
53	128	0.111111
53	129	0.125000
53	145	0.142857
53	153	0.125000
53	165	0.142857
54	1	0.027027
54	8	0.021739
54	11	0.027778
54	13	0.025641
54	41	0.062500
54	45	0.050000
54	48	0.047619
54	114	0.111111
54	130	0.125000
54	135	0.090909
54	146	0.142857
54	163	0.111111
55	8	0.021739
55	11	0.027778
55	12	0.017241
55	29	0.050000
55	39	0.034483
55	48	0.047619
55	50	0.071429
55	76	0.100000
55	93	0.125000
55	111	0.125000
55	143	0.142857
55	179	0.142857
56	0	0.030303
56	3	0.038462
56	6	0.021277
56	8	0.021739
56	12	0.017241
56	18	0.050000
56	37	0.045455
56	70	0.076923
56	117	0.111111
56	119	0.142857
56	124	0.125000
56	163	0.111111
56	166	0.125000
57	1	0.027027
57	11	0.027778
57	12	0.017241
57	18	0.050000
57	23	0.034483
57	48	0.047619
57	52	0.076923
57	90	0.142857
57	112	0.111111
57	137	0.142857
58	7	0.018868
58	10	0.027778
58	12	0.017241
58	17	0.027027
58	22	0.037037
58	39	0.034483
58	51	0.090909
58	73	0.083333
58	122	0.125000
58	183	0.142857
59	0	0.030303
59	3	0.038462
59	5	0.026316
59	16	0.043478
59	20	0.040000
59	44	0.066667
59	52	0.076923
59	68	0.100000
59	71	0.066667
60	4	0.052632
60	12	0.017241
60	13	0.025641
60	14	0.037037
60	15	0.034483
60	19	0.040000
60	42	0.035714
60	112	0.111111
61	1	0.027027
61	8	0.021739
61	14	0.037037
61	15	0.034483
61	35	0.071429
61	37	0.045455
61	42	0.035714
61	72	0.111111
61	118	0.100000
61	122	0.125000
62	12	0.017241
62	21	0.038462
62	38	0.052632
62	39	0.034483
62	42	0.035714
62	44	0.066667
62	69	0.062500
62	140	0.111111
62	144	0.100000
62	159	0.125000
62	166	0.125000
63	2	0.083333
63	8	0.021739
63	13	0.025641
63	17	0.027027
63	22	0.037037
63	34	0.045455
63	48	0.047619
63	79	0.100000
63	87	0.083333
63	89	0.142857
63	111	0.125000
63	132	0.142857
64	6	0.021277
64	15	0.034483
64	20	0.040000
64	21	0.038462
64	39	0.034483
64	44	0.066667
64	53	0.050000
64	77	0.100000
64	91	0.083333
64	133	0.142857
64	180	0.142857
65	7	0.018868
65	10	0.027778
65	11	0.027778
65	15	0.034483
65	27	0.083333
65	42	0.035714
65	44	0.066667
65	71	0.066667
65	78	0.090909
65	86	0.100000
65	106	0.125000
65	141	0.142857
65	164	0.142857
66	0	0.030303
66	3	0.038462
66	23	0.034483
66	39	0.034483
66	40	0.055556
66	45	0.050000
66	53	0.050000
66	84	0.111111
66	96	0.090909
66	127	0.142857
66	139	0.100000
66	148	0.142857
66	160	0.125000
67	3	0.038462
67	12	0.017241
67	13	0.025641
67	17	0.027027
67	20	0.040000
67	22	0.037037
67	23	0.034483
67	86	0.100000
67	87	0.083333
67	90	0.142857
67	117	0.111111
67	118	0.100000
68	1	0.027027
68	5	0.026316
68	6	0.021277
68	41	0.062500
68	42	0.035714
68	49	0.058824
68	59	0.111111
68	100	0.090909
68	102	0.111111
68	163	0.111111
69	12	0.017241
69	15	0.034483
69	29	0.050000
69	33	0.035714
69	42	0.035714
69	50	0.071429
69	62	0.090909
69	78	0.090909
69	88	0.111111
69	94	0.111111
69	111	0.125000
69	113	0.142857
69	122	0.125000
69	127	0.142857
69	136	0.111111
69	159	0.125000
70	4	0.052632
70	9	0.026316
70	26	0.100000
70	32	0.038462
70	33	0.035714
70	39	0.034483
70	56	0.076923
70	97	0.083333
70	104	0.090909
70	128	0.111111
70	131	0.125000
70	161	0.142857
70	178	0.142857
71	5	0.026316
71	6	0.021277
71	18	0.050000
71	22	0.037037
71	35	0.071429
71	59	0.111111
71	65	0.076923
71	88	0.111111
71	116	0.100000
71	125	0.142857
71	129	0.125000
71	141	0.142857
71	145	0.142857
71	157	0.111111
71	172	0.142857
72	1	0.027027
72	3	0.038462
72	7	0.018868
72	8	0.021739
72	40	0.055556
72	42	0.035714
72	61	0.100000
72	102	0.111111
72	115	0.125000
73	1	0.027027
73	9	0.026316
73	13	0.025641
73	17	0.027027
73	37	0.045455
73	53	0.050000
73	58	0.100000
73	79	0.100000
73	89	0.142857
73	95	0.125000
73	100	0.090909
73	149	0.111111
74	1	0.027027
74	3	0.038462
74	9	0.026316
74	10	0.027778
74	37	0.045455
74	43	0.076923
74	45	0.050000
74	88	0.111111
74	100	0.090909
74	169	0.125000
75	1	0.027027
75	12	0.017241
75	13	0.025641
75	16	0.043478
75	31	0.076923
75	32	0.038462
75	53	0.050000
75	80	0.111111
75	82	0.100000
75	85	0.111111
75	98	0.090909
75	118	0.100000
75	133	0.142857
75	146	0.142857
75	148	0.142857
76	4	0.052632
76	10	0.027778
76	18	0.050000
76	21	0.038462
76	36	0.066667
76	49	0.058824
76	55	0.083333
76	79	0.100000
76	119	0.142857
76	161	0.142857
77	7	0.018868
77	12	0.017241
77	19	0.040000
77	28	0.066667
77	30	0.055556
77	33	0.035714
77	64	0.090909
77	116	0.100000
77	161	0.142857
77	164	0.142857
78	0	0.030303
78	5	0.026316
78	17	0.027027
78	29	0.050000
78	33	0.035714
78	65	0.076923
78	69	0.062500
78	90	0.142857
78	133	0.142857
78	137	0.142857
78	150	0.142857
79	6	0.021277
79	9	0.026316
79	11	0.027778
79	42	0.035714
79	63	0.083333
79	73	0.083333
79	76	0.100000
79	126	0.142857
79	132	0.142857
79	144	0.100000
80	1	0.027027
80	5	0.026316
80	7	0.018868
80	13	0.025641
80	19	0.040000
80	30	0.055556
80	75	0.066667
80	110	0.125000
80	165	0.142857
81	5	0.026316
81	6	0.021277
81	8	0.021739
81	11	0.027778
81	12	0.017241
81	33	0.035714
81	45	0.050000
82	9	0.026316
82	13	0.025641
82	19	0.040000
82	37	0.045455
82	40	0.055556
82	53	0.050000
82	75	0.066667
82	86	0.100000
82	87	0.083333
82	182	0.142857
83	6	0.021277
83	7	0.018868
83	14	0.037037
83	15	0.034483
83	18	0.050000
83	46	0.100000
83	50	0.071429
83	91	0.083333
83	98	0.090909
83	122	0.125000
83	124	0.125000
83	167	0.142857
84	0	0.030303
84	6	0.021277
84	16	0.043478
84	21	0.038462
84	45	0.050000
84	53	0.050000
84	66	0.076923
84	110	0.125000
84	145	0.142857
85	7	0.018868
85	12	0.017241
85	13	0.025641
85	30	0.055556
85	42	0.035714
85	48	0.047619
85	75	0.066667
85	158	0.142857
85	169	0.125000
86	33	0.035714
86	37	0.045455
86	39	0.034483
86	53	0.050000
86	65	0.076923
86	67	0.083333
86	82	0.100000
86	93	0.125000
86	106	0.125000
86	162	0.142857
87	23	0.034483
87	32	0.038462
87	33	0.035714
87	51	0.090909
87	63	0.083333
87	67	0.083333
87	82	0.100000
87	96	0.090909
87	117	0.111111
87	119	0.142857
87	165	0.142857
87	166	0.125000
88	1	0.027027
88	12	0.017241
88	49	0.058824
88	52	0.076923
88	69	0.062500
88	71	0.066667
88	74	0.100000
88	150	0.142857
88	161	0.142857
89	10	0.027778
89	26	0.100000
89	37	0.045455
89	43	0.076923
89	48	0.047619
89	63	0.083333
89	73	0.083333
90	10	0.027778
90	23	0.034483
90	39	0.034483
90	47	0.083333
90	57	0.100000
90	67	0.083333
90	78	0.090909
91	0	0.030303
91	17	0.027027
91	36	0.066667
91	46	0.100000
91	48	0.047619
91	64	0.090909
91	83	0.083333
91	92	0.125000
91	105	0.076923
91	127	0.142857
91	165	0.142857
91	176	0.142857
92	7	0.018868
92	10	0.027778
92	14	0.037037
92	17	0.027027
92	38	0.052632
92	48	0.047619
92	91	0.083333
92	110	0.125000
93	12	0.017241
93	18	0.050000
93	30	0.055556
93	35	0.071429
93	44	0.066667
93	55	0.083333
93	86	0.100000
93	166	0.125000
94	19	0.040000
94	33	0.035714
94	34	0.045455
94	37	0.045455
94	42	0.035714
94	48	0.047619
94	69	0.062500
94	129	0.125000
94	139	0.100000
95	3	0.038462
95	12	0.017241
95	23	0.034483
95	39	0.034483
95	49	0.058824
95	53	0.050000
95	73	0.083333
95	135	0.090909
96	6	0.021277
96	12	0.017241
96	34	0.045455
96	38	0.052632
96	50	0.071429
96	66	0.076923
96	87	0.083333
96	108	0.100000
96	122	0.125000
96	145	0.142857
96	154	0.142857
97	7	0.018868
97	12	0.017241
97	19	0.040000
97	22	0.037037
97	37	0.045455
97	51	0.090909
97	70	0.076923
97	111	0.125000
97	120	0.125000
97	131	0.125000
97	133	0.142857
97	141	0.142857
98	13	0.025641
98	14	0.037037
98	22	0.037037
98	33	0.035714
98	46	0.100000
98	75	0.066667
98	83	0.083333
98	111	0.125000
98	128	0.111111
98	136	0.111111
98	179	0.142857
99	5	0.026316
99	9	0.026316
99	18	0.050000
99	22	0.037037
99	33	0.035714
99	39	0.034483
99	40	0.055556
99	142	0.100000
99	155	0.142857
99	173	0.142857
100	18	0.050000
100	27	0.083333
100	29	0.050000
100	33	0.035714
100	68	0.100000
100	73	0.083333
100	74	0.100000
100	108	0.100000
100	157	0.111111
100	169	0.125000
100	170	0.142857
101	6	0.021277
101	7	0.018868
101	24	0.066667
101	37	0.045455
101	38	0.052632
101	41	0.062500
101	51	0.090909
101	132	0.142857
101	145	0.142857
101	153	0.125000
102	7	0.018868
102	8	0.021739
102	22	0.037037
102	23	0.034483
102	24	0.066667
102	68	0.100000
102	72	0.111111
102	108	0.100000
102	128	0.111111
103	7	0.018868
103	8	0.021739
103	9	0.026316
103	34	0.045455
103	35	0.071429
103	45	0.050000
103	49	0.058824
103	115	0.125000
103	134	0.125000
104	6	0.021277
104	7	0.018868
104	9	0.026316
104	19	0.040000
104	32	0.038462
104	41	0.062500
104	70	0.076923
104	137	0.142857
104	147	0.125000
104	176	0.142857
104	178	0.142857
105	8	0.021739
105	10	0.027778
105	23	0.034483
105	24	0.066667
105	25	0.062500
105	42	0.035714
105	91	0.083333
105	120	0.125000
105	134	0.125000
105	161	0.142857
105	169	0.125000
105	174	0.142857
105	183	0.142857
106	7	0.018868
106	13	0.025641
106	45	0.050000
106	48	0.047619
106	49	0.058824
106	65	0.076923
106	86	0.100000
106	113	0.142857
107	12	0.017241
107	14	0.037037
107	15	0.034483
107	16	0.043478
107	18	0.050000
107	33	0.035714
107	36	0.066667
107	118	0.100000
107	132	0.142857
107	138	0.125000
107	153	0.125000
107	175	0.142857
107	181	0.142857
108	6	0.021277
108	9	0.026316
108	20	0.040000
108	38	0.052632
108	96	0.090909
108	100	0.090909
108	102	0.111111
108	134	0.125000
108	137	0.142857
108	172	0.142857
109	1	0.027027
109	5	0.026316
109	9	0.026316
109	11	0.027778
109	12	0.017241
109	23	0.034483
109	45	0.050000
109	114	0.111111
109	147	0.125000
110	10	0.027778
110	12	0.017241
110	25	0.062500
110	49	0.058824
110	80	0.111111
110	84	0.111111
110	92	0.125000
110	171	0.142857
111	0	0.030303
111	20	0.040000
111	55	0.083333
111	63	0.083333
111	69	0.062500
111	97	0.083333
111	98	0.090909
111	123	0.111111
112	0	0.030303
112	13	0.025641
112	21	0.038462
112	23	0.034483
112	34	0.045455
112	57	0.100000
112	60	0.125000
112	177	0.111111
112	179	0.142857
113	4	0.052632
113	5	0.026316
113	19	0.040000
113	38	0.052632
113	42	0.035714
113	69	0.062500
113	106	0.125000
114	1	0.027027
114	6	0.021277
114	8	0.021739
114	11	0.027778
114	16	0.043478
114	54	0.083333
114	109	0.111111
114	142	0.100000
114	155	0.142857
115	7	0.018868
115	8	0.021739
115	14	0.037037
115	22	0.037037
115	50	0.071429
115	72	0.111111
115	103	0.111111
115	129	0.125000
116	1	0.027027
116	3	0.038462
116	15	0.034483
116	16	0.043478
116	27	0.083333
116	71	0.066667
116	77	0.100000
116	149	0.111111
116	157	0.111111
116	181	0.142857
117	8	0.021739
117	17	0.027027
117	20	0.040000
117	21	0.038462
117	56	0.076923
117	67	0.083333
117	87	0.083333
117	135	0.090909
117	175	0.142857
118	6	0.021277
118	17	0.027027
118	21	0.038462
118	61	0.100000
118	67	0.083333
118	75	0.066667
118	107	0.076923
118	140	0.111111
118	141	0.142857
118	142	0.100000
119	8	0.021739
119	16	0.043478
119	18	0.050000
119	40	0.055556
119	56	0.076923
119	76	0.100000
119	87	0.083333
120	3	0.038462
120	5	0.026316
120	15	0.034483
120	30	0.055556
120	47	0.083333
120	97	0.083333
120	105	0.076923
120	174	0.142857
121	2	0.083333
121	7	0.018868
121	9	0.026316
121	10	0.027778
121	12	0.017241
121	13	0.025641
121	50	0.071429
121	135	0.090909
121	160	0.125000
122	4	0.052632
122	21	0.038462
122	58	0.100000
122	61	0.100000
122	69	0.062500
122	83	0.083333
122	96	0.090909
122	161	0.142857
123	11	0.027778
123	13	0.025641
123	15	0.034483
123	32	0.038462
123	40	0.055556
123	43	0.076923
123	111	0.125000
123	127	0.142857
123	151	0.142857
124	14	0.037037
124	20	0.040000
124	23	0.034483
124	31	0.076923
124	36	0.066667
124	56	0.076923
124	83	0.083333
124	140	0.111111
125	6	0.021277
125	9	0.026316
125	11	0.027778
125	21	0.038462
125	35	0.071429
125	36	0.066667
125	71	0.066667
126	1	0.027027
126	3	0.038462
126	14	0.037037
126	33	0.035714
126	37	0.045455
126	43	0.076923
126	79	0.100000
127	9	0.026316
127	12	0.017241
127	45	0.050000
127	66	0.076923
127	69	0.062500
127	91	0.083333
127	123	0.111111
128	12	0.017241
128	42	0.035714
128	52	0.076923
128	53	0.050000
128	70	0.076923
128	98	0.090909
128	102	0.111111
128	130	0.125000
128	131	0.125000
129	3	0.038462
129	7	0.018868
129	39	0.034483
129	53	0.050000
129	71	0.066667
129	94	0.111111
129	115	0.125000
129	156	0.142857
130	1	0.027027
130	6	0.021277
130	15	0.034483
130	33	0.035714
130	52	0.076923
130	54	0.083333
130	128	0.111111
130	171	0.142857
131	0	0.030303
131	3	0.038462
131	32	0.038462
131	37	0.045455
131	70	0.076923
131	97	0.083333
131	128	0.111111
131	168	0.142857
132	6	0.021277
132	8	0.021739
132	33	0.035714
132	63	0.083333
132	79	0.100000
132	101	0.100000
132	107	0.076923
133	7	0.018868
133	15	0.034483
133	17	0.027027
133	64	0.090909
133	75	0.066667
133	78	0.090909
133	97	0.083333
134	10	0.027778
134	14	0.037037
134	38	0.052632
134	42	0.035714
134	103	0.111111
134	105	0.076923
134	108	0.100000
134	142	0.100000
135	12	0.017241
135	32	0.038462
135	34	0.045455
135	54	0.083333
135	95	0.125000
135	117	0.111111
135	121	0.111111
135	141	0.142857
135	148	0.142857
135	154	0.142857
135	156	0.142857
136	8	0.021739
136	9	0.026316
136	18	0.050000
136	22	0.037037
136	32	0.038462
136	69	0.062500
136	98	0.090909
136	153	0.125000
136	154	0.142857
137	6	0.021277
137	17	0.027027
137	33	0.035714
137	57	0.100000
137	78	0.090909
137	104	0.090909
137	108	0.100000
138	2	0.083333
138	5	0.026316
138	10	0.027778
138	14	0.037037
138	16	0.043478
138	39	0.034483
138	107	0.076923
138	145	0.142857
139	3	0.038462
139	12	0.017241
139	30	0.055556
139	32	0.038462
139	39	0.034483
139	66	0.076923
139	94	0.111111
139	143	0.142857
139	149	0.111111
139	158	0.142857
140	10	0.027778
140	34	0.045455
140	39	0.034483
140	48	0.047619
140	62	0.090909
140	118	0.100000
140	124	0.125000
140	179	0.142857
140	182	0.142857
141	12	0.017241
141	13	0.025641
141	65	0.076923
141	71	0.066667
141	97	0.083333
141	118	0.100000
141	135	0.090909
142	22	0.037037
142	38	0.052632
142	42	0.035714
142	99	0.100000
142	114	0.111111
142	118	0.100000
142	134	0.125000
142	164	0.142857
142	167	0.142857
142	173	0.142857
143	7	0.018868
143	8	0.021739
143	12	0.017241
143	15	0.034483
143	32	0.038462
143	55	0.083333
143	139	0.100000
144	10	0.027778
144	14	0.037037
144	25	0.062500
144	39	0.034483
144	49	0.058824
144	62	0.090909
144	79	0.100000
144	147	0.125000
144	163	0.111111
144	180	0.142857
145	0	0.030303
145	53	0.050000
145	71	0.066667
145	84	0.111111
145	96	0.090909
145	101	0.100000
145	138	0.125000
146	11	0.027778
146	23	0.034483
146	31	0.076923
146	42	0.035714
146	47	0.083333
146	54	0.083333
146	75	0.066667
147	6	0.021277
147	30	0.055556
147	41	0.062500
147	42	0.035714
147	104	0.090909
147	109	0.111111
147	144	0.100000
147	159	0.125000
148	32	0.038462
148	39	0.034483
148	41	0.062500
148	45	0.050000
148	66	0.076923
148	75	0.066667
148	135	0.090909
149	5	0.026316
149	13	0.025641
149	33	0.035714
149	39	0.034483
149	73	0.083333
149	116	0.100000
149	139	0.100000
149	180	0.142857
149	183	0.142857
150	6	0.021277
150	7	0.018868
150	22	0.037037
150	24	0.066667
150	31	0.076923
150	78	0.090909
150	88	0.111111
151	7	0.018868
151	17	0.027027
151	22	0.037037
151	38	0.052632
151	40	0.055556
151	44	0.066667
151	123	0.111111
152	1	0.027027
152	4	0.052632
152	5	0.026316
152	8	0.021739
152	11	0.027778
152	38	0.052632
152	40	0.055556
153	6	0.021277
153	32	0.038462
153	48	0.047619
153	53	0.050000
153	101	0.100000
153	107	0.076923
153	136	0.111111
153	171	0.142857
154	6	0.021277
154	9	0.026316
154	12	0.017241
154	45	0.050000
154	96	0.090909
154	135	0.090909
154	136	0.111111
155	6	0.021277
155	9	0.026316
155	23	0.034483
155	26	0.100000
155	47	0.083333
155	99	0.100000
155	114	0.111111
156	6	0.021277
156	12	0.017241
156	34	0.045455
156	35	0.071429
156	44	0.066667
156	129	0.125000
156	135	0.090909
157	5	0.026316
157	13	0.025641
157	35	0.071429
157	39	0.034483
157	71	0.066667
157	100	0.090909
157	116	0.100000
157	165	0.142857
157	172	0.142857
158	9	0.026316
158	13	0.025641
158	21	0.038462
158	23	0.034483
158	33	0.035714
158	85	0.111111
158	139	0.100000
159	7	0.018868
159	12	0.017241
159	13	0.025641
159	41	0.062500
159	62	0.090909
159	69	0.062500
159	147	0.125000
159	168	0.142857
160	0	0.030303
160	9	0.026316
160	11	0.027778
160	22	0.037037
160	29	0.050000
160	66	0.076923
160	121	0.111111
160	172	0.142857
161	28	0.066667
161	70	0.076923
161	76	0.100000
161	77	0.100000
161	88	0.111111
161	105	0.076923
161	122	0.125000
162	0	0.030303
162	8	0.021739
162	10	0.027778
162	12	0.017241
162	16	0.043478
162	43	0.076923
162	86	0.100000
163	20	0.040000
163	32	0.038462
163	41	0.062500
163	54	0.083333
163	56	0.076923
163	68	0.100000
163	144	0.100000
163	177	0.111111
163	182	0.142857
164	10	0.027778
164	12	0.017241
164	19	0.040000
164	20	0.040000
164	65	0.076923
164	77	0.100000
164	142	0.100000
165	17	0.027027
165	42	0.035714
165	53	0.050000
165	80	0.111111
165	87	0.083333
165	91	0.083333
165	157	0.111111
166	32	0.038462
166	48	0.047619
166	49	0.058824
166	56	0.076923
166	62	0.090909
166	87	0.083333
166	93	0.125000
166	167	0.142857
167	11	0.027778
167	16	0.043478
167	23	0.034483
167	28	0.066667
167	83	0.083333
167	142	0.100000
167	166	0.125000
168	0	0.030303
168	4	0.052632
168	7	0.018868
168	12	0.017241
168	17	0.027027
168	131	0.125000
168	159	0.125000
169	8	0.021739
169	17	0.027027
169	19	0.040000
169	74	0.100000
169	85	0.111111
169	100	0.090909
169	105	0.076923
169	170	0.142857
170	0	0.030303
170	1	0.027027
170	10	0.027778
170	17	0.027027
170	36	0.066667
170	100	0.090909
170	169	0.125000
171	8	0.021739
171	10	0.027778
171	11	0.027778
171	32	0.038462
171	110	0.125000
171	130	0.125000
171	153	0.125000
172	19	0.040000
172	32	0.038462
172	37	0.045455
172	71	0.066667
172	108	0.100000
172	157	0.111111
172	160	0.125000
173	2	0.083333
173	12	0.017241
173	31	0.076923
173	38	0.052632
173	45	0.050000
173	99	0.100000
173	142	0.100000
174	13	0.025641
174	16	0.043478
174	20	0.040000
174	36	0.066667
174	50	0.071429
174	105	0.076923
174	120	0.125000
175	9	0.026316
175	15	0.034483
175	17	0.027027
175	43	0.076923
175	48	0.047619
175	107	0.076923
175	117	0.111111
176	6	0.021277
176	7	0.018868
176	12	0.017241
176	24	0.066667
176	34	0.045455
176	91	0.083333
176	104	0.090909
177	2	0.083333
177	3	0.038462
177	4	0.052632
177	13	0.025641
177	19	0.040000
177	112	0.111111
177	163	0.111111
177	179	0.142857
177	180	0.142857
178	1	0.027027
178	4	0.052632
178	8	0.021739
178	15	0.034483
178	29	0.050000
178	70	0.076923
178	104	0.090909
179	19	0.040000
179	42	0.035714
179	55	0.083333
179	98	0.090909
179	112	0.111111
179	140	0.111111
179	177	0.111111
180	9	0.026316
180	18	0.050000
180	44	0.066667
180	64	0.090909
180	144	0.100000
180	149	0.111111
180	177	0.111111
181	5	0.026316
181	21	0.038462
181	29	0.050000
181	30	0.055556
181	34	0.045455
181	107	0.076923
181	116	0.100000
182	17	0.027027
182	37	0.045455
182	40	0.055556
182	45	0.050000
182	82	0.100000
182	140	0.111111
182	163	0.111111
183	12	0.017241
183	21	0.038462
183	42	0.035714
183	52	0.076923
183	58	0.100000
183	105	0.076923
183	149	0.111111
