198	2674
0	1	0.026316
0	2	0.041667
0	3	0.027027
0	4	0.027027
0	5	0.030303
0	6	0.055556
0	7	0.023256
0	8	0.022727
0	9	0.016667
0	10	0.023810
0	11	0.028571
0	12	0.028571
0	13	0.024390
0	16	0.028571
0	17	0.038462
0	18	0.035714
0	20	0.066667
0	21	0.040000
0	23	0.041667
0	24	0.033333
0	25	0.076923
0	31	0.066667
0	36	0.052632
0	38	0.083333
0	41	0.050000
0	42	0.071429
0	43	0.066667
0	44	0.062500
0	46	0.047619
0	48	0.045455
0	50	0.100000
0	51	0.071429
0	62	0.076923
0	64	0.100000
0	74	0.083333
0	78	0.071429
0	96	0.083333
0	100	0.125000
0	101	0.100000
0	102	0.111111
0	108	0.100000
0	114	0.125000
0	118	0.111111
0	122	0.100000
0	129	0.111111
0	130	0.111111
0	135	0.111111
0	149	0.142857
0	151	0.111111
0	159	0.125000
0	161	0.111111
0	177	0.142857
0	183	0.142857
0	186	0.142857
0	187	0.142857
0	189	0.142857
0	196	0.142857
1	0	0.017544
1	8	0.022727
1	9	0.016667
1	10	0.023810
1	11	0.028571
1	12	0.028571
1	13	0.024390
1	19	0.034483
1	22	0.066667
1	24	0.033333
1	32	0.047619
1	35	0.030303
1	38	0.083333
1	53	0.066667
1	56	0.058824
1	63	0.083333
1	64	0.100000
1	66	0.100000
1	67	0.090909
1	74	0.083333
1	85	0.111111
1	86	0.083333
1	93	0.083333
1	98	0.111111
1	99	0.111111
1	100	0.125000
1	101	0.100000
1	104	0.090909
1	125	0.125000
1	133	0.090909
1	146	0.125000
1	151	0.111111
1	158	0.111111
1	161	0.111111
1	180	0.142857
1	182	0.142857
1	189	0.142857
1	197	0.142857
2	0	0.017544
2	8	0.022727
2	9	0.016667
2	11	0.028571
2	12	0.028571
2	14	0.032258
2	18	0.035714
2	28	0.045455
2	29	0.083333
2	30	0.047619
2	32	0.047619
2	53	0.066667
2	72	0.100000
2	79	0.071429
2	81	0.090909
2	113	0.125000
2	114	0.125000
2	118	0.111111
2	119	0.111111
2	128	0.111111
2	141	0.111111
2	145	0.111111
2	149	0.142857
2	172	0.111111
3	0	0.017544
3	8	0.022727
3	9	0.016667
3	13	0.024390
3	14	0.032258
3	17	0.038462
3	29	0.083333
3	43	0.066667
3	48	0.045455
3	55	0.055556
3	57	0.062500
3	67	0.090909
3	71	0.066667
3	72	0.100000
3	76	0.071429
3	84	0.090909
3	91	0.111111
3	96	0.083333
3	98	0.111111
3	101	0.100000
3	103	0.090909
3	106	0.111111
3	112	0.125000
3	113	0.125000
3	120	0.125000
3	121	0.111111
3	124	0.100000
3	128	0.111111
3	132	0.111111
3	133	0.090909
3	136	0.090909
3	149	0.142857
3	153	0.125000
3	177	0.142857
3	188	0.142857
3	190	0.142857
3	194	0.142857
4	0	0.017544
4	8	0.022727
4	9	0.016667
4	10	0.023810
4	12	0.028571
4	13	0.024390
4	20	0.066667
4	21	0.040000
4	26	0.043478
4	27	0.062500
4	29	0.083333
4	30	0.047619
4	33	0.045455
4	34	0.050000
4	35	0.030303
4	49	0.071429
4	51	0.071429
4	55	0.055556
4	58	0.066667
4	61	0.090909
4	77	0.111111
4	79	0.071429
4	82	0.100000
4	86	0.083333
4	93	0.083333
4	113	0.125000
4	118	0.111111
4	119	0.111111
4	120	0.125000
4	150	0.125000
4	151	0.111111
4	153	0.125000
4	155	0.125000
4	157	0.142857
4	166	0.125000
4	168	0.125000
4	180	0.142857
5	0	0.017544
5	8	0.022727
5	10	0.023810
5	11	0.028571
5	12	0.028571
5	15	0.040000
5	16	0.028571
5	17	0.038462
5	22	0.066667
5	23	0.041667
5	30	0.047619
5	37	0.055556
5	41	0.050000
5	46	0.047619
5	49	0.071429
5	57	0.062500
5	65	0.076923
5	67	0.090909
5	88	0.083333
5	90	0.111111
5	94	0.125000
5	95	0.100000
5	101	0.100000
5	106	0.111111
5	107	0.083333
5	108	0.100000
5	110	0.100000
5	127	0.142857
5	139	0.090909
5	153	0.125000
5	166	0.125000
5	178	0.142857
5	180	0.142857
6	0	0.017544
6	16	0.028571
6	18	0.035714
6	24	0.033333
6	31	0.066667
6	42	0.071429
6	49	0.071429
6	56	0.058824
6	59	0.100000
6	62	0.076923
6	68	0.050000
6	69	0.076923
6	83	0.090909
6	110	0.100000
6	113	0.125000
6	124	0.100000
6	137	0.111111
6	168	0.125000
7	0	0.017544
7	8	0.022727
7	9	0.016667
7	10	0.023810
7	12	0.028571
7	14	0.032258
7	15	0.040000
7	17	0.038462
7	18	0.035714
7	19	0.034483
7	20	0.066667
7	23	0.041667
7	28	0.045455
7	30	0.047619
7	32	0.047619
7	35	0.030303
7	36	0.052632
7	39	0.062500
7	47	0.076923
7	49	0.071429
7	52	0.071429
7	54	0.083333
7	60	0.090909
7	65	0.076923
7	69	0.076923
7	71	0.066667
7	73	0.083333
7	75	0.090909
7	84	0.090909
7	88	0.083333
7	92	0.090909
7	97	0.090909
7	106	0.111111
7	107	0.083333
7	114	0.125000
7	120	0.125000
7	125	0.125000
7	142	0.142857
7	150	0.125000
7	164	0.125000
7	170	0.142857
7	174	0.142857
7	192	0.142857
8	0	0.017544
8	1	0.026316
8	2	0.041667
8	3	0.027027
8	4	0.027027
8	5	0.030303
8	7	0.023256
8	9	0.016667
8	10	0.023810
8	11	0.028571
8	12	0.028571
8	14	0.032258
8	16	0.028571
8	17	0.038462
8	18	0.035714
8	19	0.034483
8	20	0.066667
8	23	0.041667
8	26	0.043478
8	28	0.045455
8	29	0.083333
8	33	0.045455
8	46	0.047619
8	47	0.076923
8	52	0.071429
8	59	0.100000
8	64	0.100000
8	73	0.083333
8	74	0.083333
8	75	0.090909
8	77	0.111111
8	81	0.090909
8	87	0.111111
8	88	0.083333
8	97	0.090909
8	103	0.090909
8	106	0.111111
8	109	0.142857
8	120	0.125000
8	127	0.142857
8	128	0.111111
8	144	0.100000
8	183	0.142857
8	193	0.142857
9	0	0.017544
9	1	0.026316
9	2	0.041667
9	3	0.027027
9	4	0.027027
9	7	0.023256
9	8	0.022727
9	10	0.023810
9	11	0.028571
9	13	0.024390
9	14	0.032258
9	15	0.040000
9	16	0.028571
9	17	0.038462
9	18	0.035714
9	19	0.034483
9	20	0.066667
9	21	0.040000
9	22	0.066667
9	23	0.041667
9	24	0.033333
9	27	0.062500
9	29	0.083333
9	35	0.030303
9	36	0.052632
9	37	0.055556
9	44	0.062500
9	45	0.090909
9	50	0.100000
9	56	0.058824
9	58	0.066667
9	62	0.076923
9	68	0.050000
9	69	0.076923
9	75	0.090909
9	76	0.071429
9	78	0.071429
9	83	0.090909
9	92	0.090909
9	94	0.125000
9	97	0.090909
9	101	0.100000
9	114	0.125000
9	123	0.142857
9	132	0.111111
9	136	0.090909
9	138	0.142857
9	140	0.111111
9	150	0.125000
9	152	0.142857
9	156	0.125000
9	163	0.125000
9	171	0.142857
9	174	0.142857
9	175	0.142857
9	178	0.142857
9	181	0.142857
9	182	0.142857
9	189	0.142857
9	195	0.142857
10	0	0.017544
10	1	0.026316
10	4	0.027027
10	5	0.030303
10	7	0.023256
10	8	0.022727
10	9	0.016667
10	11	0.028571
10	13	0.024390
10	15	0.040000
10	16	0.028571
10	18	0.035714
10	21	0.040000
10	22	0.066667
10	24	0.033333
10	25	0.076923
10	26	0.043478
10	28	0.045455
10	30	0.047619
10	33	0.045455
10	37	0.055556
10	40	0.076923
10	51	0.071429
10	54	0.083333
10	55	0.055556
10	61	0.090909
10	62	0.076923
10	70	0.076923
10	75	0.090909
10	98	0.111111
10	102	0.111111
10	141	0.111111
10	144	0.100000
10	145	0.111111
10	160	0.142857
10	163	0.125000
10	169	0.142857
10	175	0.142857
10	179	0.125000
10	184	0.142857
10	185	0.125000
10	193	0.142857
11	0	0.017544
11	1	0.026316
11	2	0.041667
11	5	0.030303
11	8	0.022727
11	9	0.016667
11	10	0.023810
11	14	0.032258
11	15	0.040000
11	17	0.038462
11	19	0.034483
11	21	0.040000
11	25	0.076923
11	33	0.045455
11	38	0.083333
11	41	0.050000
11	43	0.066667
11	44	0.062500
11	63	0.083333
11	65	0.076923
11	66	0.100000
11	74	0.083333
11	84	0.090909
11	86	0.083333
11	96	0.083333
11	99	0.111111
11	100	0.125000
11	117	0.111111
11	131	0.142857
11	134	0.100000
11	142	0.142857
11	147	0.142857
11	148	0.142857
11	164	0.125000
11	183	0.142857
12	0	0.017544
12	1	0.026316
12	2	0.041667
12	4	0.027027
12	5	0.030303
12	7	0.023256
12	8	0.022727
12	13	0.024390
12	19	0.034483
12	22	0.066667
12	26	0.043478
12	31	0.066667
12	34	0.050000
12	36	0.052632
12	40	0.076923
12	41	0.050000
12	43	0.066667
12	52	0.071429
12	53	0.066667
12	56	0.058824
12	67	0.090909
12	71	0.066667
12	73	0.083333
12	78	0.071429
12	82	0.100000
12	85	0.111111
12	93	0.083333
12	95	0.100000
12	107	0.083333
12	121	0.111111
12	146	0.125000
12	160	0.142857
12	168	0.125000
12	194	0.142857
12	195	0.142857
13	0	0.017544
13	1	0.026316
13	3	0.027027
13	4	0.027027
13	9	0.016667
13	10	0.023810
13	12	0.028571
13	14	0.032258
13	15	0.040000
13	16	0.028571
13	20	0.066667
13	25	0.076923
13	27	0.062500
13	31	0.066667
13	34	0.050000
13	35	0.030303
13	38	0.083333
13	41	0.050000
13	42	0.071429
13	49	0.071429
13	54	0.083333
13	65	0.076923
13	69	0.076923
13	79	0.071429
13	80	0.076923
13	85	0.111111
13	87	0.111111
13	90	0.111111
13	95	0.100000
13	102	0.111111
13	110	0.100000
13	121	0.111111
13	129	0.111111
13	139	0.090909
13	152	0.142857
13	163	0.125000
13	165	0.142857
13	184	0.142857
13	188	0.142857
13	195	0.142857
13	196	0.142857
14	2	0.041667
14	3	0.027027
14	7	0.023256
14	8	0.022727
14	9	0.016667
14	11	0.028571
14	13	0.024390
14	15	0.040000
14	20	0.066667
14	26	0.043478
14	36	0.052632
14	39	0.062500
14	44	0.062500
14	48	0.045455
14	61	0.090909
14	67	0.090909
14	71	0.066667
14	73	0.083333
14	74	0.083333
14	77	0.111111
14	86	0.083333
14	91	0.111111
14	106	0.111111
14	109	0.142857
14	116	0.100000
14	120	0.125000
14	137	0.111111
14	154	0.142857
14	162	0.111111
14	164	0.125000
14	197	0.142857
15	5	0.030303
15	7	0.023256
15	9	0.016667
15	10	0.023810
15	11	0.028571
15	13	0.024390
15	14	0.032258
15	21	0.040000
15	23	0.041667
15	25	0.076923
15	27	0.062500
15	31	0.066667
15	37	0.055556
15	39	0.062500
15	44	0.062500
15	46	0.047619
15	57	0.062500
15	63	0.083333
15	70	0.076923
15	105	0.125000
15	114	0.125000
15	119	0.111111
15	137	0.111111
15	176	0.142857
15	179	0.125000
16	0	0.017544
16	5	0.030303
16	6	0.055556
16	8	0.022727
16	9	0.016667
16	10	0.023810
16	13	0.024390
16	28	0.045455
16	33	0.045455
16	34	0.050000
16	35	0.030303
16	39	0.062500
16	40	0.076923
16	50	0.100000
16	51	0.071429
16	53	0.066667
16	57	0.062500
16	58	0.066667
16	60	0.090909
16	63	0.083333
16	66	0.100000
16	67	0.090909
16	83	0.090909
16	90	0.111111
16	92	0.090909
16	98	0.111111
16	109	0.142857
16	116	0.100000
16	127	0.142857
16	128	0.111111
16	131	0.142857
16	155	0.125000
16	171	0.142857
16	187	0.142857
16	197	0.142857
17	0	0.017544
17	3	0.027027
17	5	0.030303
17	7	0.023256
17	8	0.022727
17	9	0.016667
17	11	0.028571
17	19	0.034483
17	27	0.062500
17	28	0.045455
17	46	0.047619
17	47	0.076923
17	50	0.100000
17	60	0.090909
17	63	0.083333
17	70	0.076923
17	127	0.142857
17	139	0.090909
17	141	0.111111
17	143	0.090909
17	147	0.142857
17	152	0.142857
17	166	0.125000
17	179	0.125000
17	181	0.142857
17	191	0.142857
18	0	0.017544
18	2	0.041667
18	6	0.055556
18	7	0.023256
18	8	0.022727
18	9	0.016667
18	10	0.023810
18	21	0.040000
18	22	0.066667
18	24	0.033333
18	32	0.047619
18	34	0.050000
18	40	0.076923
18	43	0.066667
18	64	0.100000
18	65	0.076923
18	70	0.076923
18	78	0.071429
18	80	0.076923
18	84	0.090909
18	90	0.111111
18	106	0.111111
18	131	0.142857
18	134	0.100000
18	135	0.111111
18	150	0.125000
18	155	0.125000
18	160	0.142857
19	1	0.026316
19	7	0.023256
19	8	0.022727
19	9	0.016667
19	11	0.028571
19	12	0.028571
19	17	0.038462
19	26	0.043478
19	30	0.047619
19	31	0.066667
19	36	0.052632
19	37	0.055556
19	42	0.071429
19	45	0.090909
19	56	0.058824
19	68	0.050000
19	69	0.076923
19	71	0.066667
19	75	0.090909
19	95	0.100000
19	98	0.111111
19	116	0.100000
19	159	0.125000
19	171	0.142857
19	174	0.142857
19	175	0.142857
19	178	0.142857
19	185	0.125000
19	193	0.142857
20	0	0.017544
20	4	0.027027
20	7	0.023256
20	8	0.022727
20	9	0.016667
20	13	0.024390
20	14	0.032258
20	32	0.047619
20	37	0.055556
20	40	0.076923
20	47	0.076923
20	61	0.090909
20	72	0.100000
20	93	0.083333
20	113	0.125000
21	0	0.017544
21	4	0.027027
21	9	0.016667
21	10	0.023810
21	11	0.028571
21	15	0.040000
21	18	0.035714
21	22	0.066667
21	23	0.041667
21	30	0.047619
21	39	0.062500
21	44	0.062500
21	52	0.071429
21	54	0.083333
21	58	0.066667
21	60	0.090909
21	62	0.076923
21	76	0.071429
21	81	0.090909
21	82	0.100000
21	105	0.125000
21	117	0.111111
21	133	0.090909
21	137	0.111111
21	138	0.142857
22	1	0.026316
22	5	0.030303
22	9	0.016667
22	10	0.023810
22	12	0.028571
22	18	0.035714
22	21	0.040000
22	26	0.043478
22	37	0.055556
22	38	0.083333
22	42	0.071429
22	45	0.090909
22	115	0.100000
22	153	0.125000
22	195	0.142857
23	0	0.017544
23	5	0.030303
23	7	0.023256
23	8	0.022727
23	9	0.016667
23	15	0.040000
23	21	0.040000
23	24	0.033333
23	25	0.076923
23	27	0.062500
23	44	0.062500
23	45	0.090909
23	51	0.071429
23	53	0.066667
23	54	0.083333
23	82	0.100000
23	105	0.125000
23	108	0.100000
23	117	0.111111
23	128	0.111111
23	137	0.111111
23	138	0.142857
23	142	0.142857
23	188	0.142857
24	0	0.017544
24	1	0.026316
24	6	0.055556
24	9	0.016667
24	10	0.023810
24	18	0.035714
24	23	0.041667
24	25	0.076923
24	27	0.062500
24	31	0.066667
24	35	0.030303
24	36	0.052632
24	41	0.050000
24	56	0.058824
24	68	0.050000
24	69	0.076923
24	71	0.066667
24	72	0.100000
24	75	0.090909
24	79	0.071429
24	97	0.090909
24	115	0.100000
24	119	0.111111
24	123	0.142857
24	136	0.090909
24	139	0.090909
24	176	0.142857
24	190	0.142857
24	192	0.142857
24	197	0.142857
25	0	0.017544
25	10	0.023810
25	11	0.028571
25	13	0.024390
25	15	0.040000
25	23	0.041667
25	24	0.033333
25	28	0.045455
25	34	0.050000
25	45	0.090909
25	87	0.111111
25	112	0.125000
25	176	0.142857
26	4	0.027027
26	8	0.022727
26	10	0.023810
26	12	0.028571
26	14	0.032258
26	19	0.034483
26	22	0.066667
26	29	0.083333
26	32	0.047619
26	33	0.045455
26	34	0.050000
26	38	0.083333
26	53	0.066667
26	55	0.055556
26	68	0.050000
26	86	0.083333
26	102	0.111111
26	107	0.083333
26	124	0.100000
26	143	0.090909
26	155	0.125000
26	173	0.142857
26	187	0.142857
27	4	0.027027
27	9	0.016667
27	13	0.024390
27	15	0.040000
27	17	0.038462
27	23	0.041667
27	24	0.033333
27	29	0.083333
27	82	0.100000
27	92	0.090909
27	112	0.125000
27	113	0.125000
27	114	0.125000
27	125	0.125000
27	148	0.142857
27	149	0.142857
28	2	0.041667
28	7	0.023256
28	8	0.022727
28	10	0.023810
28	16	0.028571
28	17	0.038462
28	25	0.076923
28	33	0.045455
28	48	0.045455
28	50	0.100000
28	57	0.062500
28	60	0.090909
28	61	0.090909
28	62	0.076923
28	63	0.083333
28	77	0.111111
28	82	0.100000
28	89	0.090909
28	91	0.111111
28	135	0.111111
28	142	0.142857
28	185	0.125000
29	2	0.041667
29	3	0.027027
29	4	0.027027
29	8	0.022727
29	9	0.016667
29	26	0.043478
29	27	0.062500
29	32	0.047619
29	79	0.071429
29	99	0.111111
29	151	0.111111
29	183	0.142857
30	2	0.041667
30	4	0.027027
30	5	0.030303
30	7	0.023256
30	10	0.023810
30	19	0.034483
30	21	0.040000
30	40	0.076923
30	49	0.071429
30	51	0.071429
30	64	0.100000
30	80	0.076923
30	91	0.111111
30	108	0.100000
30	154	0.142857
30	157	0.142857
30	159	0.125000
30	163	0.125000
30	178	0.142857
30	179	0.125000
30	187	0.142857
31	0	0.017544
31	6	0.055556
31	12	0.028571
31	13	0.024390
31	15	0.040000
31	19	0.034483
31	24	0.033333
31	54	0.083333
31	85	0.111111
31	87	0.111111
31	105	0.125000
31	141	0.111111
31	170	0.142857
31	180	0.142857
31	189	0.142857
32	1	0.026316
32	2	0.041667
32	7	0.023256
32	18	0.035714
32	20	0.066667
32	26	0.043478
32	29	0.083333
32	45	0.090909
32	46	0.047619
32	74	0.083333
32	83	0.090909
32	111	0.125000
32	133	0.090909
32	147	0.142857
32	158	0.111111
32	159	0.125000
32	172	0.111111
32	176	0.142857
32	185	0.125000
32	190	0.142857
32	196	0.142857
33	4	0.027027
33	8	0.022727
33	10	0.023810
33	11	0.028571
33	16	0.028571
33	26	0.043478
33	28	0.045455
33	38	0.083333
33	50	0.100000
33	52	0.071429
33	81	0.090909
33	89	0.090909
33	115	0.100000
33	117	0.111111
33	118	0.111111
33	122	0.100000
33	129	0.111111
33	149	0.142857
33	154	0.142857
33	172	0.111111
33	174	0.142857
33	187	0.142857
34	4	0.027027
34	12	0.028571
34	13	0.024390
34	16	0.028571
34	18	0.035714
34	25	0.076923
34	26	0.043478
34	39	0.062500
34	46	0.047619
34	47	0.076923
34	52	0.071429
34	55	0.055556
34	61	0.090909
34	64	0.100000
34	77	0.111111
34	94	0.125000
34	109	0.142857
34	122	0.100000
34	148	0.142857
34	154	0.142857
35	1	0.026316
35	4	0.027027
35	7	0.023256
35	9	0.016667
35	13	0.024390
35	16	0.028571
35	24	0.033333
35	39	0.062500
35	40	0.076923
35	41	0.050000
35	47	0.076923
35	48	0.045455
35	49	0.071429
35	54	0.083333
35	59	0.100000
35	62	0.076923
35	81	0.090909
35	84	0.090909
35	86	0.083333
35	92	0.090909
35	104	0.090909
35	109	0.142857
35	112	0.125000
35	118	0.111111
35	134	0.100000
35	136	0.090909
35	139	0.090909
35	165	0.142857
35	169	0.142857
35	170	0.142857
35	178	0.142857
35	179	0.125000
35	189	0.142857
36	0	0.017544
36	7	0.023256
36	9	0.016667
36	12	0.028571
36	14	0.032258
36	19	0.034483
36	24	0.033333
36	42	0.071429
36	43	0.066667
36	48	0.045455
36	56	0.058824
36	66	0.100000
36	87	0.111111
36	91	0.111111
36	99	0.111111
36	112	0.125000
36	134	0.100000
36	177	0.142857
36	190	0.142857
37	5	0.030303
37	9	0.016667
37	10	0.023810
37	15	0.040000
37	19	0.034483
37	20	0.066667
37	22	0.066667
37	43	0.066667
37	52	0.071429
37	59	0.100000
37	72	0.100000
37	105	0.125000
37	107	0.083333
37	110	0.100000
37	129	0.111111
37	165	0.142857
37	166	0.125000
37	195	0.142857
38	0	0.017544
38	1	0.026316
38	11	0.028571
38	13	0.024390
38	22	0.066667
38	26	0.043478
38	33	0.045455
38	47	0.076923
38	60	0.090909
38	86	0.083333
38	108	0.100000
38	122	0.100000
39	7	0.023256
39	14	0.032258
39	15	0.040000
39	16	0.028571
39	21	0.040000
39	34	0.050000
39	35	0.030303
39	42	0.071429
39	45	0.090909
39	60	0.090909
39	76	0.071429
39	87	0.111111
39	88	0.083333
39	122	0.100000
39	164	0.125000
39	167	0.125000
40	10	0.023810
40	12	0.028571
40	16	0.028571
40	18	0.035714
40	20	0.066667
40	30	0.047619
40	35	0.030303
40	63	0.083333
40	64	0.100000
40	150	0.125000
40	166	0.125000
40	176	0.142857
40	179	0.125000
41	0	0.017544
41	5	0.030303
41	11	0.028571
41	12	0.028571
41	13	0.024390
41	24	0.033333
41	35	0.030303
41	53	0.066667
41	68	0.050000
41	70	0.076923
41	80	0.076923
41	98	0.111111
41	108	0.100000
41	111	0.125000
41	120	0.125000
41	133	0.090909
41	167	0.125000
41	168	0.125000
41	171	0.142857
41	177	0.142857
42	0	0.017544
42	6	0.055556
42	13	0.024390
42	19	0.034483
42	22	0.066667
42	36	0.052632
42	39	0.062500
42	72	0.100000
42	79	0.071429
42	99	0.111111
42	108	0.100000
42	125	0.125000
42	173	0.142857
42	191	0.142857
43	0	0.017544
43	3	0.027027
43	11	0.028571
43	12	0.028571
43	18	0.035714
43	36	0.052632
43	37	0.055556
43	48	0.045455
43	128	0.111111
43	153	0.125000
43	157	0.142857
43	160	0.142857
43	171	0.142857
43	188	0.142857
43	189	0.142857
44	0	0.017544
44	9	0.016667
44	11	0.028571
44	14	0.032258
44	15	0.040000
44	21	0.040000
44	23	0.041667
44	50	0.100000
44	55	0.055556
44	67	0.090909
44	74	0.083333
44	83	0.090909
44	111	0.125000
44	125	0.125000
44	177	0.142857
44	179	0.125000
45	9	0.016667
45	19	0.034483
45	22	0.066667
45	23	0.041667
45	25	0.076923
45	32	0.047619
45	39	0.062500
45	55	0.055556
45	126	0.090909
45	157	0.142857
45	176	0.142857
46	0	0.017544
46	5	0.030303
46	8	0.022727
46	15	0.040000
46	17	0.038462
46	32	0.047619
46	34	0.050000
46	51	0.071429
46	58	0.066667
46	65	0.076923
46	66	0.100000
46	78	0.071429
46	89	0.090909
46	118	0.111111
46	125	0.125000
46	131	0.142857
46	142	0.142857
46	145	0.111111
46	148	0.142857
46	155	0.125000
46	157	0.142857
47	7	0.023256
47	8	0.022727
47	17	0.038462
47	20	0.066667
47	34	0.050000
47	35	0.030303
47	38	0.083333
47	57	0.062500
47	59	0.100000
47	93	0.083333
47	135	0.111111
47	157	0.142857
47	174	0.142857
48	0	0.017544
48	3	0.027027
48	14	0.032258
48	28	0.045455
48	35	0.030303
48	36	0.052632
48	43	0.066667
48	58	0.066667
48	70	0.076923
48	76	0.071429
48	89	0.090909
48	96	0.083333
48	103	0.090909
48	104	0.090909
48	111	0.125000
48	121	0.111111
48	124	0.100000
48	136	0.090909
48	140	0.111111
48	144	0.100000
48	148	0.142857
48	191	0.142857
49	4	0.027027
49	5	0.030303
49	6	0.055556
49	7	0.023256
49	13	0.024390
49	30	0.047619
49	35	0.030303
49	59	0.100000
49	65	0.076923
49	104	0.090909
49	126	0.090909
49	136	0.090909
49	173	0.142857
49	191	0.142857
50	0	0.017544
50	9	0.016667
50	16	0.028571
50	17	0.038462
50	28	0.045455
50	33	0.045455
50	44	0.062500
50	92	0.090909
50	117	0.111111
50	154	0.142857
51	0	0.017544
51	4	0.027027
51	10	0.023810
51	16	0.028571
51	23	0.041667
51	30	0.047619
51	46	0.047619
51	76	0.071429
51	94	0.125000
51	102	0.111111
51	115	0.100000
51	116	0.100000
51	130	0.111111
51	181	0.142857
52	7	0.023256
52	8	0.022727
52	12	0.028571
52	21	0.040000
52	33	0.045455
52	34	0.050000
52	37	0.055556
52	88	0.083333
52	96	0.083333
52	116	0.100000
52	121	0.111111
52	132	0.111111
52	143	0.090909
52	156	0.125000
53	1	0.026316
53	2	0.041667
53	12	0.028571
53	16	0.028571
53	23	0.041667
53	26	0.043478
53	41	0.050000
53	78	0.071429
53	89	0.090909
53	97	0.090909
53	110	0.100000
53	115	0.100000
53	123	0.142857
53	167	0.125000
53	173	0.142857
54	7	0.023256
54	10	0.023810
54	13	0.024390
54	21	0.040000
54	23	0.041667
54	31	0.066667
54	35	0.030303
54	81	0.090909
54	89	0.090909
54	130	0.111111
54	162	0.111111
54	176	0.142857
55	3	0.027027
55	4	0.027027
55	10	0.023810
55	26	0.043478
55	34	0.050000
55	44	0.062500
55	45	0.090909
55	57	0.062500
55	58	0.066667
55	59	0.100000
55	73	0.083333
55	85	0.111111
55	97	0.090909
55	102	0.111111
55	167	0.125000
55	171	0.142857
55	186	0.142857
55	194	0.142857
56	1	0.026316
56	6	0.055556
56	9	0.016667
56	12	0.028571
56	19	0.034483
56	24	0.033333
56	36	0.052632
56	77	0.111111
56	96	0.083333
56	103	0.090909
56	104	0.090909
56	111	0.125000
56	112	0.125000
56	116	0.100000
56	129	0.111111
56	139	0.090909
56	140	0.111111
57	3	0.027027
57	5	0.030303
57	15	0.040000
57	16	0.028571
57	28	0.045455
57	47	0.076923
57	55	0.055556
57	66	0.100000
57	70	0.076923
57	72	0.100000
57	87	0.111111
57	93	0.083333
57	105	0.125000
57	135	0.111111
57	161	0.111111
57	169	0.142857
58	4	0.027027
58	9	0.016667
58	16	0.028571
58	21	0.040000
58	46	0.047619
58	48	0.045455
58	55	0.055556
58	68	0.050000
58	83	0.090909
58	84	0.090909
58	114	0.125000
58	123	0.142857
58	124	0.100000
58	164	0.125000
58	175	0.142857
59	6	0.055556
59	8	0.022727
59	35	0.030303
59	37	0.055556
59	47	0.076923
59	49	0.071429
59	55	0.055556
59	84	0.090909
59	120	0.125000
59	170	0.142857
60	7	0.023256
60	16	0.028571
60	17	0.038462
60	21	0.040000
60	28	0.045455
60	38	0.083333
60	39	0.062500
60	61	0.090909
60	69	0.076923
60	73	0.083333
60	100	0.125000
61	4	0.027027
61	10	0.023810
61	14	0.032258
61	20	0.066667
61	28	0.045455
61	34	0.050000
61	60	0.090909
61	66	0.100000
61	82	0.100000
61	85	0.111111
61	98	0.111111
62	0	0.017544
62	6	0.055556
62	9	0.016667
62	10	0.023810
62	21	0.040000
62	28	0.045455
62	35	0.030303
62	103	0.090909
62	110	0.100000
62	126	0.090909
62	165	0.142857
62	181	0.142857
62	188	0.142857
63	1	0.026316
63	11	0.028571
63	15	0.040000
63	16	0.028571
63	17	0.038462
63	28	0.045455
63	40	0.076923
63	90	0.111111
63	94	0.125000
63	104	0.090909
63	118	0.111111
63	130	0.111111
64	0	0.017544
64	1	0.026316
64	8	0.022727
64	18	0.035714
64	30	0.047619
64	34	0.050000
64	40	0.076923
64	79	0.071429
64	130	0.111111
64	147	0.142857
65	5	0.030303
65	7	0.023256
65	11	0.028571
65	13	0.024390
65	18	0.035714
65	46	0.047619
65	49	0.071429
65	113	0.125000
65	132	0.111111
65	139	0.090909
65	145	0.111111
65	166	0.125000
65	197	0.142857
66	1	0.026316
66	11	0.028571
66	16	0.028571
66	36	0.052632
66	46	0.047619
66	57	0.062500
66	61	0.090909
66	71	0.066667
66	185	0.125000
66	194	0.142857
67	1	0.026316
67	3	0.027027
67	5	0.030303
67	12	0.028571
67	14	0.032258
67	16	0.028571
67	44	0.062500
67	95	0.100000
67	135	0.111111
67	145	0.111111
67	168	0.125000
68	6	0.055556
68	9	0.016667
68	19	0.034483
68	24	0.033333
68	26	0.043478
68	41	0.050000
68	58	0.066667
68	76	0.071429
68	88	0.083333
68	90	0.111111
68	91	0.111111
68	102	0.111111
68	106	0.111111
68	115	0.100000
68	126	0.090909
68	160	0.142857
68	161	0.111111
68	181	0.142857
68	186	0.142857
68	193	0.142857
69	6	0.055556
69	7	0.023256
69	9	0.016667
69	13	0.024390
69	19	0.034483
69	24	0.033333
69	60	0.090909
69	78	0.071429
69	83	0.090909
69	89	0.090909
69	131	0.142857
69	145	0.111111
69	180	0.142857
70	10	0.023810
70	15	0.040000
70	17	0.038462
70	18	0.035714
70	41	0.050000
70	48	0.045455
70	57	0.062500
70	80	0.076923
70	103	0.090909
70	126	0.090909
70	163	0.125000
70	174	0.142857
70	186	0.142857
71	3	0.027027
71	7	0.023256
71	12	0.028571
71	14	0.032258
71	19	0.034483
71	24	0.033333
71	66	0.100000
71	81	0.090909
71	93	0.083333
71	95	0.100000
71	100	0.125000
71	122	0.100000
71	165	0.142857
71	167	0.125000
71	190	0.142857
72	2	0.041667
72	3	0.027027
72	20	0.066667
72	24	0.033333
72	37	0.055556
72	42	0.071429
72	57	0.062500
72	73	0.083333
72	91	0.111111
72	172	0.111111
73	7	0.023256
73	8	0.022727
73	12	0.028571
73	14	0.032258
73	55	0.055556
73	60	0.090909
73	72	0.100000
73	75	0.090909
73	100	0.125000
73	144	0.100000
73	151	0.111111
73	190	0.142857
74	0	0.017544
74	1	0.026316
74	8	0.022727
74	11	0.028571
74	14	0.032258
74	32	0.047619
74	44	0.062500
74	146	0.125000
74	154	0.142857
74	172	0.111111
74	184	0.142857
74	193	0.142857
75	7	0.023256
75	8	0.022727
75	9	0.016667
75	10	0.023810
75	19	0.034483
75	24	0.033333
75	73	0.083333
75	137	0.111111
75	165	0.142857
75	173	0.142857
75	190	0.142857
76	3	0.027027
76	9	0.016667
76	21	0.040000
76	39	0.062500
76	48	0.045455
76	51	0.071429
76	68	0.050000
76	77	0.111111
76	88	0.083333
76	90	0.111111
76	101	0.100000
76	111	0.125000
76	140	0.111111
76	152	0.142857
77	4	0.027027
77	8	0.022727
77	14	0.032258
77	28	0.045455
77	34	0.050000
77	56	0.058824
77	76	0.071429
77	153	0.125000
77	188	0.142857
78	0	0.017544
78	9	0.016667
78	12	0.028571
78	18	0.035714
78	46	0.047619
78	53	0.066667
78	69	0.076923
78	80	0.076923
78	85	0.111111
78	125	0.125000
78	155	0.125000
78	158	0.111111
78	189	0.142857
78	196	0.142857
79	2	0.041667
79	4	0.027027
79	13	0.024390
79	24	0.033333
79	29	0.083333
79	42	0.071429
79	64	0.100000
79	80	0.076923
79	94	0.125000
79	107	0.083333
79	112	0.125000
79	143	0.090909
79	156	0.125000
79	175	0.142857
80	13	0.024390
80	18	0.035714
80	30	0.047619
80	41	0.050000
80	70	0.076923
80	78	0.071429
80	79	0.071429
80	116	0.100000
80	119	0.111111
80	126	0.090909
80	131	0.142857
80	177	0.142857
80	184	0.142857
81	2	0.041667
81	8	0.022727
81	21	0.040000
81	33	0.045455
81	35	0.030303
81	54	0.083333
81	71	0.066667
81	107	0.083333
81	146	0.125000
81	149	0.142857
81	157	0.142857
82	4	0.027027
82	12	0.028571
82	21	0.040000
82	23	0.041667
82	27	0.062500
82	28	0.045455
82	61	0.090909
82	136	0.090909
82	162	0.111111
82	171	0.142857
83	6	0.055556
83	9	0.016667
83	16	0.028571
83	32	0.047619
83	44	0.062500
83	58	0.066667
83	69	0.076923
83	97	0.090909
83	138	0.142857
83	150	0.125000
83	196	0.142857
84	3	0.027027
84	7	0.023256
84	11	0.028571
84	18	0.035714
84	35	0.030303
84	58	0.066667
84	59	0.100000
84	123	0.142857
84	142	0.142857
84	152	0.142857
84	180	0.142857
85	1	0.026316
85	12	0.028571
85	13	0.024390
85	31	0.066667
85	55	0.055556
85	61	0.090909
85	78	0.071429
85	94	0.125000
85	194	0.142857
86	1	0.026316
86	4	0.027027
86	11	0.028571
86	14	0.032258
86	26	0.043478
86	35	0.030303
86	38	0.083333
86	92	0.090909
86	99	0.111111
86	100	0.125000
86	146	0.125000
86	173	0.142857
87	8	0.022727
87	13	0.024390
87	25	0.076923
87	31	0.066667
87	36	0.052632
87	39	0.062500
87	57	0.062500
87	96	0.083333
87	162	0.111111
88	5	0.030303
88	7	0.023256
88	8	0.022727
88	39	0.062500
88	52	0.071429
88	68	0.050000
88	76	0.071429
88	95	0.100000
88	103	0.090909
88	121	0.111111
88	152	0.142857
88	163	0.125000
89	28	0.045455
89	33	0.045455
89	46	0.047619
89	48	0.045455
89	53	0.066667
89	54	0.083333
89	69	0.076923
89	111	0.125000
89	182	0.142857
89	183	0.142857
89	192	0.142857
90	5	0.030303
90	13	0.024390
90	16	0.028571
90	18	0.035714
90	63	0.083333
90	68	0.050000
90	76	0.071429
90	129	0.111111
90	134	0.100000
91	3	0.027027
91	14	0.032258
91	28	0.045455
91	30	0.047619
91	36	0.052632
91	68	0.050000
91	72	0.100000
91	123	0.142857
91	159	0.125000
92	7	0.023256
92	9	0.016667
92	16	0.028571
92	27	0.062500
92	35	0.030303
92	50	0.100000
92	86	0.083333
92	99	0.111111
92	183	0.142857
92	184	0.142857
92	191	0.142857
93	1	0.026316
93	4	0.027027
93	12	0.028571
93	20	0.066667
93	47	0.076923
93	57	0.062500
93	71	0.066667
93	101	0.100000
93	105	0.125000
93	121	0.111111
93	134	0.100000
93	192	0.142857
94	5	0.030303
94	9	0.016667
94	34	0.050000
94	51	0.071429
94	63	0.083333
94	79	0.071429
94	85	0.111111
94	159	0.125000
95	5	0.030303
95	12	0.028571
95	13	0.024390
95	19	0.034483
95	67	0.090909
95	71	0.066667
95	88	0.083333
95	109	0.142857
95	141	0.111111
95	188	0.142857
96	0	0.017544
96	3	0.027027
96	11	0.028571
96	48	0.045455
96	52	0.071429
96	56	0.058824
96	87	0.111111
96	104	0.090909
96	123	0.142857
96	127	0.142857
96	167	0.125000
96	187	0.142857
97	7	0.023256
97	8	0.022727
97	9	0.016667
97	24	0.033333
97	53	0.066667
97	55	0.055556
97	83	0.090909
97	137	0.111111
97	141	0.111111
97	154	0.142857
97	160	0.142857
98	1	0.026316
98	3	0.027027
98	10	0.023810
98	16	0.028571
98	19	0.034483
98	41	0.050000
98	61	0.090909
98	127	0.142857
98	173	0.142857
99	1	0.026316
99	11	0.028571
99	29	0.083333
99	36	0.052632
99	42	0.071429
99	86	0.083333
99	92	0.090909
99	117	0.111111
99	146	0.125000
100	0	0.017544
100	1	0.026316
100	11	0.028571
100	60	0.090909
100	71	0.066667
100	73	0.083333
100	86	0.083333
100	117	0.111111
101	0	0.017544
101	1	0.026316
101	3	0.027027
101	5	0.030303
101	9	0.016667
101	76	0.071429
101	93	0.083333
101	109	0.142857
101	140	0.111111
101	186	0.142857
102	0	0.017544
102	10	0.023810
102	13	0.024390
102	26	0.043478
102	51	0.071429
102	55	0.055556
102	68	0.050000
102	147	0.142857
102	186	0.142857
103	3	0.027027
103	8	0.022727
103	48	0.045455
103	56	0.058824
103	62	0.076923
103	70	0.076923
103	88	0.083333
103	128	0.111111
103	130	0.111111
103	146	0.125000
103	168	0.125000
104	1	0.026316
104	35	0.030303
104	48	0.045455
104	49	0.071429
104	56	0.058824
104	63	0.083333
104	96	0.083333
104	115	0.100000
104	119	0.111111
104	165	0.142857
104	169	0.142857
105	15	0.040000
105	21	0.040000
105	23	0.041667
105	31	0.066667
105	37	0.055556
105	57	0.062500
105	93	0.083333
105	133	0.090909
106	3	0.027027
106	5	0.030303
106	7	0.023256
106	8	0.022727
106	14	0.032258
106	18	0.035714
106	68	0.050000
106	143	0.090909
106	169	0.142857
107	5	0.030303
107	7	0.023256
107	12	0.028571
107	26	0.043478
107	37	0.055556
107	79	0.071429
107	81	0.090909
107	124	0.100000
107	129	0.111111
107	132	0.111111
107	133	0.090909
107	138	0.142857
108	0	0.017544
108	5	0.030303
108	23	0.041667
108	30	0.047619
108	38	0.083333
108	41	0.050000
108	42	0.071429
108	110	0.100000
108	132	0.111111
108	158	0.111111
109	8	0.022727
109	14	0.032258
109	16	0.028571
109	34	0.050000
109	35	0.030303
109	95	0.100000
109	101	0.100000
110	5	0.030303
110	6	0.055556
110	13	0.024390
110	37	0.055556
110	53	0.066667
110	62	0.076923
110	108	0.100000
110	140	0.111111
110	144	0.100000
110	181	0.142857
111	32	0.047619
111	41	0.050000
111	44	0.062500
111	48	0.045455
111	56	0.058824
111	76	0.071429
111	89	0.090909
111	151	0.111111
112	3	0.027027
112	25	0.076923
112	27	0.062500
112	35	0.030303
112	36	0.052632
112	56	0.058824
112	79	0.071429
112	167	0.125000
113	2	0.041667
113	3	0.027027
113	4	0.027027
113	6	0.055556
113	20	0.066667
113	27	0.062500
113	65	0.076923
113	156	0.125000
114	0	0.017544
114	2	0.041667
114	7	0.023256
114	9	0.016667
114	15	0.040000
114	27	0.062500
114	58	0.066667
114	130	0.111111
115	22	0.066667
115	24	0.033333
115	33	0.045455
115	51	0.071429
115	53	0.066667
115	68	0.050000
115	104	0.090909
115	132	0.111111
115	140	0.111111
115	182	0.142857
116	14	0.032258
116	16	0.028571
116	19	0.034483
116	51	0.071429
116	52	0.071429
116	56	0.058824
116	80	0.076923
116	131	0.142857
116	134	0.100000
116	148	0.142857
117	11	0.028571
117	21	0.040000
117	23	0.041667
117	33	0.045455
117	50	0.100000
117	99	0.111111
117	100	0.125000
117	145	0.111111
117	170	0.142857
118	0	0.017544
118	2	0.041667
118	4	0.027027
118	33	0.045455
118	35	0.030303
118	46	0.047619
118	63	0.083333
118	119	0.111111
118	122	0.100000
119	2	0.041667
119	4	0.027027
119	15	0.040000
119	24	0.033333
119	80	0.076923
119	104	0.090909
119	118	0.111111
119	124	0.100000
119	138	0.142857
120	3	0.027027
120	4	0.027027
120	7	0.023256
120	8	0.022727
120	14	0.032258
120	41	0.050000
120	59	0.100000
120	127	0.142857
121	3	0.027027
121	12	0.028571
121	13	0.024390
121	48	0.045455
121	52	0.071429
121	88	0.083333
121	93	0.083333
121	163	0.125000
121	172	0.111111
122	0	0.017544
122	33	0.045455
122	34	0.050000
122	38	0.083333
122	39	0.062500
122	71	0.066667
122	118	0.111111
122	126	0.090909
122	169	0.142857
122	193	0.142857
123	9	0.016667
123	24	0.033333
123	53	0.066667
123	58	0.066667
123	84	0.090909
123	91	0.111111
123	96	0.083333
124	3	0.027027
124	6	0.055556
124	26	0.043478
124	48	0.045455
124	58	0.066667
124	107	0.083333
124	119	0.111111
124	142	0.142857
124	156	0.125000
124	166	0.125000
125	1	0.026316
125	7	0.023256
125	27	0.062500
125	42	0.071429
125	44	0.062500
125	46	0.047619
125	78	0.071429
125	175	0.142857
126	45	0.090909
126	49	0.071429
126	62	0.076923
126	68	0.050000
126	70	0.076923
126	80	0.076923
126	122	0.100000
126	144	0.100000
126	149	0.142857
126	169	0.142857
126	193	0.142857
127	5	0.030303
127	8	0.022727
127	16	0.028571
127	17	0.038462
127	96	0.083333
127	98	0.111111
127	120	0.125000
128	2	0.041667
128	3	0.027027
128	8	0.022727
128	16	0.028571
128	23	0.041667
128	43	0.066667
128	103	0.090909
128	152	0.142857
128	197	0.142857
129	0	0.017544
129	13	0.024390
129	33	0.045455
129	37	0.055556
129	56	0.058824
129	90	0.111111
129	107	0.083333
129	135	0.111111
129	143	0.090909
130	0	0.017544
130	51	0.071429
130	54	0.083333
130	63	0.083333
130	64	0.100000
130	103	0.090909
130	114	0.125000
130	158	0.111111
130	160	0.142857
131	11	0.028571
131	16	0.028571
131	18	0.035714
131	46	0.047619
131	69	0.076923
131	80	0.076923
131	116	0.100000
132	3	0.027027
132	9	0.016667
132	52	0.071429
132	65	0.076923
132	107	0.083333
132	108	0.100000
132	115	0.100000
132	143	0.090909
132	158	0.111111
133	1	0.026316
133	3	0.027027
133	21	0.040000
133	32	0.047619
133	41	0.050000
133	105	0.125000
133	107	0.083333
133	138	0.142857
133	161	0.111111
133	170	0.142857
133	174	0.142857
134	11	0.028571
134	18	0.035714
134	35	0.030303
134	36	0.052632
134	90	0.111111
134	93	0.083333
134	116	0.100000
134	147	0.142857
134	156	0.125000
134	180	0.142857
135	0	0.017544
135	18	0.035714
135	28	0.045455
135	47	0.076923
135	57	0.062500
135	67	0.090909
135	129	0.111111
135	187	0.142857
135	192	0.142857
136	3	0.027027
136	9	0.016667
136	24	0.033333
136	35	0.030303
136	48	0.045455
136	49	0.071429
136	82	0.100000
136	150	0.125000
136	153	0.125000
136	162	0.111111
136	181	0.142857
137	6	0.055556
137	14	0.032258
137	15	0.040000
137	21	0.040000
137	23	0.041667
137	75	0.090909
137	97	0.090909
137	141	0.111111
137	144	0.100000
138	9	0.016667
138	21	0.040000
138	23	0.041667
138	83	0.090909
138	107	0.083333
138	119	0.111111
138	133	0.090909
139	5	0.030303
139	13	0.024390
139	17	0.038462
139	24	0.033333
139	35	0.030303
139	56	0.058824
139	65	0.076923
139	184	0.142857
139	191	0.142857
139	195	0.142857
139	196	0.142857
140	9	0.016667
140	48	0.045455
140	56	0.058824
140	76	0.071429
140	101	0.100000
140	110	0.100000
140	115	0.100000
140	162	0.111111
140	164	0.125000
141	2	0.041667
141	10	0.023810
141	17	0.038462
141	31	0.066667
141	95	0.100000
141	97	0.090909
141	137	0.111111
141	151	0.111111
141	192	0.142857
142	7	0.023256
142	11	0.028571
142	23	0.041667
142	28	0.045455
142	46	0.047619
142	84	0.090909
142	124	0.100000
143	17	0.038462
143	26	0.043478
143	52	0.071429
143	79	0.071429
143	106	0.111111
143	129	0.111111
143	132	0.111111
143	148	0.142857
143	156	0.125000
143	192	0.142857
143	194	0.142857
144	8	0.022727
144	10	0.023810
144	48	0.045455
144	73	0.083333
144	110	0.100000
144	126	0.090909
144	137	0.111111
144	164	0.125000
144	191	0.142857
144	197	0.142857
145	2	0.041667
145	10	0.023810
145	46	0.047619
145	65	0.076923
145	67	0.090909
145	69	0.076923
145	117	0.111111
145	147	0.142857
145	161	0.111111
146	1	0.026316
146	12	0.028571
146	74	0.083333
146	81	0.090909
146	86	0.083333
146	99	0.111111
146	103	0.090909
146	159	0.125000
147	11	0.028571
147	17	0.038462
147	32	0.047619
147	64	0.100000
147	102	0.111111
147	134	0.100000
147	145	0.111111
148	11	0.028571
148	27	0.062500
148	34	0.050000
148	46	0.047619
148	48	0.045455
148	116	0.100000
148	143	0.090909
149	0	0.017544
149	2	0.041667
149	3	0.027027
149	27	0.062500
149	33	0.045455
149	81	0.090909
149	126	0.090909
150	4	0.027027
150	7	0.023256
150	9	0.016667
150	18	0.035714
150	40	0.076923
150	83	0.090909
150	136	0.090909
150	158	0.111111
151	0	0.017544
151	1	0.026316
151	4	0.027027
151	29	0.083333
151	73	0.083333
151	111	0.125000
151	141	0.111111
151	155	0.125000
151	168	0.125000
152	9	0.016667
152	13	0.024390
152	17	0.038462
152	76	0.071429
152	84	0.090909
152	88	0.083333
152	128	0.111111
153	3	0.027027
153	4	0.027027
153	5	0.030303
153	22	0.066667
153	43	0.066667
153	77	0.111111
153	136	0.090909
153	182	0.142857
154	14	0.032258
154	30	0.047619
154	33	0.045455
154	34	0.050000
154	50	0.100000
154	74	0.083333
154	97	0.090909
155	4	0.027027
155	16	0.028571
155	18	0.035714
155	26	0.043478
155	46	0.047619
155	78	0.071429
155	151	0.111111
155	182	0.142857
156	9	0.016667
156	52	0.071429
156	79	0.071429
156	113	0.125000
156	124	0.100000
156	134	0.100000
156	143	0.090909
156	184	0.142857
157	4	0.027027
157	30	0.047619
157	43	0.066667
157	45	0.090909
157	46	0.047619
157	47	0.076923
157	81	0.090909
158	1	0.026316
158	32	0.047619
158	78	0.071429
158	108	0.100000
158	130	0.111111
158	132	0.111111
158	150	0.125000
158	161	0.111111
158	178	0.142857
159	0	0.017544
159	19	0.034483
159	30	0.047619
159	32	0.047619
159	91	0.111111
159	94	0.125000
159	146	0.125000
159	185	0.125000
160	10	0.023810
160	12	0.028571
160	18	0.035714
160	43	0.066667
160	68	0.050000
160	97	0.090909
160	130	0.111111
161	0	0.017544
161	1	0.026316
161	57	0.062500
161	68	0.050000
161	133	0.090909
161	145	0.111111
161	158	0.111111
161	162	0.111111
161	195	0.142857
162	14	0.032258
162	54	0.083333
162	82	0.100000
162	87	0.111111
162	136	0.090909
162	140	0.111111
162	161	0.111111
162	172	0.111111
162	175	0.142857
163	9	0.016667
163	10	0.023810
163	13	0.024390
163	30	0.047619
163	70	0.076923
163	88	0.083333
163	121	0.111111
163	177	0.142857
164	7	0.023256
164	11	0.028571
164	14	0.032258
164	39	0.062500
164	58	0.066667
164	140	0.111111
164	144	0.100000
164	196	0.142857
165	13	0.024390
165	35	0.030303
165	37	0.055556
165	62	0.076923
165	71	0.066667
165	75	0.090909
165	104	0.090909
166	4	0.027027
166	5	0.030303
166	17	0.038462
166	37	0.055556
166	40	0.076923
166	65	0.076923
166	124	0.100000
166	185	0.125000
167	39	0.062500
167	41	0.050000
167	53	0.066667
167	55	0.055556
167	71	0.066667
167	96	0.083333
167	112	0.125000
167	170	0.142857
168	4	0.027027
168	6	0.055556
168	12	0.028571
168	41	0.050000
168	67	0.090909
168	103	0.090909
168	151	0.111111
168	194	0.142857
169	10	0.023810
169	35	0.030303
169	57	0.062500
169	104	0.090909
169	106	0.111111
169	122	0.100000
169	126	0.090909
170	7	0.023256
170	31	0.066667
170	35	0.030303
170	59	0.100000
170	117	0.111111
170	133	0.090909
170	167	0.125000
171	9	0.016667
171	16	0.028571
171	19	0.034483
171	41	0.050000
171	43	0.066667
171	55	0.055556
171	82	0.100000
172	2	0.041667
172	32	0.047619
172	33	0.045455
172	72	0.100000
172	74	0.083333
172	121	0.111111
172	162	0.111111
172	178	0.142857
172	183	0.142857
173	26	0.043478
173	42	0.071429
173	49	0.071429
173	53	0.066667
173	75	0.090909
173	86	0.083333
173	98	0.111111
174	7	0.023256
174	9	0.016667
174	19	0.034483
174	33	0.045455
174	47	0.076923
174	70	0.076923
174	133	0.090909
175	9	0.016667
175	10	0.023810
175	19	0.034483
175	58	0.066667
175	79	0.071429
175	125	0.125000
175	162	0.111111
176	15	0.040000
176	24	0.033333
176	25	0.076923
176	32	0.047619
176	40	0.076923
176	45	0.090909
176	54	0.083333
177	0	0.017544
177	3	0.027027
177	36	0.052632
177	41	0.050000
177	44	0.062500
177	80	0.076923
177	163	0.125000
178	5	0.030303
178	9	0.016667
178	19	0.034483
178	30	0.047619
178	35	0.030303
178	158	0.111111
178	172	0.111111
179	10	0.023810
179	15	0.040000
179	17	0.038462
179	30	0.047619
179	35	0.030303
179	40	0.076923
179	44	0.062500
179	182	0.142857
180	1	0.026316
180	4	0.027027
180	5	0.030303
180	31	0.066667
180	69	0.076923
180	84	0.090909
180	134	0.100000
181	9	0.016667
181	17	0.038462
181	51	0.071429
181	62	0.076923
181	68	0.050000
181	110	0.100000
181	136	0.090909
182	1	0.026316
182	9	0.016667
182	89	0.090909
182	115	0.100000
182	153	0.125000
182	155	0.125000
182	179	0.125000
183	0	0.017544
183	8	0.022727
183	11	0.028571
183	29	0.083333
183	89	0.090909
183	92	0.090909
183	172	0.111111
184	10	0.023810
184	13	0.024390
184	74	0.083333
184	80	0.076923
184	92	0.090909
184	139	0.090909
184	156	0.125000
185	10	0.023810
185	19	0.034483
185	28	0.045455
185	32	0.047619
185	66	0.100000
185	159	0.125000
185	166	0.125000
185	186	0.142857
186	0	0.017544
186	55	0.055556
186	68	0.050000
186	70	0.076923
186	101	0.100000
186	102	0.111111
186	185	0.125000
187	0	0.017544
187	16	0.028571
187	26	0.043478
187	30	0.047619
187	33	0.045455
187	96	0.083333
187	135	0.111111
188	3	0.027027
188	13	0.024390
188	23	0.041667
188	43	0.066667
188	62	0.076923
188	77	0.111111
188	95	0.100000
189	0	0.017544
189	1	0.026316
189	9	0.016667
189	31	0.066667
189	35	0.030303
189	43	0.066667
189	78	0.071429
190	3	0.027027
190	24	0.033333
190	32	0.047619
190	36	0.052632
190	71	0.066667
190	73	0.083333
190	75	0.090909
191	17	0.038462
191	42	0.071429
191	48	0.045455
191	49	0.071429
191	92	0.090909
191	139	0.090909
191	144	0.100000
192	7	0.023256
192	24	0.033333
192	89	0.090909
192	93	0.083333
192	135	0.111111
192	141	0.111111
192	143	0.090909
193	8	0.022727
193	10	0.023810
193	19	0.034483
193	68	0.050000
193	74	0.083333
193	122	0.100000
193	126	0.090909
194	3	0.027027
194	12	0.028571
194	55	0.055556
194	66	0.100000
194	85	0.111111
194	143	0.090909
194	168	0.125000
195	9	0.016667
195	12	0.028571
195	13	0.024390
195	22	0.066667
195	37	0.055556
195	139	0.090909
195	161	0.111111
196	0	0.017544
196	13	0.024390
196	32	0.047619
196	78	0.071429
196	83	0.090909
196	139	0.090909
196	164	0.125000
197	1	0.026316
197	14	0.032258
197	16	0.028571
197	24	0.033333
197	65	0.076923
197	128	0.111111
197	144	0.100000
