167	1928
0	6	0.019608
0	7	0.027778
0	8	0.022222
0	9	0.050000
0	12	0.043478
0	14	0.032258
0	15	0.045455
0	16	0.071429
0	28	0.142857
0	33	0.038462
0	36	0.062500
0	38	0.142857
0	50	0.071429
0	55	0.100000
0	56	0.066667
0	57	0.076923
0	58	0.125000
0	59	0.125000
0	66	0.125000
0	69	0.100000
0	70	0.071429
0	100	0.166667
0	102	0.090909
0	107	0.166667
0	110	0.166667
0	118	0.166667
0	119	0.166667
0	126	0.166667
0	129	0.166667
0	132	0.166667
0	146	0.166667
0	153	0.166667
1	6	0.019608
1	7	0.027778
1	8	0.022222
1	9	0.050000
1	11	0.062500
1	13	0.030303
1	14	0.032258
1	17	0.058824
1	19	0.027027
1	20	0.058824
1	21	0.058824
1	23	0.041667
1	25	0.062500
1	39	0.062500
1	41	0.125000
1	45	0.058824
1	49	0.100000
1	60	0.111111
1	63	0.125000
1	67	0.083333
1	69	0.100000
1	71	0.142857
1	72	0.090909
1	76	0.111111
1	77	0.142857
1	78	0.090909
1	84	0.142857
1	85	0.111111
1	88	0.111111
1	99	0.111111
1	101	0.125000
1	110	0.166667
1	116	0.166667
1	118	0.166667
1	119	0.166667
1	128	0.166667
1	148	0.166667
1	153	0.166667
1	159	0.142857
2	6	0.019608
2	7	0.027778
2	10	0.025641
2	11	0.062500
2	12	0.043478
2	13	0.030303
2	16	0.071429
2	18	0.058824
2	20	0.058824
2	26	0.058824
2	27	0.058824
2	29	0.071429
2	37	0.055556
2	42	0.083333
2	43	0.125000
2	50	0.071429
2	61	0.125000
2	76	0.111111
2	82	0.100000
2	92	0.142857
2	93	0.166667
2	103	0.111111
2	105	0.111111
2	113	0.142857
2	123	0.125000
2	137	0.125000
2	139	0.166667
2	148	0.166667
2	150	0.166667
2	153	0.166667
3	6	0.019608
3	7	0.027778
3	8	0.022222
3	9	0.050000
3	10	0.025641
3	11	0.062500
3	15	0.045455
3	16	0.071429
3	17	0.058824
3	19	0.027027
3	21	0.058824
3	26	0.058824
3	27	0.058824
3	28	0.142857
3	32	0.052632
3	34	0.125000
3	35	0.100000
3	39	0.062500
3	41	0.125000
3	47	0.066667
3	51	0.100000
3	53	0.166667
3	56	0.066667
3	57	0.076923
3	60	0.111111
3	67	0.083333
3	70	0.071429
3	86	0.142857
3	88	0.111111
3	93	0.166667
3	95	0.125000
3	99	0.111111
3	100	0.166667
3	106	0.125000
3	114	0.125000
3	116	0.166667
3	147	0.166667
3	155	0.142857
3	156	0.166667
3	157	0.166667
4	6	0.019608
4	7	0.027778
4	8	0.022222
4	9	0.050000
4	10	0.025641
4	11	0.062500
4	13	0.030303
4	16	0.071429
4	18	0.058824
4	21	0.058824
4	22	0.058824
4	26	0.058824
4	28	0.142857
4	30	0.076923
4	43	0.125000
4	50	0.071429
4	52	0.052632
4	57	0.076923
4	58	0.125000
4	60	0.111111
4	61	0.125000
4	62	0.100000
4	77	0.142857
4	86	0.142857
4	94	0.142857
4	100	0.166667
4	102	0.090909
4	107	0.166667
4	108	0.142857
4	115	0.125000
4	119	0.166667
4	123	0.125000
4	129	0.166667
4	138	0.166667
4	143	0.166667
4	147	0.166667
4	151	0.200000
4	153	0.166667
5	6	0.019608
5	12	0.043478
5	14	0.032258
5	18	0.058824
5	19	0.027027
5	23	0.041667
5	27	0.058824
5	30	0.076923
5	31	0.111111
5	35	0.100000
5	38	0.142857
5	44	0.090909
5	50	0.071429
5	52	0.052632
5	111	0.142857
5	115	0.125000
5	129	0.166667
5	131	0.125000
5	162	0.166667
6	0	0.031250
6	1	0.025641
6	2	0.033333
6	3	0.025000
6	4	0.026316
6	5	0.052632
6	7	0.027778
6	8	0.022222
6	10	0.025641
6	11	0.062500
6	12	0.043478
6	14	0.032258
6	15	0.045455
6	16	0.071429
6	17	0.058824
6	19	0.027027
6	23	0.041667
6	26	0.058824
6	29	0.071429
6	47	0.066667
6	54	0.083333
6	57	0.076923
6	61	0.125000
6	62	0.100000
6	63	0.125000
6	65	0.083333
6	74	0.142857
6	76	0.111111
6	81	0.142857
6	86	0.142857
6	87	0.142857
6	90	0.125000
6	94	0.142857
6	95	0.125000
6	99	0.111111
6	100	0.166667
6	101	0.125000
6	102	0.090909
6	111	0.142857
6	119	0.166667
6	121	0.125000
6	124	0.166667
6	130	0.125000
6	132	0.166667
6	136	0.142857
6	137	0.125000
6	147	0.166667
6	148	0.166667
6	156	0.166667
6	163	0.166667
6	166	0.166667
7	0	0.031250
7	1	0.025641
7	2	0.033333
7	3	0.025000
7	4	0.026316
7	6	0.019608
7	8	0.022222
7	9	0.050000
7	10	0.025641
7	11	0.062500
7	14	0.032258
7	21	0.058824
7	24	0.055556
7	27	0.058824
7	32	0.052632
7	44	0.090909
7	56	0.066667
7	65	0.083333
7	69	0.100000
7	70	0.071429
7	74	0.142857
7	78	0.090909
7	79	0.125000
7	80	0.166667
7	86	0.142857
7	89	0.125000
7	93	0.166667
7	96	0.142857
7	97	0.125000
7	100	0.166667
7	105	0.111111
7	106	0.125000
7	113	0.142857
7	118	0.166667
7	126	0.166667
7	165	0.166667
8	0	0.031250
8	1	0.025641
8	3	0.025000
8	4	0.026316
8	6	0.019608
8	7	0.027778
8	9	0.050000
8	10	0.025641
8	12	0.043478
8	13	0.030303
8	17	0.058824
8	19	0.027027
8	20	0.058824
8	22	0.058824
8	27	0.058824
8	30	0.076923
8	31	0.111111
8	33	0.038462
8	34	0.125000
8	37	0.055556
8	43	0.125000
8	47	0.066667
8	48	0.058824
8	54	0.083333
8	59	0.125000
8	62	0.100000
8	64	0.125000
8	66	0.125000
8	73	0.142857
8	82	0.100000
8	86	0.142857
8	87	0.142857
8	91	0.166667
8	115	0.125000
8	123	0.125000
8	126	0.166667
8	140	0.100000
8	143	0.166667
8	144	0.142857
8	151	0.200000
8	154	0.142857
8	157	0.166667
8	159	0.142857
8	160	0.166667
8	163	0.166667
9	0	0.031250
9	1	0.025641
9	3	0.025000
9	4	0.026316
9	7	0.027778
9	8	0.022222
9	13	0.030303
9	15	0.045455
9	24	0.055556
9	34	0.125000
9	45	0.058824
9	49	0.100000
9	56	0.066667
9	67	0.083333
9	103	0.111111
9	107	0.166667
9	114	0.125000
9	126	0.166667
9	150	0.166667
9	160	0.166667
10	2	0.033333
10	3	0.025000
10	4	0.026316
10	6	0.019608
10	7	0.027778
10	8	0.022222
10	12	0.043478
10	15	0.045455
10	17	0.058824
10	18	0.058824
10	22	0.058824
10	24	0.055556
10	25	0.062500
10	29	0.071429
10	32	0.052632
10	36	0.062500
10	37	0.055556
10	40	0.071429
10	43	0.125000
10	46	0.076923
10	49	0.100000
10	53	0.166667
10	57	0.076923
10	59	0.125000
10	69	0.100000
10	88	0.111111
10	94	0.142857
10	101	0.125000
10	104	0.166667
10	111	0.142857
10	112	0.166667
10	114	0.125000
10	116	0.166667
10	117	0.166667
10	121	0.125000
10	122	0.166667
10	133	0.166667
10	138	0.166667
10	151	0.200000
11	1	0.025641
11	2	0.033333
11	3	0.025000
11	4	0.026316
11	6	0.019608
11	7	0.027778
11	13	0.030303
11	18	0.058824
11	23	0.041667
11	35	0.100000
11	42	0.083333
11	54	0.083333
11	74	0.142857
11	85	0.111111
11	95	0.125000
11	146	0.166667
12	0	0.031250
12	2	0.033333
12	5	0.052632
12	6	0.019608
12	8	0.022222
12	10	0.025641
12	17	0.058824
12	20	0.058824
12	27	0.058824
12	30	0.076923
12	36	0.062500
12	38	0.142857
12	41	0.125000
12	46	0.076923
12	61	0.125000
12	62	0.100000
12	79	0.125000
12	93	0.166667
12	96	0.142857
12	118	0.166667
12	127	0.166667
12	140	0.100000
12	162	0.166667
13	1	0.025641
13	2	0.033333
13	4	0.026316
13	8	0.022222
13	9	0.050000
13	11	0.062500
13	14	0.032258
13	15	0.045455
13	20	0.058824
13	22	0.058824
13	31	0.111111
13	32	0.052632
13	34	0.125000
13	35	0.100000
13	37	0.055556
13	40	0.071429
13	43	0.125000
13	45	0.058824
13	47	0.066667
13	58	0.125000
13	89	0.125000
13	102	0.090909
13	103	0.111111
13	130	0.125000
13	132	0.166667
13	139	0.166667
13	145	0.166667
13	146	0.166667
13	151	0.200000
13	158	0.166667
13	160	0.166667
13	161	0.142857
13	162	0.166667
14	0	0.031250
14	1	0.025641
14	5	0.052632
14	6	0.019608
14	7	0.027778
14	13	0.030303
14	16	0.071429
14	19	0.027027
14	21	0.058824
14	24	0.055556
14	25	0.062500
14	31	0.111111
14	32	0.052632
14	33	0.038462
14	37	0.055556
14	44	0.090909
14	46	0.076923
14	47	0.066667
14	51	0.100000
14	55	0.100000
14	60	0.111111
14	65	0.083333
14	75	0.090909
14	77	0.142857
14	80	0.166667
14	83	0.166667
14	92	0.142857
14	112	0.166667
14	118	0.166667
14	125	0.166667
14	145	0.166667
15	0	0.031250
15	3	0.025000
15	6	0.019608
15	9	0.050000
15	10	0.025641
15	13	0.030303
15	18	0.058824
15	24	0.055556
15	25	0.062500
15	30	0.076923
15	32	0.052632
15	36	0.062500
15	45	0.058824
15	53	0.166667
15	54	0.083333
15	77	0.142857
15	78	0.090909
15	85	0.111111
15	92	0.142857
15	95	0.125000
15	133	0.166667
15	158	0.166667
16	0	0.031250
16	2	0.033333
16	3	0.025000
16	4	0.026316
16	6	0.019608
16	14	0.032258
16	23	0.041667
16	44	0.090909
16	57	0.076923
16	68	0.125000
16	73	0.142857
16	81	0.142857
16	96	0.142857
16	110	0.166667
17	1	0.025641
17	3	0.025000
17	6	0.019608
17	8	0.022222
17	10	0.025641
17	12	0.043478
17	29	0.071429
17	33	0.038462
17	39	0.062500
17	40	0.071429
17	42	0.083333
17	89	0.125000
17	93	0.166667
17	97	0.125000
17	120	0.142857
17	134	0.142857
17	166	0.166667
18	2	0.033333
18	4	0.026316
18	5	0.052632
18	10	0.025641
18	11	0.062500
18	15	0.045455
18	21	0.058824
18	22	0.058824
18	23	0.041667
18	25	0.062500
18	26	0.058824
18	41	0.125000
18	48	0.058824
18	78	0.090909
18	90	0.125000
18	131	0.125000
18	132	0.166667
19	1	0.025641
19	3	0.025000
19	5	0.052632
19	6	0.019608
19	8	0.022222
19	14	0.032258
19	20	0.058824
19	22	0.058824
19	24	0.055556
19	28	0.142857
19	31	0.111111
19	44	0.090909
19	45	0.058824
19	46	0.076923
19	55	0.100000
19	59	0.125000
19	63	0.125000
19	66	0.125000
19	72	0.090909
19	81	0.142857
19	89	0.125000
19	101	0.125000
19	106	0.125000
19	115	0.125000
19	127	0.166667
19	133	0.166667
19	139	0.166667
19	140	0.100000
19	147	0.166667
19	152	0.166667
19	155	0.142857
19	157	0.166667
19	158	0.166667
19	159	0.142857
19	161	0.142857
19	163	0.166667
19	164	0.166667
20	1	0.025641
20	2	0.033333
20	8	0.022222
20	12	0.043478
20	13	0.030303
20	19	0.027027
20	31	0.111111
20	33	0.038462
20	36	0.062500
20	50	0.071429
20	52	0.052632
20	68	0.125000
20	70	0.071429
20	72	0.090909
20	93	0.166667
20	157	0.166667
20	158	0.166667
21	1	0.025641
21	3	0.025000
21	4	0.026316
21	7	0.027778
21	14	0.032258
21	18	0.058824
21	25	0.062500
21	34	0.125000
21	38	0.142857
21	42	0.083333
21	51	0.100000
21	53	0.166667
21	55	0.100000
21	95	0.125000
21	113	0.142857
21	121	0.125000
21	127	0.166667
22	4	0.026316
22	8	0.022222
22	10	0.025641
22	13	0.030303
22	18	0.058824
22	19	0.027027
22	43	0.125000
22	48	0.058824
22	49	0.100000
22	73	0.142857
22	109	0.142857
22	117	0.166667
22	122	0.166667
22	124	0.166667
22	125	0.166667
22	144	0.142857
22	150	0.166667
23	1	0.025641
23	5	0.052632
23	6	0.019608
23	11	0.062500
23	16	0.071429
23	18	0.058824
23	26	0.058824
23	28	0.142857
23	46	0.076923
23	48	0.058824
23	52	0.052632
23	65	0.083333
23	80	0.166667
23	97	0.125000
23	98	0.166667
23	103	0.111111
23	111	0.142857
23	116	0.166667
23	119	0.166667
23	125	0.166667
23	128	0.166667
23	136	0.142857
23	160	0.166667
23	162	0.166667
24	7	0.027778
24	9	0.050000
24	10	0.025641
24	14	0.032258
24	15	0.045455
24	19	0.027027
24	30	0.076923
24	38	0.142857
24	39	0.062500
24	46	0.076923
24	52	0.052632
24	55	0.100000
24	58	0.125000
24	76	0.111111
24	78	0.090909
24	113	0.142857
24	137	0.125000
24	141	0.166667
25	1	0.025641
25	10	0.025641
25	14	0.032258
25	15	0.045455
25	18	0.058824
25	21	0.058824
25	65	0.083333
25	66	0.125000
25	70	0.071429
25	82	0.100000
25	94	0.142857
25	104	0.166667
25	121	0.125000
25	134	0.142857
25	142	0.142857
25	145	0.166667
26	2	0.033333
26	3	0.025000
26	4	0.026316
26	6	0.019608
26	18	0.058824
26	23	0.041667
26	28	0.142857
26	29	0.071429
26	42	0.083333
26	48	0.058824
26	51	0.100000
26	63	0.125000
26	94	0.142857
26	109	0.142857
26	131	0.125000
26	138	0.166667
26	157	0.166667
27	2	0.033333
27	3	0.025000
27	5	0.052632
27	7	0.027778
27	8	0.022222
27	12	0.043478
27	29	0.071429
27	36	0.062500
27	39	0.062500
27	44	0.090909
27	54	0.083333
27	75	0.090909
27	88	0.111111
27	111	0.142857
27	121	0.125000
27	129	0.166667
27	136	0.142857
28	0	0.031250
28	3	0.025000
28	4	0.026316
28	19	0.027027
28	23	0.041667
28	26	0.058824
28	120	0.142857
29	2	0.033333
29	6	0.019608
29	10	0.025641
29	17	0.058824
29	26	0.058824
29	27	0.058824
29	34	0.125000
29	39	0.062500
29	51	0.100000
29	66	0.125000
29	78	0.090909
29	89	0.125000
29	135	0.111111
29	152	0.166667
30	4	0.026316
30	5	0.052632
30	8	0.022222
30	12	0.043478
30	15	0.045455
30	24	0.055556
30	35	0.100000
30	59	0.125000
30	73	0.142857
30	85	0.111111
30	106	0.125000
30	108	0.142857
30	124	0.166667
31	5	0.052632
31	8	0.022222
31	13	0.030303
31	14	0.032258
31	19	0.027027
31	20	0.058824
31	40	0.071429
31	123	0.125000
31	166	0.166667
32	3	0.025000
32	7	0.027778
32	10	0.025641
32	13	0.030303
32	14	0.032258
32	15	0.045455
32	33	0.038462
32	45	0.058824
32	53	0.166667
32	71	0.142857
32	84	0.142857
32	98	0.166667
32	103	0.111111
32	122	0.166667
32	134	0.142857
32	143	0.166667
32	147	0.166667
32	153	0.166667
32	156	0.166667
33	0	0.031250
33	8	0.022222
33	14	0.032258
33	17	0.058824
33	20	0.058824
33	32	0.052632
33	35	0.100000
33	37	0.055556
33	40	0.071429
33	41	0.125000
33	50	0.071429
33	59	0.125000
33	62	0.100000
33	69	0.100000
33	74	0.142857
33	76	0.111111
33	87	0.142857
33	91	0.166667
33	97	0.125000
33	104	0.166667
33	105	0.111111
33	123	0.125000
33	135	0.111111
33	143	0.166667
33	159	0.142857
33	165	0.166667
34	3	0.025000
34	8	0.022222
34	9	0.050000
34	13	0.030303
34	21	0.058824
34	29	0.071429
34	67	0.083333
34	88	0.111111
35	3	0.025000
35	5	0.052632
35	11	0.062500
35	13	0.030303
35	30	0.076923
35	33	0.038462
35	63	0.125000
35	85	0.111111
35	99	0.111111
35	157	0.166667
36	0	0.031250
36	10	0.025641
36	12	0.043478
36	15	0.045455
36	20	0.058824
36	27	0.058824
36	40	0.071429
36	58	0.125000
36	73	0.142857
36	79	0.125000
36	98	0.166667
36	101	0.125000
36	120	0.142857
36	122	0.166667
36	139	0.166667
36	148	0.166667
37	2	0.033333
37	8	0.022222
37	10	0.025641
37	13	0.030303
37	14	0.032258
37	33	0.038462
37	38	0.142857
37	47	0.066667
37	61	0.125000
37	72	0.090909
37	83	0.166667
37	90	0.125000
37	92	0.142857
37	105	0.111111
37	117	0.166667
37	135	0.111111
37	154	0.142857
37	164	0.166667
38	0	0.031250
38	5	0.052632
38	12	0.043478
38	21	0.058824
38	24	0.055556
38	37	0.055556
38	83	0.166667
39	1	0.025641
39	3	0.025000
39	17	0.058824
39	24	0.055556
39	27	0.058824
39	29	0.071429
39	42	0.083333
39	49	0.100000
39	67	0.083333
39	81	0.142857
39	84	0.142857
39	85	0.111111
39	107	0.166667
39	136	0.142857
39	138	0.166667
39	154	0.142857
40	10	0.025641
40	13	0.030303
40	17	0.058824
40	31	0.111111
40	33	0.038462
40	36	0.062500
40	41	0.125000
40	64	0.125000
40	75	0.090909
40	128	0.166667
40	132	0.166667
40	133	0.166667
40	140	0.100000
40	152	0.166667
41	1	0.025641
41	3	0.025000
41	12	0.043478
41	18	0.058824
41	33	0.038462
41	40	0.071429
41	60	0.111111
41	102	0.090909
42	2	0.033333
42	11	0.062500
42	17	0.058824
42	21	0.058824
42	26	0.058824
42	39	0.062500
42	48	0.058824
42	49	0.100000
42	74	0.142857
42	81	0.142857
42	97	0.125000
42	106	0.125000
43	2	0.033333
43	4	0.026316
43	8	0.022222
43	10	0.025641
43	13	0.030303
43	22	0.058824
43	112	0.166667
43	114	0.125000
44	5	0.052632
44	7	0.027778
44	14	0.032258
44	16	0.071429
44	19	0.027027
44	27	0.058824
44	75	0.090909
44	83	0.166667
44	89	0.125000
44	124	0.166667
44	158	0.166667
45	1	0.025641
45	9	0.050000
45	13	0.030303
45	15	0.045455
45	19	0.027027
45	32	0.052632
45	54	0.083333
45	60	0.111111
45	71	0.142857
45	84	0.142857
45	91	0.166667
45	99	0.111111
45	127	0.166667
45	134	0.142857
45	135	0.111111
45	145	0.166667
45	164	0.166667
46	10	0.025641
46	12	0.043478
46	14	0.032258
46	19	0.027027
46	23	0.041667
46	24	0.055556
46	58	0.125000
46	77	0.142857
46	94	0.142857
46	111	0.142857
46	145	0.166667
46	148	0.166667
46	151	0.200000
47	3	0.025000
47	6	0.019608
47	8	0.022222
47	13	0.030303
47	14	0.032258
47	37	0.055556
47	62	0.100000
47	65	0.083333
47	79	0.125000
47	80	0.166667
47	102	0.090909
47	105	0.111111
47	110	0.166667
47	120	0.142857
47	148	0.166667
48	8	0.022222
48	18	0.058824
48	22	0.058824
48	23	0.041667
48	26	0.058824
48	42	0.083333
48	51	0.100000
48	52	0.052632
48	55	0.100000
48	64	0.125000
48	72	0.090909
48	75	0.090909
48	98	0.166667
48	99	0.111111
48	103	0.111111
48	112	0.166667
48	144	0.142857
49	1	0.025641
49	9	0.050000
49	10	0.025641
49	22	0.058824
49	39	0.062500
49	42	0.083333
49	56	0.066667
49	68	0.125000
49	70	0.071429
49	110	0.166667
50	0	0.031250
50	2	0.033333
50	4	0.026316
50	5	0.052632
50	20	0.058824
50	33	0.038462
50	61	0.125000
50	82	0.100000
50	90	0.125000
50	91	0.166667
50	108	0.142857
50	109	0.142857
50	125	0.166667
50	135	0.111111
51	3	0.025000
51	14	0.032258
51	21	0.058824
51	26	0.058824
51	29	0.071429
51	48	0.058824
51	68	0.125000
51	156	0.166667
51	160	0.166667
51	165	0.166667
52	4	0.026316
52	5	0.052632
52	20	0.058824
52	23	0.041667
52	24	0.055556
52	48	0.058824
52	53	0.166667
52	64	0.125000
52	77	0.142857
52	84	0.142857
52	95	0.125000
52	100	0.166667
52	115	0.125000
52	129	0.166667
52	130	0.125000
52	137	0.125000
52	140	0.100000
52	142	0.142857
52	143	0.166667
53	3	0.025000
53	10	0.025641
53	15	0.045455
53	21	0.058824
53	32	0.052632
53	52	0.052632
54	6	0.019608
54	8	0.022222
54	11	0.062500
54	15	0.045455
54	27	0.058824
54	45	0.058824
54	56	0.066667
54	67	0.083333
54	81	0.142857
54	83	0.166667
54	112	0.166667
54	121	0.125000
55	0	0.031250
55	14	0.032258
55	19	0.027027
55	21	0.058824
55	24	0.055556
55	48	0.058824
55	63	0.125000
55	64	0.125000
55	82	0.100000
55	118	0.166667
56	0	0.031250
56	3	0.025000
56	7	0.027778
56	9	0.050000
56	49	0.100000
56	54	0.083333
56	69	0.100000
56	82	0.100000
56	96	0.142857
56	98	0.166667
56	117	0.166667
56	134	0.142857
56	141	0.166667
56	144	0.142857
56	164	0.166667
57	0	0.031250
57	3	0.025000
57	4	0.026316
57	6	0.019608
57	10	0.025641
57	16	0.071429
57	72	0.090909
57	87	0.142857
57	92	0.142857
57	109	0.142857
57	110	0.166667
57	126	0.166667
57	161	0.142857
58	0	0.031250
58	4	0.026316
58	13	0.030303
58	24	0.055556
58	36	0.062500
58	46	0.076923
58	66	0.125000
58	142	0.142857
59	0	0.031250
59	8	0.022222
59	10	0.025641
59	19	0.027027
59	30	0.076923
59	33	0.038462
59	90	0.125000
59	104	0.166667
60	1	0.025641
60	3	0.025000
60	4	0.026316
60	14	0.032258
60	41	0.125000
60	45	0.058824
60	90	0.125000
60	97	0.125000
60	139	0.166667
61	2	0.033333
61	4	0.026316
61	6	0.019608
61	12	0.043478
61	37	0.055556
61	50	0.071429
61	74	0.142857
61	87	0.142857
62	4	0.026316
62	6	0.019608
62	8	0.022222
62	12	0.043478
62	33	0.038462
62	47	0.066667
62	68	0.125000
62	84	0.142857
62	87	0.142857
62	91	0.166667
63	1	0.025641
63	6	0.019608
63	19	0.027027
63	26	0.058824
63	35	0.100000
63	55	0.100000
63	64	0.125000
63	101	0.125000
64	8	0.022222
64	40	0.071429
64	48	0.058824
64	52	0.052632
64	55	0.100000
64	63	0.125000
64	76	0.111111
64	129	0.166667
65	6	0.019608
65	7	0.027778
65	14	0.032258
65	23	0.041667
65	25	0.062500
65	47	0.066667
65	71	0.142857
65	75	0.090909
65	79	0.125000
65	128	0.166667
65	149	0.166667
65	155	0.142857
66	0	0.031250
66	8	0.022222
66	19	0.027027
66	25	0.062500
66	29	0.071429
66	58	0.125000
66	146	0.166667
66	152	0.166667
67	1	0.025641
67	3	0.025000
67	9	0.050000
67	34	0.125000
67	39	0.062500
67	54	0.083333
67	68	0.125000
67	73	0.142857
67	88	0.111111
67	104	0.166667
67	107	0.166667
67	108	0.142857
68	16	0.071429
68	20	0.058824
68	49	0.100000
68	51	0.100000
68	62	0.100000
68	67	0.083333
68	71	0.142857
68	154	0.142857
69	0	0.031250
69	1	0.025641
69	7	0.027778
69	10	0.025641
69	33	0.038462
69	56	0.066667
69	80	0.166667
69	120	0.142857
69	133	0.166667
69	152	0.166667
70	0	0.031250
70	3	0.025000
70	7	0.027778
70	20	0.058824
70	25	0.062500
70	49	0.100000
70	71	0.142857
70	80	0.166667
70	113	0.142857
70	114	0.125000
70	138	0.166667
70	147	0.166667
70	155	0.142857
70	162	0.166667
71	1	0.025641
71	32	0.052632
71	45	0.058824
71	65	0.083333
71	68	0.125000
71	70	0.071429
71	162	0.166667
72	1	0.025641
72	19	0.027027
72	20	0.058824
72	37	0.055556
72	48	0.058824
72	57	0.076923
72	96	0.142857
72	105	0.111111
72	106	0.125000
72	142	0.142857
72	165	0.166667
73	8	0.022222
73	16	0.071429
73	22	0.058824
73	30	0.076923
73	36	0.062500
73	67	0.083333
73	116	0.166667
74	6	0.019608
74	7	0.027778
74	11	0.062500
74	33	0.038462
74	42	0.083333
74	61	0.125000
74	79	0.125000
75	14	0.032258
75	27	0.058824
75	40	0.071429
75	44	0.090909
75	48	0.058824
75	65	0.083333
75	128	0.166667
75	136	0.142857
75	137	0.125000
75	145	0.166667
75	149	0.166667
76	1	0.025641
76	2	0.033333
76	6	0.019608
76	24	0.055556
76	33	0.038462
76	64	0.125000
76	83	0.166667
76	108	0.142857
76	127	0.166667
77	1	0.025641
77	4	0.026316
77	14	0.032258
77	15	0.045455
77	46	0.076923
77	52	0.052632
77	92	0.142857
78	1	0.025641
78	7	0.027778
78	15	0.045455
78	18	0.058824
78	24	0.055556
78	29	0.071429
78	91	0.166667
78	124	0.166667
78	132	0.166667
78	161	0.142857
78	166	0.166667
79	7	0.027778
79	12	0.043478
79	36	0.062500
79	47	0.066667
79	65	0.083333
79	74	0.142857
79	114	0.125000
79	117	0.166667
80	7	0.027778
80	14	0.032258
80	23	0.041667
80	47	0.066667
80	69	0.100000
80	70	0.071429
81	6	0.019608
81	16	0.071429
81	19	0.027027
81	39	0.062500
81	42	0.083333
81	54	0.083333
81	135	0.111111
82	2	0.033333
82	8	0.022222
82	25	0.062500
82	50	0.071429
82	55	0.100000
82	56	0.066667
82	113	0.142857
82	150	0.166667
82	161	0.142857
82	164	0.166667
83	14	0.032258
83	37	0.055556
83	38	0.142857
83	44	0.090909
83	54	0.083333
83	76	0.111111
84	1	0.025641
84	32	0.052632
84	39	0.062500
84	45	0.058824
84	52	0.052632
84	62	0.100000
84	98	0.166667
85	1	0.025641
85	11	0.062500
85	15	0.045455
85	30	0.076923
85	35	0.100000
85	39	0.062500
85	96	0.142857
85	124	0.166667
85	125	0.166667
86	3	0.025000
86	4	0.026316
86	6	0.019608
86	7	0.027778
86	8	0.022222
86	143	0.166667
86	144	0.142857
87	6	0.019608
87	8	0.022222
87	33	0.038462
87	57	0.076923
87	61	0.125000
87	62	0.100000
87	136	0.142857
88	1	0.025641
88	3	0.025000
88	10	0.025641
88	27	0.058824
88	34	0.125000
88	67	0.083333
88	126	0.166667
88	130	0.125000
88	142	0.142857
89	7	0.027778
89	13	0.030303
89	17	0.058824
89	19	0.027027
89	29	0.071429
89	44	0.090909
89	131	0.125000
89	160	0.166667
90	6	0.019608
90	18	0.058824
90	37	0.055556
90	50	0.071429
90	59	0.125000
90	60	0.111111
90	107	0.166667
90	120	0.142857
91	8	0.022222
91	33	0.038462
91	45	0.058824
91	50	0.071429
91	62	0.100000
91	78	0.090909
92	2	0.033333
92	14	0.032258
92	15	0.045455
92	37	0.055556
92	57	0.076923
92	77	0.142857
92	154	0.142857
93	2	0.033333
93	3	0.025000
93	7	0.027778
93	12	0.043478
93	17	0.058824
93	20	0.058824
94	4	0.026316
94	6	0.019608
94	10	0.025641
94	25	0.062500
94	26	0.058824
94	46	0.076923
94	109	0.142857
95	3	0.025000
95	6	0.019608
95	11	0.062500
95	15	0.045455
95	21	0.058824
95	52	0.052632
95	117	0.166667
95	119	0.166667
96	7	0.027778
96	12	0.043478
96	16	0.071429
96	56	0.066667
96	72	0.090909
96	85	0.111111
96	122	0.166667
97	7	0.027778
97	17	0.058824
97	23	0.041667
97	33	0.038462
97	42	0.083333
97	60	0.111111
97	109	0.142857
97	165	0.166667
98	23	0.041667
98	32	0.052632
98	36	0.062500
98	48	0.058824
98	56	0.066667
98	84	0.142857
99	1	0.025641
99	3	0.025000
99	6	0.019608
99	35	0.100000
99	45	0.058824
99	48	0.058824
99	116	0.166667
99	146	0.166667
99	150	0.166667
100	0	0.031250
100	3	0.025000
100	4	0.026316
100	6	0.019608
100	7	0.027778
100	52	0.052632
101	1	0.025641
101	6	0.019608
101	10	0.025641
101	19	0.027027
101	36	0.062500
101	63	0.125000
101	108	0.142857
101	127	0.166667
102	0	0.031250
102	4	0.026316
102	6	0.019608
102	13	0.030303
102	41	0.125000
102	47	0.066667
102	112	0.166667
102	115	0.125000
102	122	0.166667
102	123	0.125000
102	153	0.166667
103	2	0.033333
103	9	0.050000
103	13	0.030303
103	23	0.041667
103	32	0.052632
103	48	0.058824
103	104	0.166667
103	130	0.125000
103	166	0.166667
104	10	0.025641
104	25	0.062500
104	33	0.038462
104	59	0.125000
104	67	0.083333
104	103	0.111111
105	2	0.033333
105	7	0.027778
105	33	0.038462
105	37	0.055556
105	47	0.066667
105	72	0.090909
105	154	0.142857
105	155	0.142857
105	165	0.166667
106	3	0.025000
106	7	0.027778
106	19	0.027027
106	30	0.076923
106	42	0.083333
106	72	0.090909
106	128	0.166667
106	141	0.166667
107	0	0.031250
107	4	0.026316
107	9	0.050000
107	39	0.062500
107	67	0.083333
107	90	0.125000
108	4	0.026316
108	30	0.076923
108	50	0.071429
108	67	0.083333
108	76	0.111111
108	101	0.125000
108	163	0.166667
109	22	0.058824
109	26	0.058824
109	50	0.071429
109	57	0.076923
109	94	0.142857
109	97	0.125000
109	133	0.166667
110	0	0.031250
110	1	0.025641
110	16	0.071429
110	47	0.066667
110	49	0.100000
110	57	0.076923
111	5	0.052632
111	6	0.019608
111	10	0.025641
111	23	0.041667
111	27	0.058824
111	46	0.076923
111	142	0.142857
112	10	0.025641
112	14	0.032258
112	43	0.125000
112	48	0.058824
112	54	0.083333
112	102	0.090909
113	2	0.033333
113	7	0.027778
113	21	0.058824
113	24	0.055556
113	70	0.071429
113	82	0.100000
113	137	0.125000
114	3	0.025000
114	9	0.050000
114	10	0.025641
114	43	0.125000
114	70	0.071429
114	79	0.125000
114	130	0.125000
114	138	0.166667
115	4	0.026316
115	5	0.052632
115	8	0.022222
115	19	0.027027
115	52	0.052632
115	102	0.090909
115	125	0.166667
115	155	0.142857
116	1	0.025641
116	3	0.025000
116	10	0.025641
116	23	0.041667
116	73	0.142857
116	99	0.111111
117	10	0.025641
117	22	0.058824
117	37	0.055556
117	56	0.066667
117	79	0.125000
117	95	0.125000
118	0	0.031250
118	1	0.025641
118	7	0.027778
118	12	0.043478
118	14	0.032258
118	55	0.100000
119	0	0.031250
119	1	0.025641
119	4	0.026316
119	6	0.019608
119	23	0.041667
119	95	0.125000
120	17	0.058824
120	28	0.142857
120	36	0.062500
120	47	0.066667
120	69	0.100000
120	90	0.125000
120	149	0.166667
121	6	0.019608
121	10	0.025641
121	21	0.058824
121	25	0.062500
121	27	0.058824
121	54	0.083333
121	131	0.125000
121	141	0.166667
122	10	0.025641
122	22	0.058824
122	32	0.052632
122	36	0.062500
122	96	0.142857
122	102	0.090909
123	2	0.033333
123	4	0.026316
123	8	0.022222
123	31	0.111111
123	33	0.038462
123	102	0.090909
123	139	0.166667
123	159	0.142857
124	6	0.019608
124	22	0.058824
124	30	0.076923
124	44	0.090909
124	78	0.090909
124	85	0.111111
125	14	0.032258
125	22	0.058824
125	23	0.041667
125	50	0.071429
125	85	0.111111
125	115	0.125000
126	0	0.031250
126	7	0.027778
126	8	0.022222
126	9	0.050000
126	57	0.076923
126	88	0.111111
127	12	0.043478
127	19	0.027027
127	21	0.058824
127	45	0.058824
127	76	0.111111
127	101	0.125000
128	1	0.025641
128	23	0.041667
128	40	0.071429
128	65	0.083333
128	75	0.090909
128	106	0.125000
129	0	0.031250
129	4	0.026316
129	5	0.052632
129	27	0.058824
129	52	0.052632
129	64	0.125000
130	6	0.019608
130	13	0.030303
130	52	0.052632
130	88	0.111111
130	103	0.111111
130	114	0.125000
130	131	0.125000
130	158	0.166667
131	5	0.052632
131	18	0.058824
131	26	0.058824
131	89	0.125000
131	121	0.125000
131	130	0.125000
131	134	0.142857
131	149	0.166667
132	0	0.031250
132	6	0.019608
132	13	0.030303
132	18	0.058824
132	40	0.071429
132	78	0.090909
133	10	0.025641
133	15	0.045455
133	19	0.027027
133	40	0.071429
133	69	0.100000
133	109	0.142857
134	17	0.058824
134	25	0.062500
134	32	0.052632
134	45	0.058824
134	56	0.066667
134	131	0.125000
134	156	0.166667
135	29	0.071429
135	33	0.038462
135	37	0.055556
135	45	0.058824
135	50	0.071429
135	81	0.142857
135	141	0.166667
135	149	0.166667
135	161	0.142857
136	6	0.019608
136	23	0.041667
136	27	0.058824
136	39	0.062500
136	75	0.090909
136	87	0.142857
136	140	0.100000
137	2	0.033333
137	6	0.019608
137	24	0.055556
137	52	0.052632
137	75	0.090909
137	113	0.142857
137	141	0.166667
137	163	0.166667
138	4	0.026316
138	10	0.025641
138	26	0.058824
138	39	0.062500
138	70	0.071429
138	114	0.125000
139	2	0.033333
139	13	0.030303
139	19	0.027027
139	36	0.062500
139	60	0.111111
139	123	0.125000
140	8	0.022222
140	12	0.043478
140	19	0.027027
140	40	0.071429
140	52	0.052632
140	136	0.142857
140	146	0.166667
140	150	0.166667
140	152	0.166667
140	159	0.142857
141	24	0.055556
141	56	0.066667
141	106	0.125000
141	121	0.125000
141	135	0.111111
141	137	0.125000
142	25	0.062500
142	52	0.052632
142	58	0.125000
142	72	0.090909
142	88	0.111111
142	111	0.142857
142	144	0.142857
143	4	0.026316
143	8	0.022222
143	32	0.052632
143	33	0.038462
143	52	0.052632
143	86	0.142857
144	8	0.022222
144	22	0.058824
144	48	0.058824
144	56	0.066667
144	86	0.142857
144	142	0.142857
144	149	0.166667
145	13	0.030303
145	14	0.032258
145	25	0.062500
145	45	0.058824
145	46	0.076923
145	75	0.090909
146	0	0.031250
146	11	0.062500
146	13	0.030303
146	66	0.125000
146	99	0.111111
146	140	0.100000
147	3	0.025000
147	4	0.026316
147	6	0.019608
147	19	0.027027
147	32	0.052632
147	70	0.071429
148	1	0.025641
148	2	0.033333
148	6	0.019608
148	36	0.062500
148	46	0.076923
148	47	0.066667
149	65	0.083333
149	75	0.090909
149	120	0.142857
149	131	0.125000
149	135	0.111111
149	144	0.142857
150	2	0.033333
150	9	0.050000
150	22	0.058824
150	82	0.100000
150	99	0.111111
150	140	0.100000
151	4	0.026316
151	8	0.022222
151	10	0.025641
151	13	0.030303
151	46	0.076923
152	19	0.027027
152	29	0.071429
152	40	0.071429
152	66	0.125000
152	69	0.100000
152	140	0.100000
153	0	0.031250
153	1	0.025641
153	2	0.033333
153	4	0.026316
153	32	0.052632
153	102	0.090909
154	8	0.022222
154	37	0.055556
154	39	0.062500
154	68	0.125000
154	92	0.142857
154	105	0.111111
154	156	0.166667
155	3	0.025000
155	19	0.027027
155	65	0.083333
155	70	0.071429
155	105	0.111111
155	115	0.125000
155	164	0.166667
156	3	0.025000
156	6	0.019608
156	32	0.052632
156	51	0.100000
156	134	0.142857
156	154	0.142857
157	3	0.025000
157	8	0.022222
157	19	0.027027
157	20	0.058824
157	26	0.058824
157	35	0.100000
158	13	0.030303
158	15	0.045455
158	19	0.027027
158	20	0.058824
158	44	0.090909
158	130	0.125000
159	1	0.025641
159	8	0.022222
159	19	0.027027
159	33	0.038462
159	123	0.125000
159	140	0.100000
159	163	0.166667
160	8	0.022222
160	9	0.050000
160	13	0.030303
160	23	0.041667
160	51	0.100000
160	89	0.125000
161	13	0.030303
161	19	0.027027
161	57	0.076923
161	78	0.090909
161	82	0.100000
161	135	0.111111
161	166	0.166667
162	5	0.052632
162	12	0.043478
162	13	0.030303
162	23	0.041667
162	70	0.071429
162	71	0.142857
163	6	0.019608
163	8	0.022222
163	19	0.027027
163	108	0.142857
163	137	0.125000
163	159	0.142857
164	19	0.027027
164	37	0.055556
164	45	0.058824
164	56	0.066667
164	82	0.100000
164	155	0.142857
165	7	0.027778
165	33	0.038462
165	51	0.100000
165	72	0.090909
165	97	0.125000
165	105	0.111111
166	6	0.019608
166	17	0.058824
166	31	0.111111
166	78	0.090909
166	103	0.111111
166	161	0.142857
