183	2464
0	1	0.047619
0	2	0.045455
0	3	0.034483
0	4	0.025641
0	5	0.025641
0	6	0.020000
0	7	0.047619
0	8	0.020408
0	9	0.018519
0	10	0.032258
0	11	0.027027
0	15	0.035714
0	22	0.052632
0	25	0.041667
0	37	0.083333
0	40	0.071429
0	50	0.083333
0	61	0.083333
0	64	0.066667
0	68	0.100000
0	69	0.100000
0	76	0.071429
0	81	0.100000
0	83	0.083333
0	107	0.100000
0	121	0.090909
0	126	0.125000
0	130	0.111111
0	146	0.142857
0	150	0.125000
0	160	0.142857
1	0	0.032258
1	8	0.020408
1	13	0.027027
1	21	0.035714
1	25	0.041667
1	27	0.033333
1	35	0.083333
1	40	0.071429
1	50	0.083333
1	53	0.083333
1	58	0.071429
1	94	0.090909
1	106	0.111111
1	108	0.111111
1	114	0.125000
1	118	0.090909
1	122	0.083333
1	131	0.111111
1	140	0.111111
1	165	0.125000
1	168	0.142857
2	0	0.032258
2	8	0.020408
2	9	0.018519
2	10	0.032258
2	16	0.027027
2	19	0.043478
2	21	0.035714
2	22	0.052632
2	25	0.041667
2	37	0.083333
2	45	0.055556
2	50	0.083333
2	70	0.071429
2	91	0.111111
2	99	0.076923
2	120	0.111111
2	127	0.100000
2	139	0.142857
2	140	0.111111
2	145	0.125000
2	151	0.142857
2	154	0.125000
3	0	0.032258
3	8	0.020408
3	9	0.018519
3	10	0.032258
3	11	0.027027
3	12	0.025641
3	15	0.035714
3	16	0.027027
3	18	0.040000
3	33	0.083333
3	37	0.083333
3	39	0.043478
3	43	0.100000
3	46	0.111111
3	48	0.100000
3	54	0.090909
3	55	0.076923
3	87	0.111111
3	88	0.111111
3	100	0.111111
3	107	0.100000
3	111	0.125000
3	122	0.083333
3	125	0.142857
3	143	0.125000
3	157	0.142857
3	170	0.142857
3	174	0.142857
3	182	0.142857
4	0	0.032258
4	8	0.020408
4	9	0.018519
4	10	0.032258
4	12	0.025641
4	13	0.027027
4	15	0.035714
4	21	0.035714
4	22	0.052632
4	23	0.041667
4	24	0.028571
4	26	0.041667
4	39	0.043478
4	47	0.062500
4	74	0.100000
4	85	0.111111
4	89	0.100000
4	92	0.090909
4	93	0.083333
4	94	0.090909
4	95	0.090909
4	101	0.100000
4	107	0.100000
4	108	0.111111
4	113	0.142857
4	115	0.142857
4	128	0.125000
4	129	0.142857
4	132	0.125000
4	135	0.142857
4	139	0.142857
4	140	0.111111
4	144	0.125000
4	150	0.125000
4	152	0.111111
4	159	0.125000
4	160	0.142857
4	167	0.142857
4	181	0.125000
5	0	0.032258
5	8	0.020408
5	9	0.018519
5	11	0.027027
5	12	0.025641
5	13	0.027027
5	14	0.025641
5	16	0.027027
5	18	0.040000
5	19	0.043478
5	22	0.052632
5	23	0.041667
5	25	0.041667
5	27	0.033333
5	31	0.041667
5	34	0.090909
5	35	0.083333
5	36	0.100000
5	58	0.071429
5	68	0.100000
5	70	0.071429
5	71	0.058824
5	76	0.071429
5	80	0.090909
5	87	0.111111
5	92	0.090909
5	93	0.083333
5	96	0.090909
5	105	0.090909
5	110	0.142857
5	116	0.125000
5	118	0.090909
5	127	0.100000
5	141	0.125000
5	142	0.100000
5	152	0.111111
5	160	0.142857
5	175	0.142857
5	176	0.142857
6	0	0.032258
6	9	0.018519
6	11	0.027027
6	12	0.025641
6	14	0.025641
6	16	0.027027
6	17	0.038462
6	20	0.040000
6	22	0.052632
6	23	0.041667
6	25	0.041667
6	27	0.033333
6	29	0.052632
6	30	0.041667
6	31	0.041667
6	32	0.052632
6	33	0.083333
6	34	0.090909
6	37	0.083333
6	38	0.066667
6	39	0.043478
6	43	0.100000
6	46	0.111111
6	47	0.062500
6	51	0.050000
6	52	0.083333
6	56	0.071429
6	57	0.076923
6	64	0.066667
6	65	0.111111
6	68	0.100000
6	82	0.111111
6	86	0.125000
6	97	0.125000
6	99	0.076923
6	107	0.100000
6	108	0.111111
6	110	0.142857
6	114	0.125000
6	122	0.083333
6	126	0.125000
6	138	0.100000
6	139	0.142857
6	144	0.125000
6	146	0.142857
6	157	0.142857
6	161	0.142857
6	164	0.142857
6	169	0.142857
6	178	0.142857
7	0	0.032258
7	8	0.020408
7	10	0.032258
7	11	0.027027
7	15	0.035714
7	21	0.035714
7	23	0.041667
7	31	0.041667
7	33	0.083333
7	49	0.083333
7	60	0.076923
7	69	0.100000
7	70	0.071429
7	71	0.058824
7	75	0.062500
7	85	0.111111
7	115	0.142857
7	140	0.111111
7	166	0.142857
7	174	0.142857
7	181	0.125000
8	0	0.032258
8	1	0.047619
8	2	0.045455
8	3	0.034483
8	4	0.025641
8	5	0.025641
8	7	0.047619
8	9	0.018519
8	10	0.032258
8	11	0.027027
8	12	0.025641
8	13	0.027027
8	15	0.035714
8	16	0.027027
8	17	0.038462
8	18	0.040000
8	20	0.040000
8	24	0.028571
8	28	0.047619
8	38	0.066667
8	40	0.071429
8	44	0.058824
8	47	0.062500
8	49	0.083333
8	51	0.050000
8	55	0.076923
8	57	0.076923
8	59	0.100000
8	60	0.076923
8	66	0.066667
8	69	0.100000
8	70	0.071429
8	71	0.058824
8	77	0.100000
8	81	0.100000
8	85	0.111111
8	91	0.111111
8	96	0.090909
8	105	0.090909
8	106	0.111111
8	117	0.100000
8	126	0.125000
8	127	0.100000
8	135	0.142857
8	148	0.142857
8	156	0.142857
8	159	0.125000
8	168	0.142857
8	180	0.142857
9	0	0.032258
9	2	0.045455
9	3	0.034483
9	4	0.025641
9	5	0.025641
9	6	0.020000
9	8	0.020408
9	10	0.032258
9	11	0.027027
9	12	0.025641
9	13	0.027027
9	14	0.025641
9	16	0.027027
9	17	0.038462
9	19	0.043478
9	20	0.040000
9	24	0.028571
9	32	0.052632
9	34	0.090909
9	37	0.083333
9	38	0.066667
9	40	0.071429
9	43	0.100000
9	45	0.055556
9	46	0.111111
9	48	0.100000
9	49	0.083333
9	53	0.083333
9	57	0.076923
9	60	0.076923
9	61	0.083333
9	63	0.083333
9	66	0.066667
9	70	0.071429
9	77	0.100000
9	84	0.090909
9	85	0.111111
9	86	0.125000
9	90	0.142857
9	97	0.125000
9	99	0.076923
9	103	0.090909
9	111	0.125000
9	116	0.125000
9	136	0.125000
9	138	0.100000
9	145	0.125000
9	161	0.142857
9	165	0.125000
9	171	0.142857
9	172	0.142857
9	173	0.142857
9	178	0.142857
9	182	0.142857
10	0	0.032258
10	2	0.045455
10	3	0.034483
10	4	0.025641
10	7	0.047619
10	8	0.020408
10	9	0.018519
10	12	0.025641
10	14	0.025641
10	17	0.038462
10	19	0.043478
10	20	0.040000
10	26	0.041667
10	27	0.033333
10	28	0.047619
10	33	0.083333
10	36	0.100000
10	43	0.100000
10	45	0.055556
10	48	0.100000
10	49	0.083333
10	52	0.083333
10	61	0.083333
10	66	0.066667
10	100	0.111111
10	126	0.125000
10	130	0.111111
10	143	0.125000
10	149	0.142857
10	171	0.142857
10	173	0.142857
11	0	0.032258
11	3	0.034483
11	5	0.025641
11	6	0.020000
11	7	0.047619
11	8	0.020408
11	9	0.018519
11	13	0.027027
11	14	0.025641
11	15	0.035714
11	18	0.040000
11	20	0.040000
11	24	0.028571
11	26	0.041667
11	29	0.052632
11	30	0.041667
11	43	0.100000
11	51	0.050000
11	52	0.083333
11	54	0.090909
11	57	0.076923
11	61	0.083333
11	62	0.076923
11	76	0.071429
11	84	0.090909
11	86	0.125000
11	90	0.142857
11	117	0.100000
11	126	0.125000
11	133	0.100000
11	142	0.100000
11	143	0.125000
11	164	0.142857
11	170	0.142857
11	171	0.142857
11	174	0.142857
11	177	0.125000
12	3	0.034483
12	4	0.025641
12	5	0.025641
12	6	0.020000
12	8	0.020408
12	9	0.018519
12	10	0.032258
12	13	0.027027
12	14	0.025641
12	17	0.038462
12	18	0.040000
12	20	0.040000
12	28	0.047619
12	29	0.052632
12	30	0.041667
12	36	0.100000
12	44	0.058824
12	49	0.083333
12	51	0.050000
12	53	0.083333
12	56	0.071429
12	57	0.076923
12	61	0.083333
12	68	0.100000
12	69	0.100000
12	79	0.083333
12	83	0.083333
12	88	0.111111
12	92	0.090909
12	95	0.090909
12	104	0.125000
12	113	0.142857
12	115	0.142857
12	122	0.083333
12	124	0.142857
12	131	0.111111
12	137	0.125000
12	140	0.111111
12	151	0.142857
13	1	0.047619
13	4	0.025641
13	5	0.025641
13	8	0.020408
13	9	0.018519
13	11	0.027027
13	12	0.025641
13	14	0.025641
13	15	0.035714
13	16	0.027027
13	20	0.040000
13	21	0.035714
13	25	0.041667
13	28	0.047619
13	29	0.052632
13	31	0.041667
13	33	0.083333
13	35	0.083333
13	41	0.090909
13	42	0.066667
13	43	0.100000
13	51	0.050000
13	58	0.071429
13	63	0.083333
13	69	0.100000
13	76	0.071429
13	89	0.100000
13	102	0.111111
13	104	0.125000
13	107	0.100000
13	111	0.125000
13	118	0.090909
13	124	0.142857
13	128	0.125000
13	147	0.142857
13	166	0.142857
13	178	0.142857
14	5	0.025641
14	6	0.020000
14	9	0.018519
14	10	0.032258
14	11	0.027027
14	12	0.025641
14	13	0.027027
14	17	0.038462
14	18	0.040000
14	19	0.043478
14	21	0.035714
14	31	0.041667
14	32	0.052632
14	35	0.083333
14	36	0.100000
14	37	0.083333
14	39	0.043478
14	41	0.090909
14	45	0.055556
14	47	0.062500
14	56	0.071429
14	58	0.071429
14	64	0.066667
14	65	0.111111
14	74	0.100000
14	75	0.062500
14	80	0.090909
14	91	0.111111
14	93	0.083333
14	95	0.090909
14	109	0.100000
14	114	0.125000
14	118	0.090909
14	136	0.125000
14	151	0.142857
14	152	0.111111
14	156	0.142857
14	161	0.142857
14	176	0.142857
15	0	0.032258
15	3	0.034483
15	4	0.025641
15	7	0.047619
15	8	0.020408
15	11	0.027027
15	13	0.027027
15	23	0.041667
15	27	0.033333
15	28	0.047619
15	36	0.100000
15	56	0.071429
15	76	0.071429
15	79	0.083333
15	90	0.142857
15	95	0.090909
15	99	0.076923
15	101	0.100000
15	112	0.125000
15	113	0.142857
15	130	0.111111
15	133	0.100000
15	135	0.142857
15	149	0.142857
15	150	0.125000
15	163	0.142857
15	164	0.142857
15	180	0.142857
16	2	0.045455
16	3	0.034483
16	5	0.025641
16	6	0.020000
16	8	0.020408
16	9	0.018519
16	13	0.027027
16	17	0.038462
16	18	0.040000
16	19	0.043478
16	21	0.035714
16	23	0.041667
16	24	0.028571
16	32	0.052632
16	34	0.090909
16	37	0.083333
16	39	0.043478
16	41	0.090909
16	70	0.071429
16	72	0.100000
16	82	0.111111
16	83	0.083333
16	88	0.111111
16	98	0.111111
16	99	0.076923
16	102	0.111111
16	104	0.125000
16	112	0.125000
16	117	0.100000
16	125	0.142857
16	136	0.125000
16	138	0.100000
16	147	0.142857
16	156	0.142857
16	167	0.142857
16	177	0.125000
16	182	0.142857
17	6	0.020000
17	8	0.020408
17	9	0.018519
17	10	0.032258
17	12	0.025641
17	14	0.025641
17	16	0.027027
17	23	0.041667
17	25	0.041667
17	27	0.033333
17	28	0.047619
17	38	0.066667
17	42	0.066667
17	45	0.055556
17	46	0.111111
17	53	0.083333
17	56	0.071429
17	59	0.100000
17	62	0.076923
17	66	0.066667
17	80	0.090909
17	91	0.111111
17	95	0.090909
17	121	0.090909
17	131	0.111111
17	141	0.125000
18	3	0.034483
18	5	0.025641
18	8	0.020408
18	11	0.027027
18	12	0.025641
18	14	0.025641
18	16	0.027027
18	19	0.043478
18	26	0.041667
18	33	0.083333
18	34	0.090909
18	36	0.100000
18	38	0.066667
18	41	0.090909
18	42	0.066667
18	50	0.083333
18	56	0.071429
18	82	0.111111
18	98	0.111111
18	116	0.125000
18	136	0.125000
18	155	0.142857
18	162	0.142857
18	165	0.125000
18	181	0.125000
19	2	0.045455
19	5	0.025641
19	9	0.018519
19	10	0.032258
19	14	0.025641
19	16	0.027027
19	18	0.040000
19	22	0.052632
19	31	0.041667
19	33	0.083333
19	38	0.066667
19	45	0.055556
19	48	0.100000
19	58	0.071429
19	59	0.100000
19	77	0.100000
19	85	0.111111
19	96	0.090909
19	111	0.125000
19	124	0.142857
19	132	0.125000
19	172	0.142857
19	179	0.142857
20	6	0.020000
20	8	0.020408
20	9	0.018519
20	10	0.032258
20	11	0.027027
20	12	0.025641
20	13	0.027027
20	26	0.041667
20	27	0.033333
20	51	0.050000
20	52	0.083333
20	53	0.083333
20	54	0.090909
20	58	0.071429
20	67	0.111111
20	72	0.100000
20	75	0.062500
20	78	0.100000
20	96	0.090909
20	97	0.125000
20	110	0.142857
20	113	0.142857
20	123	0.090909
20	139	0.142857
20	149	0.142857
21	1	0.047619
21	2	0.045455
21	4	0.025641
21	7	0.047619
21	13	0.027027
21	14	0.025641
21	16	0.027027
21	22	0.052632
21	24	0.028571
21	26	0.041667
21	31	0.041667
21	47	0.062500
21	50	0.083333
21	52	0.083333
21	56	0.071429
21	60	0.076923
21	64	0.066667
21	67	0.111111
21	78	0.100000
21	91	0.111111
21	97	0.125000
21	108	0.111111
21	109	0.100000
21	112	0.125000
21	115	0.142857
21	126	0.125000
21	144	0.125000
21	175	0.142857
22	0	0.032258
22	2	0.045455
22	4	0.025641
22	5	0.025641
22	6	0.020000
22	19	0.043478
22	21	0.035714
22	28	0.047619
22	30	0.041667
22	36	0.100000
22	44	0.058824
22	59	0.100000
22	67	0.111111
22	72	0.100000
22	81	0.100000
22	86	0.125000
22	119	0.142857
22	132	0.125000
22	176	0.142857
23	4	0.025641
23	5	0.025641
23	6	0.020000
23	7	0.047619
23	15	0.035714
23	16	0.027027
23	17	0.038462
23	24	0.028571
23	29	0.052632
23	32	0.052632
23	44	0.058824
23	46	0.111111
23	55	0.076923
23	61	0.083333
23	64	0.066667
23	65	0.111111
23	66	0.066667
23	79	0.083333
23	88	0.111111
23	92	0.090909
23	116	0.125000
23	147	0.142857
23	150	0.125000
23	182	0.142857
24	4	0.025641
24	8	0.020408
24	9	0.018519
24	11	0.027027
24	16	0.027027
24	21	0.035714
24	23	0.041667
24	26	0.041667
24	29	0.052632
24	30	0.041667
24	34	0.090909
24	35	0.083333
24	38	0.066667
24	39	0.043478
24	42	0.066667
24	48	0.100000
24	50	0.083333
24	51	0.050000
24	52	0.083333
24	58	0.071429
24	64	0.066667
24	67	0.111111
24	74	0.100000
24	76	0.071429
24	93	0.083333
24	99	0.076923
24	114	0.125000
24	120	0.111111
24	121	0.090909
24	143	0.125000
24	152	0.111111
24	154	0.125000
24	155	0.142857
24	165	0.125000
24	172	0.142857
25	0	0.032258
25	1	0.047619
25	2	0.045455
25	5	0.025641
25	6	0.020000
25	13	0.027027
25	17	0.038462
25	30	0.041667
25	40	0.071429
25	42	0.066667
25	43	0.100000
25	46	0.111111
25	49	0.083333
25	67	0.111111
25	90	0.142857
25	94	0.090909
25	102	0.111111
25	119	0.142857
25	136	0.125000
25	144	0.125000
25	145	0.125000
25	161	0.142857
25	169	0.142857
25	175	0.142857
26	4	0.025641
26	10	0.032258
26	11	0.027027
26	18	0.040000
26	20	0.040000
26	21	0.035714
26	24	0.028571
26	32	0.052632
26	40	0.071429
26	59	0.100000
26	63	0.083333
26	71	0.058824
26	75	0.062500
26	82	0.111111
26	100	0.111111
26	101	0.100000
26	111	0.125000
26	113	0.142857
26	128	0.125000
26	142	0.100000
26	150	0.125000
26	155	0.142857
26	164	0.142857
26	170	0.142857
27	1	0.047619
27	5	0.025641
27	6	0.020000
27	10	0.032258
27	15	0.035714
27	17	0.038462
27	20	0.040000
27	29	0.052632
27	34	0.090909
27	35	0.083333
27	41	0.090909
27	42	0.066667
27	45	0.055556
27	52	0.083333
27	63	0.083333
27	72	0.100000
27	75	0.062500
27	88	0.111111
27	93	0.083333
27	98	0.111111
27	101	0.100000
27	103	0.090909
27	104	0.125000
27	109	0.100000
27	110	0.142857
27	112	0.125000
27	125	0.142857
27	128	0.125000
27	145	0.125000
27	161	0.142857
28	8	0.020408
28	10	0.032258
28	12	0.025641
28	13	0.027027
28	15	0.035714
28	17	0.038462
28	22	0.052632
28	41	0.090909
28	48	0.100000
28	54	0.090909
28	73	0.100000
28	75	0.062500
28	78	0.100000
28	84	0.090909
28	92	0.090909
28	105	0.090909
28	119	0.142857
28	132	0.125000
28	144	0.125000
28	157	0.142857
28	162	0.142857
29	6	0.020000
29	11	0.027027
29	12	0.025641
29	13	0.027027
29	23	0.041667
29	24	0.028571
29	27	0.033333
29	30	0.041667
29	59	0.100000
29	81	0.100000
29	87	0.111111
29	88	0.111111
29	94	0.090909
29	105	0.090909
29	127	0.100000
29	167	0.142857
29	174	0.142857
29	176	0.142857
29	177	0.125000
30	6	0.020000
30	11	0.027027
30	12	0.025641
30	22	0.052632
30	24	0.028571
30	25	0.041667
30	29	0.052632
30	39	0.043478
30	50	0.083333
30	55	0.076923
30	62	0.076923
30	65	0.111111
30	69	0.100000
30	77	0.100000
30	85	0.111111
30	109	0.100000
30	112	0.125000
30	134	0.111111
30	138	0.100000
30	144	0.125000
30	151	0.142857
30	152	0.111111
30	153	0.125000
30	173	0.142857
31	5	0.025641
31	6	0.020000
31	7	0.047619
31	13	0.027027
31	14	0.025641
31	19	0.043478
31	21	0.035714
31	32	0.052632
31	44	0.058824
31	46	0.111111
31	62	0.076923
31	100	0.111111
31	109	0.100000
31	112	0.125000
31	120	0.111111
31	125	0.142857
31	132	0.125000
31	137	0.125000
31	148	0.142857
31	152	0.111111
31	165	0.125000
31	170	0.142857
31	171	0.142857
31	177	0.125000
32	6	0.020000
32	9	0.018519
32	14	0.025641
32	16	0.027027
32	23	0.041667
32	26	0.041667
32	31	0.041667
32	35	0.083333
32	44	0.058824
32	63	0.083333
32	65	0.111111
32	67	0.111111
32	78	0.100000
32	98	0.111111
32	108	0.111111
32	127	0.100000
32	143	0.125000
32	153	0.125000
32	173	0.142857
33	3	0.034483
33	6	0.020000
33	7	0.047619
33	10	0.032258
33	13	0.027027
33	18	0.040000
33	19	0.043478
33	49	0.083333
33	89	0.100000
33	129	0.142857
33	161	0.142857
33	165	0.125000
34	5	0.025641
34	6	0.020000
34	9	0.018519
34	16	0.027027
34	18	0.040000
34	24	0.028571
34	27	0.033333
34	65	0.111111
34	77	0.100000
34	81	0.100000
34	175	0.142857
35	1	0.047619
35	5	0.025641
35	13	0.027027
35	14	0.025641
35	24	0.028571
35	27	0.033333
35	32	0.052632
35	44	0.058824
35	96	0.090909
35	104	0.125000
35	138	0.100000
35	155	0.142857
36	5	0.025641
36	10	0.032258
36	12	0.025641
36	14	0.025641
36	15	0.035714
36	18	0.040000
36	22	0.052632
36	55	0.076923
36	130	0.111111
36	158	0.125000
37	0	0.032258
37	2	0.045455
37	3	0.034483
37	6	0.020000
37	9	0.018519
37	14	0.025641
37	16	0.027027
37	41	0.090909
37	71	0.058824
37	100	0.111111
37	139	0.142857
37	172	0.142857
38	6	0.020000
38	8	0.020408
38	9	0.018519
38	17	0.038462
38	18	0.040000
38	19	0.043478
38	24	0.028571
38	40	0.071429
38	47	0.062500
38	72	0.100000
38	79	0.083333
38	87	0.111111
38	103	0.090909
38	135	0.142857
38	137	0.125000
39	3	0.034483
39	4	0.025641
39	6	0.020000
39	14	0.025641
39	16	0.027027
39	24	0.028571
39	30	0.041667
39	47	0.062500
39	55	0.076923
39	60	0.076923
39	62	0.076923
39	66	0.066667
39	67	0.111111
39	68	0.100000
39	70	0.071429
39	78	0.100000
39	84	0.090909
39	106	0.111111
39	118	0.090909
39	133	0.100000
39	160	0.142857
39	163	0.142857
39	167	0.142857
40	0	0.032258
40	1	0.047619
40	8	0.020408
40	9	0.018519
40	25	0.041667
40	26	0.041667
40	38	0.066667
40	66	0.066667
40	124	0.142857
40	148	0.142857
40	152	0.111111
40	169	0.142857
40	172	0.142857
40	181	0.125000
41	13	0.027027
41	14	0.025641
41	16	0.027027
41	18	0.040000
41	27	0.033333
41	28	0.047619
41	37	0.083333
41	42	0.066667
41	54	0.090909
41	68	0.100000
41	80	0.090909
42	13	0.027027
42	17	0.038462
42	18	0.040000
42	24	0.028571
42	25	0.041667
42	27	0.033333
42	41	0.090909
42	72	0.100000
42	79	0.083333
42	82	0.111111
42	84	0.090909
42	95	0.090909
42	97	0.125000
42	129	0.142857
42	146	0.142857
43	3	0.034483
43	6	0.020000
43	9	0.018519
43	10	0.032258
43	11	0.027027
43	13	0.027027
43	25	0.041667
43	48	0.100000
43	53	0.083333
43	74	0.100000
44	8	0.020408
44	12	0.025641
44	22	0.052632
44	23	0.041667
44	31	0.041667
44	32	0.052632
44	35	0.083333
44	53	0.083333
44	57	0.076923
44	92	0.090909
44	109	0.100000
44	131	0.111111
44	142	0.100000
44	147	0.142857
44	157	0.142857
44	171	0.142857
44	179	0.142857
45	2	0.045455
45	9	0.018519
45	10	0.032258
45	14	0.025641
45	17	0.038462
45	19	0.043478
45	27	0.033333
45	54	0.090909
45	57	0.076923
45	73	0.100000
45	89	0.100000
45	97	0.125000
45	104	0.125000
45	105	0.090909
45	110	0.142857
45	114	0.125000
45	131	0.111111
45	156	0.142857
46	3	0.034483
46	6	0.020000
46	9	0.018519
46	17	0.038462
46	23	0.041667
46	25	0.041667
46	31	0.041667
46	76	0.071429
46	79	0.083333
47	4	0.025641
47	6	0.020000
47	8	0.020408
47	14	0.025641
47	21	0.035714
47	38	0.066667
47	39	0.043478
47	73	0.100000
47	84	0.090909
47	98	0.111111
47	117	0.100000
47	121	0.090909
47	137	0.125000
47	139	0.142857
47	140	0.111111
47	154	0.125000
48	3	0.034483
48	9	0.018519
48	10	0.032258
48	19	0.043478
48	24	0.028571
48	28	0.047619
48	43	0.100000
48	60	0.076923
48	73	0.100000
48	162	0.142857
49	7	0.047619
49	8	0.020408
49	9	0.018519
49	10	0.032258
49	12	0.025641
49	25	0.041667
49	33	0.083333
49	73	0.100000
49	113	0.142857
49	127	0.100000
49	146	0.142857
49	179	0.142857
50	0	0.032258
50	1	0.047619
50	2	0.045455
50	18	0.040000
50	21	0.035714
50	24	0.028571
50	30	0.041667
50	62	0.076923
50	79	0.083333
50	94	0.090909
50	122	0.083333
50	167	0.142857
51	6	0.020000
51	8	0.020408
51	11	0.027027
51	12	0.025641
51	13	0.027027
51	20	0.040000
51	24	0.028571
51	55	0.076923
51	60	0.076923
51	63	0.083333
51	65	0.111111
51	80	0.090909
51	83	0.083333
51	85	0.111111
51	103	0.090909
51	116	0.125000
51	128	0.125000
51	134	0.111111
51	148	0.142857
51	168	0.142857
52	6	0.020000
52	10	0.032258
52	11	0.027027
52	20	0.040000
52	21	0.035714
52	24	0.028571
52	27	0.033333
52	54	0.090909
52	59	0.100000
52	69	0.100000
52	77	0.100000
52	124	0.142857
53	1	0.047619
53	9	0.018519
53	12	0.025641
53	17	0.038462
53	20	0.040000
53	43	0.100000
53	44	0.058824
53	71	0.058824
53	100	0.111111
53	108	0.111111
53	162	0.142857
53	178	0.142857
54	3	0.034483
54	11	0.027027
54	20	0.040000
54	28	0.047619
54	41	0.090909
54	45	0.055556
54	52	0.083333
54	68	0.100000
54	72	0.100000
54	87	0.111111
54	90	0.142857
55	3	0.034483
55	8	0.020408
55	23	0.041667
55	30	0.041667
55	36	0.100000
55	39	0.043478
55	51	0.050000
55	63	0.083333
55	89	0.100000
55	98	0.111111
55	115	0.142857
55	143	0.125000
55	162	0.142857
56	6	0.020000
56	12	0.025641
56	14	0.025641
56	15	0.035714
56	17	0.038462
56	18	0.040000
56	21	0.035714
56	61	0.083333
56	74	0.100000
56	86	0.125000
56	97	0.125000
56	101	0.100000
56	112	0.125000
56	130	0.111111
57	6	0.020000
57	8	0.020408
57	9	0.018519
57	11	0.027027
57	12	0.025641
57	44	0.058824
57	45	0.055556
57	75	0.062500
57	101	0.100000
57	103	0.090909
57	142	0.100000
57	148	0.142857
57	169	0.142857
58	1	0.047619
58	5	0.025641
58	13	0.027027
58	14	0.025641
58	19	0.043478
58	20	0.040000
58	24	0.028571
58	90	0.142857
58	93	0.083333
58	114	0.125000
58	129	0.142857
58	134	0.111111
58	139	0.142857
58	146	0.142857
59	8	0.020408
59	17	0.038462
59	19	0.043478
59	22	0.052632
59	26	0.041667
59	29	0.052632
59	52	0.083333
59	130	0.111111
59	149	0.142857
59	159	0.125000
60	7	0.047619
60	8	0.020408
60	9	0.018519
60	21	0.035714
60	39	0.043478
60	48	0.100000
60	51	0.050000
60	62	0.076923
60	64	0.066667
60	136	0.125000
60	147	0.142857
60	153	0.125000
60	159	0.125000
61	0	0.032258
61	9	0.018519
61	10	0.032258
61	11	0.027027
61	12	0.025641
61	23	0.041667
61	56	0.071429
61	74	0.100000
61	111	0.125000
61	141	0.125000
61	174	0.142857
61	175	0.142857
62	11	0.027027
62	17	0.038462
62	30	0.041667
62	31	0.041667
62	39	0.043478
62	50	0.083333
62	60	0.076923
62	81	0.100000
62	95	0.090909
62	114	0.125000
62	136	0.125000
62	173	0.142857
62	176	0.142857
63	9	0.018519
63	13	0.027027
63	26	0.041667
63	27	0.033333
63	32	0.052632
63	51	0.050000
63	55	0.076923
63	73	0.100000
63	82	0.111111
63	123	0.090909
63	151	0.142857
63	177	0.125000
64	0	0.032258
64	6	0.020000
64	14	0.025641
64	21	0.035714
64	23	0.041667
64	24	0.028571
64	60	0.076923
64	74	0.100000
64	78	0.100000
64	87	0.111111
64	99	0.076923
64	127	0.100000
64	129	0.142857
64	135	0.142857
64	169	0.142857
65	6	0.020000
65	14	0.025641
65	23	0.041667
65	30	0.041667
65	32	0.052632
65	34	0.090909
65	51	0.050000
65	92	0.090909
65	123	0.090909
66	8	0.020408
66	9	0.018519
66	10	0.032258
66	17	0.038462
66	23	0.041667
66	39	0.043478
66	40	0.071429
66	73	0.100000
66	78	0.100000
66	83	0.083333
66	101	0.100000
66	102	0.111111
66	120	0.111111
66	146	0.142857
66	182	0.142857
67	20	0.040000
67	21	0.035714
67	22	0.052632
67	24	0.028571
67	25	0.041667
67	32	0.052632
67	39	0.043478
67	88	0.111111
67	117	0.100000
68	0	0.032258
68	5	0.025641
68	6	0.020000
68	12	0.025641
68	39	0.043478
68	41	0.090909
68	54	0.090909
68	71	0.058824
68	102	0.111111
68	133	0.100000
69	0	0.032258
69	7	0.047619
69	8	0.020408
69	12	0.025641
69	13	0.027027
69	30	0.041667
69	52	0.083333
69	115	0.142857
69	118	0.090909
69	148	0.142857
70	2	0.045455
70	5	0.025641
70	7	0.047619
70	8	0.020408
70	9	0.018519
70	16	0.027027
70	39	0.043478
70	102	0.111111
70	111	0.125000
70	137	0.125000
70	144	0.125000
70	158	0.125000
70	175	0.142857
70	180	0.142857
71	5	0.025641
71	7	0.047619
71	8	0.020408
71	26	0.041667
71	37	0.083333
71	53	0.083333
71	68	0.100000
71	77	0.100000
71	81	0.100000
71	83	0.083333
71	90	0.142857
71	96	0.090909
71	103	0.090909
71	157	0.142857
71	167	0.142857
71	171	0.142857
71	181	0.125000
72	16	0.027027
72	20	0.040000
72	22	0.052632
72	27	0.033333
72	38	0.066667
72	42	0.066667
72	54	0.090909
72	120	0.111111
72	174	0.142857
72	179	0.142857
73	28	0.047619
73	45	0.055556
73	47	0.062500
73	48	0.100000
73	49	0.083333
73	63	0.083333
73	66	0.066667
73	80	0.090909
73	121	0.090909
73	169	0.142857
74	4	0.025641
74	14	0.025641
74	24	0.028571
74	43	0.100000
74	56	0.071429
74	61	0.083333
74	64	0.066667
74	98	0.111111
74	102	0.111111
74	174	0.142857
75	7	0.047619
75	14	0.025641
75	20	0.040000
75	26	0.041667
75	27	0.033333
75	28	0.047619
75	57	0.076923
75	84	0.090909
75	104	0.125000
75	106	0.111111
75	113	0.142857
75	116	0.125000
75	133	0.100000
75	164	0.142857
75	171	0.142857
75	180	0.142857
76	0	0.032258
76	5	0.025641
76	11	0.027027
76	13	0.027027
76	15	0.035714
76	24	0.028571
76	46	0.111111
76	86	0.125000
76	89	0.100000
76	110	0.142857
76	116	0.125000
76	119	0.142857
76	132	0.125000
76	166	0.142857
77	8	0.020408
77	9	0.018519
77	19	0.043478
77	30	0.041667
77	34	0.090909
77	52	0.083333
77	71	0.058824
77	121	0.090909
77	123	0.090909
77	134	0.111111
78	20	0.040000
78	21	0.035714
78	28	0.047619
78	32	0.052632
78	39	0.043478
78	64	0.066667
78	66	0.066667
78	80	0.090909
78	83	0.083333
78	87	0.111111
79	12	0.025641
79	15	0.035714
79	23	0.041667
79	38	0.066667
79	42	0.066667
79	46	0.111111
79	50	0.083333
79	82	0.111111
79	89	0.100000
79	94	0.090909
79	131	0.111111
79	181	0.125000
80	5	0.025641
80	14	0.025641
80	17	0.038462
80	41	0.090909
80	51	0.050000
80	73	0.100000
80	78	0.100000
80	100	0.111111
80	119	0.142857
80	128	0.125000
80	140	0.111111
81	0	0.032258
81	8	0.020408
81	22	0.052632
81	29	0.052632
81	34	0.090909
81	62	0.076923
81	71	0.058824
81	119	0.142857
81	142	0.100000
81	166	0.142857
82	6	0.020000
82	16	0.027027
82	18	0.040000
82	26	0.041667
82	42	0.066667
82	63	0.083333
82	79	0.083333
82	124	0.142857
82	178	0.142857
83	0	0.032258
83	12	0.025641
83	16	0.027027
83	51	0.050000
83	66	0.066667
83	71	0.058824
83	78	0.100000
83	91	0.111111
83	93	0.083333
83	106	0.111111
83	141	0.125000
83	154	0.125000
84	9	0.018519
84	11	0.027027
84	28	0.047619
84	39	0.043478
84	42	0.066667
84	47	0.062500
84	75	0.062500
84	86	0.125000
84	94	0.090909
84	142	0.100000
84	153	0.125000
85	4	0.025641
85	7	0.047619
85	8	0.020408
85	9	0.018519
85	19	0.043478
85	30	0.041667
85	51	0.050000
85	96	0.090909
85	129	0.142857
86	6	0.020000
86	9	0.018519
86	11	0.027027
86	22	0.052632
86	56	0.071429
86	76	0.071429
86	84	0.090909
86	178	0.142857
87	3	0.034483
87	5	0.025641
87	29	0.052632
87	38	0.066667
87	54	0.090909
87	64	0.066667
87	78	0.100000
87	91	0.111111
87	134	0.111111
88	3	0.034483
88	12	0.025641
88	16	0.027027
88	23	0.041667
88	27	0.033333
88	29	0.052632
88	67	0.111111
88	154	0.125000
88	164	0.142857
89	4	0.025641
89	13	0.027027
89	33	0.083333
89	45	0.055556
89	55	0.076923
89	76	0.071429
89	79	0.083333
89	155	0.142857
89	179	0.142857
89	180	0.142857
90	9	0.018519
90	11	0.027027
90	15	0.035714
90	25	0.041667
90	54	0.090909
90	58	0.071429
90	71	0.058824
91	2	0.045455
91	8	0.020408
91	14	0.025641
91	17	0.038462
91	21	0.035714
91	83	0.083333
91	87	0.111111
91	106	0.111111
91	109	0.100000
92	4	0.025641
92	5	0.025641
92	12	0.025641
92	23	0.041667
92	28	0.047619
92	44	0.058824
92	65	0.111111
92	108	0.111111
92	117	0.100000
92	129	0.142857
92	156	0.142857
93	4	0.025641
93	5	0.025641
93	14	0.025641
93	24	0.028571
93	27	0.033333
93	58	0.071429
93	83	0.083333
93	103	0.090909
93	120	0.111111
93	133	0.100000
93	158	0.125000
93	168	0.142857
94	1	0.047619
94	4	0.025641
94	25	0.041667
94	29	0.052632
94	50	0.083333
94	79	0.083333
94	84	0.090909
94	107	0.100000
94	122	0.083333
94	155	0.142857
94	168	0.142857
95	4	0.025641
95	12	0.025641
95	14	0.025641
95	15	0.035714
95	17	0.038462
95	42	0.066667
95	62	0.076923
95	106	0.111111
95	117	0.100000
95	120	0.111111
95	166	0.142857
96	5	0.025641
96	8	0.020408
96	19	0.043478
96	20	0.040000
96	35	0.083333
96	71	0.058824
96	85	0.111111
96	123	0.090909
96	125	0.142857
96	147	0.142857
96	176	0.142857
97	6	0.020000
97	9	0.018519
97	20	0.040000
97	21	0.035714
97	42	0.066667
97	45	0.055556
97	56	0.071429
97	157	0.142857
98	16	0.027027
98	18	0.040000
98	27	0.033333
98	32	0.052632
98	47	0.062500
98	55	0.076923
98	74	0.100000
98	123	0.090909
98	147	0.142857
99	2	0.045455
99	6	0.020000
99	9	0.018519
99	15	0.035714
99	16	0.027027
99	24	0.028571
99	64	0.066667
99	105	0.090909
99	124	0.142857
99	137	0.125000
99	151	0.142857
99	163	0.142857
99	173	0.142857
100	3	0.034483
100	10	0.032258
100	26	0.041667
100	31	0.041667
100	37	0.083333
100	53	0.083333
100	80	0.090909
100	163	0.142857
100	168	0.142857
101	4	0.025641
101	15	0.035714
101	26	0.041667
101	27	0.033333
101	56	0.071429
101	57	0.076923
101	66	0.066667
101	105	0.090909
101	107	0.100000
101	134	0.111111
102	13	0.027027
102	16	0.027027
102	25	0.041667
102	66	0.066667
102	68	0.100000
102	70	0.071429
102	74	0.100000
102	118	0.090909
102	145	0.125000
103	9	0.018519
103	27	0.033333
103	38	0.066667
103	51	0.050000
103	57	0.076923
103	71	0.058824
103	93	0.083333
103	131	0.111111
103	155	0.142857
103	164	0.142857
103	179	0.142857
104	12	0.025641
104	13	0.027027
104	16	0.027027
104	27	0.033333
104	35	0.083333
104	45	0.055556
104	75	0.062500
104	150	0.125000
105	5	0.025641
105	8	0.020408
105	28	0.047619
105	29	0.052632
105	45	0.055556
105	99	0.076923
105	101	0.100000
105	119	0.142857
105	128	0.125000
105	130	0.111111
105	179	0.142857
106	1	0.047619
106	8	0.020408
106	39	0.043478
106	75	0.062500
106	83	0.083333
106	91	0.111111
106	95	0.090909
106	145	0.125000
106	148	0.142857
107	0	0.032258
107	3	0.034483
107	4	0.025641
107	6	0.020000
107	13	0.027027
107	94	0.090909
107	101	0.100000
107	110	0.142857
107	122	0.083333
107	151	0.142857
108	1	0.047619
108	4	0.025641
108	6	0.020000
108	21	0.035714
108	32	0.052632
108	53	0.083333
108	92	0.090909
108	115	0.142857
108	159	0.125000
109	14	0.025641
109	21	0.035714
109	27	0.033333
109	30	0.041667
109	31	0.041667
109	44	0.058824
109	91	0.111111
109	141	0.125000
109	158	0.125000
109	163	0.142857
110	5	0.025641
110	6	0.020000
110	20	0.040000
110	27	0.033333
110	45	0.055556
110	76	0.071429
110	107	0.100000
111	3	0.034483
111	9	0.018519
111	13	0.027027
111	19	0.043478
111	26	0.041667
111	61	0.083333
111	70	0.071429
111	163	0.142857
112	15	0.035714
112	16	0.027027
112	21	0.035714
112	27	0.033333
112	30	0.041667
112	31	0.041667
112	56	0.071429
112	149	0.142857
113	4	0.025641
113	12	0.025641
113	15	0.035714
113	20	0.040000
113	26	0.041667
113	49	0.083333
113	75	0.062500
114	1	0.047619
114	6	0.020000
114	14	0.025641
114	24	0.028571
114	45	0.055556
114	58	0.071429
114	62	0.076923
114	154	0.125000
115	4	0.025641
115	7	0.047619
115	12	0.025641
115	21	0.035714
115	55	0.076923
115	69	0.100000
115	108	0.111111
116	5	0.025641
116	9	0.018519
116	18	0.040000
116	23	0.041667
116	51	0.050000
116	75	0.062500
116	76	0.071429
116	141	0.125000
117	8	0.020408
117	11	0.027027
117	16	0.027027
117	47	0.062500
117	67	0.111111
117	92	0.090909
117	95	0.090909
117	121	0.090909
117	160	0.142857
117	168	0.142857
118	1	0.047619
118	5	0.025641
118	13	0.027027
118	14	0.025641
118	39	0.043478
118	69	0.100000
118	102	0.111111
118	125	0.142857
118	126	0.125000
118	141	0.125000
118	165	0.125000
119	22	0.052632
119	25	0.041667
119	28	0.047619
119	76	0.071429
119	80	0.090909
119	81	0.100000
119	105	0.090909
120	2	0.045455
120	24	0.028571
120	31	0.041667
120	66	0.066667
120	72	0.100000
120	93	0.083333
120	95	0.090909
120	161	0.142857
120	170	0.142857
121	0	0.032258
121	17	0.038462
121	24	0.028571
121	47	0.062500
121	73	0.100000
121	77	0.100000
121	117	0.100000
121	123	0.090909
121	125	0.142857
121	160	0.142857
121	169	0.142857
122	1	0.047619
122	3	0.034483
122	6	0.020000
122	12	0.025641
122	50	0.083333
122	94	0.090909
122	107	0.100000
122	132	0.125000
122	137	0.125000
122	143	0.125000
122	154	0.125000
122	173	0.142857
123	20	0.040000
123	63	0.083333
123	65	0.111111
123	77	0.100000
123	96	0.090909
123	98	0.111111
123	121	0.090909
123	133	0.100000
123	135	0.142857
123	138	0.100000
123	172	0.142857
124	12	0.025641
124	13	0.027027
124	19	0.043478
124	40	0.071429
124	52	0.083333
124	82	0.111111
124	99	0.076923
125	3	0.034483
125	16	0.027027
125	27	0.033333
125	31	0.041667
125	96	0.090909
125	118	0.090909
125	121	0.090909
126	0	0.032258
126	6	0.020000
126	8	0.020408
126	10	0.032258
126	11	0.027027
126	21	0.035714
126	118	0.090909
126	138	0.100000
127	2	0.045455
127	5	0.025641
127	8	0.020408
127	29	0.052632
127	32	0.052632
127	49	0.083333
127	64	0.066667
127	145	0.125000
127	158	0.125000
127	175	0.142857
128	4	0.025641
128	13	0.027027
128	26	0.041667
128	27	0.033333
128	51	0.050000
128	80	0.090909
128	105	0.090909
128	181	0.125000
129	4	0.025641
129	33	0.083333
129	42	0.066667
129	58	0.071429
129	64	0.066667
129	85	0.111111
129	92	0.090909
130	0	0.032258
130	10	0.032258
130	15	0.035714
130	36	0.100000
130	56	0.071429
130	59	0.100000
130	105	0.090909
130	153	0.125000
130	158	0.125000
131	1	0.047619
131	12	0.025641
131	17	0.038462
131	44	0.058824
131	45	0.055556
131	79	0.083333
131	103	0.090909
131	162	0.142857
131	177	0.125000
132	4	0.025641
132	19	0.043478
132	22	0.052632
132	28	0.047619
132	31	0.041667
132	76	0.071429
132	122	0.083333
132	180	0.142857
133	11	0.027027
133	15	0.035714
133	39	0.043478
133	68	0.100000
133	75	0.062500
133	93	0.083333
133	123	0.090909
133	134	0.111111
133	135	0.142857
133	159	0.125000
134	30	0.041667
134	51	0.050000
134	58	0.071429
134	77	0.100000
134	87	0.111111
134	101	0.100000
134	133	0.100000
134	146	0.142857
134	153	0.125000
135	4	0.025641
135	8	0.020408
135	15	0.035714
135	38	0.066667
135	64	0.066667
135	123	0.090909
135	133	0.100000
136	9	0.018519
136	14	0.025641
136	16	0.027027
136	18	0.040000
136	25	0.041667
136	60	0.076923
136	62	0.076923
136	166	0.142857
137	12	0.025641
137	31	0.041667
137	38	0.066667
137	47	0.062500
137	70	0.071429
137	99	0.076923
137	122	0.083333
137	157	0.142857
138	6	0.020000
138	9	0.018519
138	16	0.027027
138	30	0.041667
138	35	0.083333
138	123	0.090909
138	126	0.125000
138	150	0.125000
138	153	0.125000
138	159	0.125000
139	2	0.045455
139	4	0.025641
139	6	0.020000
139	20	0.040000
139	37	0.083333
139	47	0.062500
139	58	0.071429
140	1	0.047619
140	2	0.045455
140	4	0.025641
140	7	0.047619
140	12	0.025641
140	47	0.062500
140	80	0.090909
140	156	0.142857
140	163	0.142857
141	5	0.025641
141	17	0.038462
141	61	0.083333
141	83	0.083333
141	109	0.100000
141	116	0.125000
141	118	0.090909
141	160	0.142857
142	5	0.025641
142	11	0.027027
142	26	0.041667
142	44	0.058824
142	57	0.076923
142	81	0.100000
142	84	0.090909
142	149	0.142857
142	162	0.142857
142	182	0.142857
143	3	0.034483
143	10	0.032258
143	11	0.027027
143	24	0.028571
143	32	0.052632
143	55	0.076923
143	122	0.083333
143	166	0.142857
144	4	0.025641
144	6	0.020000
144	21	0.035714
144	25	0.041667
144	28	0.047619
144	30	0.041667
144	70	0.071429
144	149	0.142857
145	2	0.045455
145	9	0.018519
145	25	0.041667
145	27	0.033333
145	102	0.111111
145	106	0.111111
145	127	0.100000
145	178	0.142857
146	0	0.032258
146	6	0.020000
146	42	0.066667
146	49	0.083333
146	58	0.071429
146	66	0.066667
146	134	0.111111
147	13	0.027027
147	16	0.027027
147	23	0.041667
147	44	0.058824
147	60	0.076923
147	96	0.090909
147	98	0.111111
148	8	0.020408
148	31	0.041667
148	40	0.071429
148	51	0.050000
148	57	0.076923
148	69	0.100000
148	106	0.111111
149	10	0.032258
149	15	0.035714
149	20	0.040000
149	59	0.100000
149	112	0.125000
149	142	0.100000
149	144	0.125000
150	0	0.032258
150	4	0.025641
150	15	0.035714
150	23	0.041667
150	26	0.041667
150	104	0.125000
150	138	0.100000
150	177	0.125000
151	2	0.045455
151	12	0.025641
151	14	0.025641
151	30	0.041667
151	63	0.083333
151	99	0.076923
151	107	0.100000
152	4	0.025641
152	5	0.025641
152	14	0.025641
152	24	0.028571
152	30	0.041667
152	31	0.041667
152	40	0.071429
152	156	0.142857
152	176	0.142857
153	30	0.041667
153	32	0.052632
153	60	0.076923
153	84	0.090909
153	130	0.111111
153	134	0.111111
153	138	0.100000
153	167	0.142857
154	2	0.045455
154	24	0.028571
154	47	0.062500
154	83	0.083333
154	88	0.111111
154	114	0.125000
154	122	0.083333
154	158	0.125000
155	18	0.040000
155	24	0.028571
155	26	0.041667
155	35	0.083333
155	89	0.100000
155	94	0.090909
155	103	0.090909
156	8	0.020408
156	14	0.025641
156	16	0.027027
156	45	0.055556
156	92	0.090909
156	140	0.111111
156	152	0.111111
157	3	0.034483
157	6	0.020000
157	28	0.047619
157	44	0.058824
157	71	0.058824
157	97	0.125000
157	137	0.125000
158	36	0.100000
158	70	0.071429
158	93	0.083333
158	109	0.100000
158	127	0.100000
158	130	0.111111
158	154	0.125000
158	170	0.142857
159	4	0.025641
159	8	0.020408
159	59	0.100000
159	60	0.076923
159	108	0.111111
159	133	0.100000
159	138	0.100000
159	170	0.142857
160	0	0.032258
160	4	0.025641
160	5	0.025641
160	39	0.043478
160	117	0.100000
160	121	0.090909
160	141	0.125000
161	6	0.020000
161	9	0.018519
161	14	0.025641
161	25	0.041667
161	27	0.033333
161	33	0.083333
161	120	0.111111
162	18	0.040000
162	28	0.047619
162	48	0.100000
162	53	0.083333
162	55	0.076923
162	131	0.111111
162	142	0.100000
163	15	0.035714
163	39	0.043478
163	99	0.076923
163	100	0.111111
163	109	0.100000
163	111	0.125000
163	140	0.111111
164	6	0.020000
164	11	0.027027
164	15	0.035714
164	26	0.041667
164	75	0.062500
164	88	0.111111
164	103	0.090909
165	1	0.047619
165	9	0.018519
165	18	0.040000
165	24	0.028571
165	31	0.041667
165	33	0.083333
165	118	0.090909
165	172	0.142857
166	7	0.047619
166	13	0.027027
166	76	0.071429
166	81	0.100000
166	95	0.090909
166	136	0.125000
166	143	0.125000
167	4	0.025641
167	16	0.027027
167	29	0.052632
167	39	0.043478
167	50	0.083333
167	71	0.058824
167	153	0.125000
168	1	0.047619
168	8	0.020408
168	51	0.050000
168	93	0.083333
168	94	0.090909
168	100	0.111111
168	117	0.100000
169	6	0.020000
169	25	0.041667
169	40	0.071429
169	57	0.076923
169	64	0.066667
169	73	0.100000
169	121	0.090909
170	3	0.034483
170	11	0.027027
170	26	0.041667
170	31	0.041667
170	120	0.111111
170	158	0.125000
170	159	0.125000
171	9	0.018519
171	10	0.032258
171	11	0.027027
171	31	0.041667
171	44	0.058824
171	71	0.058824
171	75	0.062500
172	9	0.018519
172	19	0.043478
172	24	0.028571
172	37	0.083333
172	40	0.071429
172	123	0.090909
172	165	0.125000
173	9	0.018519
173	10	0.032258
173	30	0.041667
173	32	0.052632
173	62	0.076923
173	99	0.076923
173	122	0.083333
174	3	0.034483
174	7	0.047619
174	11	0.027027
174	29	0.052632
174	61	0.083333
174	72	0.100000
174	74	0.100000
175	5	0.025641
175	21	0.035714
175	25	0.041667
175	34	0.090909
175	61	0.083333
175	70	0.071429
175	127	0.100000
176	5	0.025641
176	14	0.025641
176	22	0.052632
176	29	0.052632
176	62	0.076923
176	96	0.090909
176	152	0.111111
177	11	0.027027
177	16	0.027027
177	29	0.052632
177	31	0.041667
177	63	0.083333
177	131	0.111111
177	150	0.125000
177	180	0.142857
178	6	0.020000
178	9	0.018519
178	13	0.027027
178	53	0.083333
178	82	0.111111
178	86	0.125000
178	145	0.125000
179	19	0.043478
179	44	0.058824
179	49	0.083333
179	72	0.100000
179	89	0.100000
179	103	0.090909
179	105	0.090909
180	8	0.020408
180	15	0.035714
180	70	0.071429
180	75	0.062500
180	89	0.100000
180	132	0.125000
180	177	0.125000
181	4	0.025641
181	7	0.047619
181	18	0.040000
181	40	0.071429
181	71	0.058824
181	79	0.083333
181	128	0.125000
181	182	0.142857
182	3	0.034483
182	9	0.018519
182	16	0.027027
182	23	0.041667
182	66	0.066667
182	142	0.100000
182	181	0.125000
