186	2494
0	7	0.020000
0	8	0.015385
0	9	0.019231
0	10	0.026316
0	13	0.028571
0	15	0.032258
0	18	0.026316
0	20	0.047619
0	22	0.062500
0	23	0.041667
0	27	0.055556
0	29	0.083333
0	30	0.058824
0	31	0.058824
0	34	0.038462
0	36	0.066667
0	38	0.111111
0	42	0.062500
0	46	0.076923
0	50	0.076923
0	61	0.111111
0	62	0.062500
0	66	0.142857
0	69	0.058824
0	72	0.111111
0	77	0.076923
0	82	0.125000
0	83	0.083333
0	92	0.125000
0	98	0.090909
0	100	0.111111
0	102	0.090909
0	105	0.125000
0	108	0.111111
0	111	0.090909
0	114	0.111111
0	115	0.111111
0	120	0.142857
0	121	0.142857
0	126	0.142857
0	131	0.125000
0	138	0.125000
0	143	0.142857
0	147	0.142857
0	158	0.142857
0	164	0.125000
0	166	0.142857
0	167	0.142857
0	173	0.142857
0	179	0.125000
0	182	0.142857
1	7	0.020000
1	9	0.019231
1	52	0.090909
1	122	0.142857
1	160	0.125000
1	175	0.142857
2	7	0.020000
2	8	0.015385
2	10	0.026316
2	13	0.028571
2	15	0.032258
2	29	0.083333
2	36	0.066667
2	51	0.066667
2	55	0.071429
2	68	0.083333
2	78	0.066667
2	84	0.083333
2	89	0.125000
2	101	0.071429
2	107	0.111111
2	109	0.083333
2	112	0.125000
2	126	0.142857
2	127	0.125000
2	131	0.125000
2	135	0.111111
2	139	0.100000
2	153	0.142857
2	162	0.142857
2	172	0.142857
3	7	0.020000
3	8	0.015385
3	10	0.026316
3	13	0.028571
3	14	0.043478
3	16	0.076923
3	19	0.035714
3	24	0.052632
3	33	0.058824
3	36	0.066667
3	40	0.055556
3	51	0.066667
3	81	0.071429
3	90	0.111111
3	98	0.090909
3	99	0.125000
3	117	0.142857
3	171	0.125000
3	173	0.142857
3	183	0.142857
4	7	0.020000
4	8	0.015385
4	9	0.019231
4	10	0.026316
4	11	0.016949
4	12	0.026316
4	14	0.043478
4	15	0.032258
4	18	0.026316
4	24	0.052632
4	26	0.076923
4	29	0.083333
4	39	0.071429
4	40	0.055556
4	63	0.125000
4	69	0.058824
4	88	0.100000
4	100	0.111111
4	144	0.125000
4	158	0.142857
4	161	0.142857
4	173	0.142857
4	183	0.142857
5	7	0.020000
5	8	0.015385
5	9	0.019231
5	11	0.016949
5	14	0.043478
5	16	0.076923
5	19	0.035714
5	21	0.040000
5	32	0.032258
5	33	0.058824
5	39	0.071429
5	40	0.055556
5	41	0.066667
5	42	0.062500
5	48	0.062500
5	55	0.071429
5	57	0.066667
5	83	0.083333
5	106	0.090909
5	110	0.142857
5	133	0.100000
5	134	0.090909
5	136	0.125000
5	144	0.125000
5	146	0.125000
5	158	0.142857
5	160	0.125000
5	173	0.142857
5	174	0.142857
5	184	0.142857
5	185	0.142857
6	7	0.020000
6	8	0.015385
6	9	0.019231
6	11	0.016949
6	12	0.026316
6	22	0.062500
6	31	0.058824
6	36	0.066667
6	42	0.062500
6	49	0.090909
6	56	0.055556
6	74	0.038462
6	75	0.125000
6	77	0.076923
6	87	0.100000
6	94	0.142857
6	122	0.142857
6	130	0.125000
6	136	0.125000
6	148	0.142857
6	153	0.142857
6	172	0.142857
6	175	0.142857
6	180	0.142857
7	0	0.019608
7	1	0.166667
7	2	0.040000
7	3	0.050000
7	4	0.043478
7	5	0.032258
7	6	0.041667
7	8	0.015385
7	9	0.019231
7	10	0.026316
7	11	0.016949
7	12	0.026316
7	13	0.028571
7	14	0.043478
7	15	0.032258
7	17	0.037037
7	19	0.035714
7	20	0.047619
7	21	0.040000
7	23	0.041667
7	25	0.045455
7	28	0.037037
7	31	0.058824
7	38	0.111111
7	41	0.066667
7	45	0.058824
7	49	0.090909
7	50	0.076923
7	55	0.071429
7	63	0.125000
7	65	0.083333
7	73	0.083333
7	79	0.083333
7	82	0.125000
7	83	0.083333
7	84	0.083333
7	86	0.083333
7	91	0.100000
7	101	0.071429
7	103	0.111111
7	104	0.125000
7	113	0.125000
7	117	0.142857
7	122	0.142857
7	126	0.142857
7	129	0.125000
7	141	0.142857
7	156	0.142857
7	160	0.125000
7	184	0.142857
8	0	0.019608
8	2	0.040000
8	3	0.050000
8	4	0.043478
8	5	0.032258
8	6	0.041667
8	7	0.020000
8	9	0.019231
8	10	0.026316
8	11	0.016949
8	12	0.026316
8	13	0.028571
8	14	0.043478
8	15	0.032258
8	16	0.076923
8	17	0.037037
8	18	0.026316
8	19	0.035714
8	20	0.047619
8	21	0.040000
8	26	0.076923
8	27	0.055556
8	29	0.083333
8	32	0.032258
8	33	0.058824
8	39	0.071429
8	44	0.040000
8	45	0.058824
8	49	0.090909
8	50	0.076923
8	52	0.090909
8	54	0.090909
8	58	0.083333
8	59	0.111111
8	60	0.071429
8	61	0.111111
8	62	0.062500
8	64	0.125000
8	70	0.083333
8	74	0.038462
8	75	0.125000
8	77	0.076923
8	78	0.066667
8	79	0.083333
8	82	0.125000
8	84	0.083333
8	85	0.100000
8	92	0.125000
8	94	0.142857
8	95	0.142857
8	100	0.111111
8	101	0.071429
8	106	0.090909
8	110	0.142857
8	111	0.090909
8	115	0.111111
8	116	0.142857
8	120	0.142857
8	121	0.142857
8	124	0.100000
8	130	0.125000
8	143	0.142857
8	163	0.142857
8	168	0.142857
8	183	0.142857
9	0	0.019608
9	1	0.166667
9	4	0.043478
9	5	0.032258
9	6	0.041667
9	7	0.020000
9	8	0.015385
9	11	0.016949
9	12	0.026316
9	13	0.028571
9	14	0.043478
9	15	0.032258
9	19	0.035714
9	20	0.047619
9	25	0.045455
9	28	0.037037
9	29	0.083333
9	31	0.058824
9	34	0.038462
9	37	0.071429
9	39	0.071429
9	42	0.062500
9	43	0.058824
9	44	0.040000
9	45	0.058824
9	46	0.076923
9	49	0.090909
9	50	0.076923
9	53	0.066667
9	54	0.090909
9	56	0.055556
9	59	0.111111
9	64	0.125000
9	67	0.090909
9	69	0.058824
9	73	0.083333
9	75	0.125000
9	76	0.083333
9	77	0.076923
9	83	0.083333
9	108	0.111111
9	110	0.142857
9	123	0.111111
9	127	0.125000
9	135	0.111111
9	136	0.125000
9	137	0.090909
9	138	0.125000
9	140	0.125000
9	157	0.125000
9	166	0.142857
9	167	0.142857
10	0	0.019608
10	2	0.040000
10	3	0.050000
10	4	0.043478
10	7	0.020000
10	8	0.015385
10	11	0.016949
10	12	0.026316
10	17	0.037037
10	20	0.047619
10	23	0.041667
10	28	0.037037
10	32	0.032258
10	34	0.038462
10	39	0.071429
10	41	0.066667
10	42	0.062500
10	43	0.058824
10	59	0.111111
10	63	0.125000
10	69	0.058824
10	70	0.083333
10	71	0.066667
10	78	0.066667
10	83	0.083333
10	88	0.100000
10	91	0.100000
10	98	0.090909
10	120	0.142857
10	121	0.142857
10	134	0.090909
10	138	0.125000
10	145	0.125000
10	146	0.125000
10	149	0.142857
10	159	0.125000
10	164	0.125000
10	177	0.125000
11	4	0.043478
11	5	0.032258
11	6	0.041667
11	7	0.020000
11	8	0.015385
11	9	0.019231
11	10	0.026316
11	12	0.026316
11	13	0.028571
11	14	0.043478
11	17	0.037037
11	18	0.026316
11	19	0.035714
11	22	0.062500
11	24	0.052632
11	25	0.045455
11	26	0.076923
11	27	0.055556
11	28	0.037037
11	31	0.058824
11	34	0.038462
11	35	0.043478
11	38	0.111111
11	40	0.055556
11	43	0.058824
11	44	0.040000
11	46	0.076923
11	50	0.076923
11	54	0.090909
11	55	0.071429
11	56	0.055556
11	60	0.071429
11	61	0.111111
11	62	0.062500
11	74	0.038462
11	80	0.090909
11	81	0.071429
11	84	0.083333
11	98	0.090909
11	99	0.125000
11	100	0.111111
11	107	0.111111
11	114	0.111111
11	118	0.083333
11	124	0.100000
11	128	0.125000
11	132	0.125000
11	133	0.100000
11	136	0.125000
11	144	0.125000
11	145	0.125000
11	149	0.142857
11	155	0.142857
11	156	0.142857
11	162	0.142857
11	168	0.142857
11	173	0.142857
11	177	0.125000
11	179	0.125000
12	4	0.043478
12	6	0.041667
12	7	0.020000
12	8	0.015385
12	9	0.019231
12	10	0.026316
12	11	0.016949
12	16	0.076923
12	17	0.037037
12	18	0.026316
12	20	0.047619
12	22	0.062500
12	24	0.052632
12	28	0.037037
12	30	0.058824
12	33	0.058824
12	38	0.111111
12	41	0.066667
12	42	0.062500
12	43	0.058824
12	45	0.058824
12	52	0.090909
12	53	0.066667
12	58	0.083333
12	66	0.142857
12	71	0.066667
12	73	0.083333
12	74	0.038462
12	90	0.111111
12	94	0.142857
12	99	0.125000
12	102	0.090909
12	107	0.111111
12	108	0.111111
12	129	0.125000
12	137	0.090909
12	161	0.142857
12	172	0.142857
13	0	0.019608
13	2	0.040000
13	3	0.050000
13	7	0.020000
13	8	0.015385
13	9	0.019231
13	11	0.016949
13	15	0.032258
13	16	0.076923
13	17	0.037037
13	21	0.040000
13	23	0.041667
13	26	0.076923
13	29	0.083333
13	39	0.071429
13	47	0.076923
13	52	0.090909
13	53	0.066667
13	54	0.090909
13	56	0.055556
13	61	0.111111
13	71	0.066667
13	80	0.090909
13	81	0.071429
13	89	0.125000
13	95	0.142857
13	99	0.125000
13	104	0.125000
13	107	0.111111
13	114	0.111111
13	125	0.125000
13	150	0.100000
13	151	0.142857
13	167	0.142857
13	185	0.142857
14	3	0.050000
14	4	0.043478
14	5	0.032258
14	7	0.020000
14	8	0.015385
14	9	0.019231
14	11	0.016949
14	18	0.026316
14	21	0.040000
14	25	0.045455
14	27	0.055556
14	35	0.043478
14	51	0.066667
14	77	0.076923
14	82	0.125000
14	96	0.111111
14	97	0.100000
14	103	0.111111
14	104	0.125000
14	106	0.090909
14	154	0.125000
14	161	0.142857
14	174	0.142857
15	0	0.019608
15	2	0.040000
15	4	0.043478
15	7	0.020000
15	8	0.015385
15	9	0.019231
15	13	0.028571
15	16	0.076923
15	17	0.037037
15	24	0.052632
15	25	0.045455
15	40	0.055556
15	45	0.058824
15	47	0.076923
15	53	0.066667
15	74	0.038462
15	82	0.125000
15	85	0.100000
15	113	0.125000
15	119	0.111111
15	121	0.142857
15	127	0.125000
15	129	0.125000
15	134	0.090909
15	135	0.111111
15	145	0.125000
15	146	0.125000
15	154	0.125000
15	158	0.142857
15	159	0.125000
15	165	0.142857
16	3	0.050000
16	5	0.032258
16	8	0.015385
16	12	0.026316
16	13	0.028571
16	15	0.032258
16	22	0.062500
16	23	0.041667
16	35	0.043478
16	40	0.055556
16	154	0.125000
16	155	0.142857
16	169	0.111111
17	7	0.020000
17	8	0.015385
17	10	0.026316
17	11	0.016949
17	12	0.026316
17	13	0.028571
17	15	0.032258
17	22	0.062500
17	23	0.041667
17	24	0.052632
17	25	0.045455
17	30	0.058824
17	37	0.071429
17	45	0.058824
17	47	0.076923
17	49	0.090909
17	51	0.066667
17	65	0.083333
17	69	0.058824
17	70	0.083333
17	73	0.083333
17	83	0.083333
17	86	0.083333
17	99	0.125000
17	108	0.111111
17	129	0.125000
17	137	0.090909
18	0	0.019608
18	4	0.043478
18	8	0.015385
18	11	0.016949
18	12	0.026316
18	14	0.043478
18	21	0.040000
18	22	0.062500
18	23	0.041667
18	24	0.052632
18	26	0.076923
18	27	0.055556
18	28	0.037037
18	29	0.083333
18	30	0.058824
18	32	0.032258
18	36	0.066667
18	41	0.066667
18	44	0.040000
18	46	0.076923
18	48	0.062500
18	55	0.071429
18	60	0.071429
18	62	0.062500
18	65	0.083333
18	71	0.066667
18	85	0.100000
18	88	0.100000
18	103	0.111111
18	104	0.125000
18	128	0.125000
18	134	0.090909
18	142	0.111111
18	147	0.142857
18	152	0.125000
18	160	0.125000
18	170	0.142857
18	175	0.142857
19	3	0.050000
19	5	0.032258
19	7	0.020000
19	8	0.015385
19	9	0.019231
19	11	0.016949
19	20	0.047619
19	30	0.058824
19	37	0.071429
19	44	0.040000
19	57	0.066667
19	60	0.071429
19	61	0.111111
19	75	0.125000
19	84	0.083333
19	95	0.142857
19	97	0.100000
19	105	0.125000
19	107	0.111111
19	109	0.083333
19	117	0.142857
19	140	0.125000
19	141	0.142857
19	142	0.111111
19	154	0.125000
19	155	0.142857
19	165	0.142857
19	181	0.142857
20	0	0.019608
20	7	0.020000
20	8	0.015385
20	9	0.019231
20	10	0.026316
20	12	0.026316
20	19	0.035714
20	28	0.037037
20	33	0.058824
20	41	0.066667
20	63	0.125000
20	65	0.083333
20	72	0.111111
20	75	0.125000
20	78	0.066667
20	80	0.090909
20	90	0.111111
20	92	0.125000
20	110	0.142857
20	116	0.142857
20	160	0.125000
21	5	0.032258
21	7	0.020000
21	8	0.015385
21	13	0.028571
21	14	0.043478
21	18	0.026316
21	26	0.076923
21	27	0.055556
21	32	0.032258
21	33	0.058824
21	34	0.038462
21	37	0.071429
21	43	0.058824
21	57	0.066667
21	59	0.111111
21	62	0.062500
21	64	0.125000
21	70	0.083333
21	79	0.083333
21	86	0.083333
21	96	0.111111
21	125	0.125000
21	136	0.125000
21	157	0.125000
21	163	0.142857
22	0	0.019608
22	6	0.041667
22	11	0.016949
22	12	0.026316
22	16	0.076923
22	17	0.037037
22	18	0.026316
22	25	0.045455
22	27	0.055556
22	37	0.071429
22	48	0.062500
22	79	0.083333
22	80	0.090909
22	93	0.100000
22	112	0.125000
22	177	0.125000
23	0	0.019608
23	7	0.020000
23	10	0.026316
23	13	0.028571
23	16	0.076923
23	17	0.037037
23	18	0.026316
23	30	0.058824
23	38	0.111111
23	41	0.066667
23	46	0.076923
23	63	0.125000
23	65	0.083333
23	73	0.083333
23	81	0.071429
23	89	0.125000
23	102	0.090909
23	110	0.142857
23	117	0.142857
23	125	0.125000
23	157	0.125000
23	165	0.142857
23	180	0.142857
23	185	0.142857
24	3	0.050000
24	4	0.043478
24	11	0.016949
24	12	0.026316
24	15	0.032258
24	17	0.037037
24	18	0.026316
24	33	0.058824
24	36	0.066667
24	40	0.055556
24	57	0.066667
24	69	0.058824
24	86	0.083333
24	89	0.125000
24	115	0.111111
24	134	0.090909
24	162	0.142857
24	169	0.111111
24	183	0.142857
25	7	0.020000
25	9	0.019231
25	11	0.016949
25	14	0.043478
25	15	0.032258
25	17	0.037037
25	22	0.062500
25	26	0.076923
25	32	0.032258
25	34	0.038462
25	35	0.043478
25	37	0.071429
25	38	0.111111
25	59	0.111111
25	66	0.142857
25	135	0.111111
25	142	0.111111
25	152	0.125000
25	159	0.125000
25	161	0.142857
25	169	0.111111
25	180	0.142857
26	4	0.043478
26	8	0.015385
26	11	0.016949
26	13	0.028571
26	18	0.026316
26	21	0.040000
26	25	0.045455
26	54	0.090909
26	66	0.142857
26	87	0.100000
26	111	0.090909
26	140	0.125000
26	167	0.142857
27	0	0.019608
27	8	0.015385
27	11	0.016949
27	14	0.043478
27	18	0.026316
27	21	0.040000
27	22	0.062500
27	38	0.111111
27	39	0.071429
27	48	0.062500
27	49	0.090909
27	53	0.066667
27	68	0.083333
27	84	0.083333
27	133	0.100000
27	151	0.142857
27	162	0.142857
27	171	0.125000
28	7	0.020000
28	9	0.019231
28	10	0.026316
28	11	0.016949
28	12	0.026316
28	18	0.026316
28	20	0.047619
28	30	0.058824
28	31	0.058824
28	35	0.043478
28	56	0.055556
28	60	0.071429
28	67	0.090909
28	72	0.111111
28	73	0.083333
28	84	0.083333
28	112	0.125000
28	120	0.142857
28	130	0.125000
28	133	0.100000
28	135	0.111111
28	139	0.100000
28	140	0.125000
28	144	0.125000
28	149	0.142857
28	160	0.125000
28	182	0.142857
29	0	0.019608
29	2	0.040000
29	4	0.043478
29	8	0.015385
29	9	0.019231
29	13	0.028571
29	18	0.026316
29	31	0.058824
29	45	0.058824
29	57	0.066667
29	139	0.100000
29	178	0.142857
30	0	0.019608
30	12	0.026316
30	17	0.037037
30	18	0.026316
30	19	0.035714
30	23	0.041667
30	28	0.037037
30	47	0.076923
30	61	0.111111
30	62	0.062500
30	68	0.083333
30	90	0.111111
30	112	0.125000
30	122	0.142857
30	129	0.125000
30	140	0.125000
30	179	0.125000
31	0	0.019608
31	6	0.041667
31	7	0.020000
31	9	0.019231
31	11	0.016949
31	28	0.037037
31	29	0.083333
31	32	0.032258
31	35	0.043478
31	37	0.071429
31	50	0.076923
31	81	0.071429
31	82	0.125000
31	109	0.083333
31	116	0.142857
31	139	0.100000
31	185	0.142857
32	5	0.032258
32	8	0.015385
32	10	0.026316
32	18	0.026316
32	21	0.040000
32	25	0.045455
32	31	0.058824
32	34	0.038462
32	35	0.043478
32	36	0.066667
32	48	0.062500
32	57	0.066667
32	58	0.083333
32	60	0.071429
32	66	0.142857
32	72	0.111111
32	81	0.071429
32	99	0.125000
32	111	0.090909
32	112	0.125000
32	118	0.083333
32	123	0.111111
32	128	0.125000
32	142	0.111111
32	157	0.125000
32	163	0.142857
32	164	0.125000
32	167	0.142857
32	168	0.142857
32	169	0.111111
32	181	0.142857
33	3	0.050000
33	5	0.032258
33	8	0.015385
33	12	0.026316
33	20	0.047619
33	21	0.040000
33	24	0.052632
33	51	0.066667
33	52	0.090909
33	57	0.066667
33	77	0.076923
33	98	0.090909
33	110	0.142857
33	121	0.142857
33	123	0.111111
33	173	0.142857
33	180	0.142857
34	0	0.019608
34	9	0.019231
34	10	0.026316
34	11	0.016949
34	21	0.040000
34	25	0.045455
34	32	0.032258
34	44	0.040000
34	47	0.076923
34	48	0.062500
34	58	0.083333
34	79	0.083333
34	80	0.090909
34	94	0.142857
34	95	0.142857
34	105	0.125000
34	117	0.142857
34	122	0.142857
34	123	0.111111
34	125	0.125000
34	128	0.125000
34	130	0.125000
34	142	0.111111
34	148	0.142857
34	156	0.142857
34	162	0.142857
35	11	0.016949
35	14	0.043478
35	16	0.076923
35	25	0.045455
35	28	0.037037
35	31	0.058824
35	32	0.032258
35	44	0.040000
35	47	0.076923
35	53	0.066667
35	63	0.125000
35	68	0.083333
35	70	0.083333
35	74	0.038462
35	76	0.083333
35	96	0.111111
35	108	0.111111
35	109	0.083333
35	111	0.090909
35	118	0.083333
35	132	0.125000
35	150	0.100000
35	163	0.142857
36	0	0.019608
36	2	0.040000
36	3	0.050000
36	6	0.041667
36	18	0.026316
36	24	0.052632
36	32	0.032258
36	46	0.076923
36	67	0.090909
36	91	0.100000
36	100	0.111111
36	113	0.125000
36	115	0.111111
36	118	0.083333
36	159	0.125000
37	9	0.019231
37	17	0.037037
37	19	0.035714
37	21	0.040000
37	22	0.062500
37	25	0.045455
37	31	0.058824
37	49	0.090909
37	51	0.066667
37	68	0.083333
37	124	0.100000
37	157	0.125000
37	166	0.142857
37	174	0.142857
38	0	0.019608
38	7	0.020000
38	11	0.016949
38	12	0.026316
38	23	0.041667
38	25	0.045455
38	27	0.055556
38	99	0.125000
38	153	0.142857
39	4	0.043478
39	5	0.032258
39	8	0.015385
39	9	0.019231
39	10	0.026316
39	13	0.028571
39	27	0.055556
39	47	0.076923
39	67	0.090909
39	105	0.125000
39	109	0.083333
39	136	0.125000
39	137	0.090909
39	156	0.142857
40	3	0.050000
40	4	0.043478
40	5	0.032258
40	11	0.016949
40	15	0.032258
40	16	0.076923
40	24	0.052632
40	42	0.062500
40	46	0.076923
40	53	0.066667
40	56	0.055556
40	72	0.111111
40	90	0.111111
40	101	0.071429
40	127	0.125000
40	143	0.142857
40	149	0.142857
40	165	0.142857
41	5	0.032258
41	7	0.020000
41	10	0.026316
41	12	0.026316
41	18	0.026316
41	20	0.047619
41	23	0.041667
41	43	0.058824
41	50	0.076923
41	74	0.038462
41	75	0.125000
41	125	0.125000
41	154	0.125000
41	164	0.125000
41	182	0.142857
42	0	0.019608
42	5	0.032258
42	6	0.041667
42	9	0.019231
42	10	0.026316
42	12	0.026316
42	40	0.055556
42	43	0.058824
42	59	0.111111
42	63	0.125000
42	94	0.142857
42	105	0.125000
42	140	0.125000
42	151	0.142857
42	171	0.125000
42	180	0.142857
43	9	0.019231
43	10	0.026316
43	11	0.016949
43	12	0.026316
43	21	0.040000
43	41	0.066667
43	42	0.062500
43	55	0.071429
43	61	0.111111
43	66	0.142857
43	71	0.066667
43	96	0.111111
43	113	0.125000
43	114	0.111111
43	123	0.111111
43	127	0.125000
43	133	0.100000
44	8	0.015385
44	9	0.019231
44	11	0.016949
44	18	0.026316
44	19	0.035714
44	34	0.038462
44	35	0.043478
44	48	0.062500
44	51	0.066667
44	54	0.090909
44	58	0.083333
44	71	0.066667
44	88	0.100000
44	92	0.125000
44	105	0.125000
44	116	0.142857
44	128	0.125000
44	129	0.125000
44	148	0.142857
44	150	0.100000
44	152	0.125000
44	175	0.142857
44	178	0.142857
44	179	0.125000
44	182	0.142857
45	7	0.020000
45	8	0.015385
45	9	0.019231
45	12	0.026316
45	15	0.032258
45	17	0.037037
45	29	0.083333
45	64	0.125000
45	80	0.090909
45	89	0.125000
45	92	0.125000
45	93	0.100000
45	102	0.090909
45	116	0.142857
45	119	0.111111
45	150	0.100000
45	155	0.142857
46	0	0.019608
46	9	0.019231
46	11	0.016949
46	18	0.026316
46	23	0.041667
46	36	0.066667
46	40	0.055556
46	56	0.055556
46	76	0.083333
46	78	0.066667
46	91	0.100000
46	112	0.125000
46	161	0.142857
47	13	0.028571
47	15	0.032258
47	17	0.037037
47	30	0.058824
47	34	0.038462
47	35	0.043478
47	39	0.071429
47	52	0.090909
47	58	0.083333
47	64	0.125000
47	95	0.142857
47	118	0.083333
47	179	0.125000
48	5	0.032258
48	18	0.026316
48	22	0.062500
48	27	0.055556
48	32	0.032258
48	34	0.038462
48	44	0.040000
48	70	0.083333
48	85	0.100000
48	116	0.142857
48	120	0.142857
48	148	0.142857
48	150	0.100000
48	152	0.125000
48	169	0.111111
48	170	0.142857
49	6	0.041667
49	7	0.020000
49	8	0.015385
49	9	0.019231
49	17	0.037037
49	27	0.055556
49	37	0.071429
49	70	0.083333
49	78	0.066667
49	105	0.125000
49	110	0.142857
50	0	0.019608
50	7	0.020000
50	8	0.015385
50	9	0.019231
50	11	0.016949
50	31	0.058824
50	41	0.066667
50	52	0.090909
50	62	0.062500
50	64	0.125000
50	85	0.100000
50	98	0.090909
50	119	0.111111
51	2	0.040000
51	3	0.050000
51	14	0.043478
51	17	0.037037
51	33	0.058824
51	37	0.071429
51	44	0.040000
51	54	0.090909
51	55	0.071429
51	60	0.071429
51	67	0.090909
51	76	0.083333
51	79	0.083333
51	88	0.100000
51	145	0.125000
52	1	0.166667
52	8	0.015385
52	12	0.026316
52	13	0.028571
52	33	0.058824
52	47	0.076923
52	50	0.076923
52	76	0.083333
52	93	0.100000
52	143	0.142857
52	175	0.142857
53	9	0.019231
53	12	0.026316
53	13	0.028571
53	15	0.032258
53	27	0.055556
53	35	0.043478
53	40	0.055556
53	58	0.083333
53	67	0.090909
53	113	0.125000
53	121	0.142857
53	126	0.142857
53	153	0.142857
53	165	0.142857
53	172	0.142857
54	8	0.015385
54	9	0.019231
54	11	0.016949
54	13	0.028571
54	26	0.076923
54	44	0.040000
54	51	0.066667
54	65	0.083333
54	108	0.111111
54	134	0.090909
54	166	0.142857
55	2	0.040000
55	5	0.032258
55	7	0.020000
55	11	0.016949
55	18	0.026316
55	43	0.058824
55	51	0.066667
55	76	0.083333
55	139	0.100000
55	142	0.111111
55	149	0.142857
55	151	0.142857
55	155	0.142857
55	185	0.142857
56	6	0.041667
56	9	0.019231
56	11	0.016949
56	13	0.028571
56	28	0.037037
56	40	0.055556
56	46	0.076923
56	67	0.090909
56	69	0.058824
56	78	0.066667
56	85	0.100000
56	87	0.100000
56	93	0.100000
56	95	0.142857
56	100	0.111111
56	167	0.142857
56	171	0.125000
56	176	0.142857
57	5	0.032258
57	19	0.035714
57	21	0.040000
57	24	0.052632
57	29	0.083333
57	32	0.032258
57	33	0.058824
57	59	0.111111
57	65	0.083333
57	68	0.083333
57	83	0.083333
57	93	0.100000
57	97	0.100000
57	103	0.111111
57	119	0.111111
58	8	0.015385
58	12	0.026316
58	32	0.032258
58	34	0.038462
58	44	0.040000
58	47	0.076923
58	53	0.066667
58	66	0.142857
58	90	0.111111
58	121	0.142857
58	127	0.125000
58	176	0.142857
59	8	0.015385
59	9	0.019231
59	10	0.026316
59	21	0.040000
59	25	0.045455
59	42	0.062500
59	57	0.066667
59	177	0.125000
59	178	0.142857
60	8	0.015385
60	11	0.016949
60	18	0.026316
60	19	0.035714
60	28	0.037037
60	32	0.032258
60	51	0.066667
60	64	0.125000
60	72	0.111111
60	73	0.083333
60	85	0.100000
60	86	0.083333
60	95	0.142857
60	130	0.125000
61	0	0.019608
61	8	0.015385
61	11	0.016949
61	13	0.028571
61	19	0.035714
61	30	0.058824
61	43	0.058824
61	113	0.125000
61	137	0.090909
62	0	0.019608
62	8	0.015385
62	11	0.016949
62	18	0.026316
62	21	0.040000
62	30	0.058824
62	50	0.076923
62	68	0.083333
62	79	0.083333
62	87	0.100000
62	92	0.125000
62	102	0.090909
62	144	0.125000
62	166	0.142857
62	182	0.142857
62	185	0.142857
63	4	0.043478
63	7	0.020000
63	10	0.026316
63	20	0.047619
63	23	0.041667
63	35	0.043478
63	42	0.062500
63	89	0.125000
64	8	0.015385
64	9	0.019231
64	21	0.040000
64	45	0.058824
64	47	0.076923
64	50	0.076923
64	60	0.071429
64	166	0.142857
65	7	0.020000
65	17	0.037037
65	18	0.026316
65	20	0.047619
65	23	0.041667
65	54	0.090909
65	57	0.066667
65	71	0.066667
65	82	0.125000
65	114	0.111111
65	120	0.142857
65	139	0.100000
66	0	0.019608
66	12	0.026316
66	25	0.045455
66	26	0.076923
66	32	0.032258
66	43	0.058824
66	58	0.083333
67	9	0.019231
67	28	0.037037
67	36	0.066667
67	39	0.071429
67	51	0.066667
67	53	0.066667
67	56	0.055556
67	80	0.090909
67	88	0.100000
67	96	0.111111
67	153	0.142857
68	2	0.040000
68	27	0.055556
68	30	0.058824
68	35	0.043478
68	37	0.071429
68	57	0.066667
68	62	0.062500
68	75	0.125000
68	91	0.100000
68	98	0.090909
68	124	0.100000
68	171	0.125000
69	0	0.019608
69	4	0.043478
69	9	0.019231
69	10	0.026316
69	17	0.037037
69	24	0.052632
69	56	0.055556
69	96	0.111111
69	102	0.090909
69	114	0.111111
69	115	0.111111
69	118	0.083333
69	125	0.125000
69	132	0.125000
69	137	0.090909
69	162	0.142857
69	178	0.142857
70	8	0.015385
70	10	0.026316
70	17	0.037037
70	21	0.040000
70	35	0.043478
70	48	0.062500
70	49	0.090909
70	72	0.111111
70	76	0.083333
70	163	0.142857
70	164	0.125000
70	180	0.142857
71	10	0.026316
71	12	0.026316
71	13	0.028571
71	18	0.026316
71	43	0.058824
71	44	0.040000
71	65	0.083333
71	97	0.100000
71	101	0.071429
71	122	0.142857
71	131	0.125000
71	138	0.125000
71	148	0.142857
71	183	0.142857
71	184	0.142857
72	0	0.019608
72	20	0.047619
72	28	0.037037
72	32	0.032258
72	40	0.055556
72	60	0.071429
72	70	0.083333
72	77	0.076923
72	124	0.100000
73	7	0.020000
73	9	0.019231
73	12	0.026316
73	17	0.037037
73	23	0.041667
73	28	0.037037
73	60	0.071429
73	87	0.100000
73	101	0.071429
73	123	0.111111
73	131	0.125000
73	141	0.142857
74	6	0.041667
74	8	0.015385
74	11	0.016949
74	12	0.026316
74	15	0.032258
74	35	0.043478
74	41	0.066667
74	81	0.071429
74	86	0.083333
74	87	0.100000
74	93	0.100000
74	97	0.100000
74	107	0.111111
74	115	0.111111
74	119	0.111111
74	126	0.142857
74	130	0.125000
74	132	0.125000
74	137	0.090909
74	141	0.142857
74	150	0.100000
74	152	0.125000
74	158	0.142857
74	163	0.142857
74	181	0.142857
74	184	0.142857
75	6	0.041667
75	8	0.015385
75	9	0.019231
75	19	0.035714
75	20	0.047619
75	41	0.066667
75	68	0.083333
75	94	0.142857
76	9	0.019231
76	35	0.043478
76	46	0.076923
76	51	0.066667
76	52	0.090909
76	55	0.071429
76	70	0.083333
76	88	0.100000
76	127	0.125000
76	128	0.125000
76	160	0.125000
76	167	0.142857
77	0	0.019608
77	6	0.041667
77	8	0.015385
77	9	0.019231
77	14	0.043478
77	33	0.058824
77	72	0.111111
77	94	0.142857
77	106	0.090909
77	111	0.090909
77	125	0.125000
77	144	0.125000
77	184	0.142857
78	2	0.040000
78	8	0.015385
78	10	0.026316
78	20	0.047619
78	46	0.076923
78	49	0.090909
78	56	0.055556
78	91	0.100000
78	92	0.125000
78	104	0.125000
78	117	0.142857
78	128	0.125000
78	147	0.142857
78	161	0.142857
78	179	0.125000
79	7	0.020000
79	8	0.015385
79	21	0.040000
79	22	0.062500
79	34	0.038462
79	51	0.066667
79	62	0.062500
79	86	0.083333
79	96	0.111111
79	131	0.125000
79	143	0.142857
79	170	0.142857
80	11	0.016949
80	13	0.028571
80	20	0.047619
80	22	0.062500
80	34	0.038462
80	45	0.058824
80	67	0.090909
80	103	0.111111
80	129	0.125000
80	131	0.125000
80	178	0.142857
81	3	0.050000
81	11	0.016949
81	13	0.028571
81	23	0.041667
81	31	0.058824
81	32	0.032258
81	74	0.038462
81	87	0.100000
81	93	0.100000
81	104	0.125000
81	122	0.142857
81	144	0.125000
81	153	0.142857
81	177	0.125000
82	0	0.019608
82	7	0.020000
82	8	0.015385
82	14	0.043478
82	15	0.032258
82	31	0.058824
82	65	0.083333
82	176	0.142857
83	0	0.019608
83	5	0.032258
83	7	0.020000
83	9	0.019231
83	10	0.026316
83	17	0.037037
83	57	0.066667
83	103	0.111111
83	141	0.142857
83	157	0.125000
83	162	0.142857
83	179	0.125000
84	2	0.040000
84	7	0.020000
84	8	0.015385
84	11	0.016949
84	19	0.035714
84	27	0.055556
84	28	0.037037
84	89	0.125000
84	101	0.071429
84	157	0.125000
84	168	0.142857
84	174	0.142857
85	8	0.015385
85	15	0.032258
85	18	0.026316
85	48	0.062500
85	50	0.076923
85	56	0.055556
85	60	0.071429
85	109	0.083333
85	134	0.090909
85	135	0.111111
86	7	0.020000
86	17	0.037037
86	21	0.040000
86	24	0.052632
86	60	0.071429
86	74	0.038462
86	79	0.083333
86	90	0.111111
86	103	0.111111
86	133	0.100000
86	149	0.142857
86	163	0.142857
87	6	0.041667
87	26	0.076923
87	56	0.055556
87	62	0.062500
87	73	0.083333
87	74	0.038462
87	81	0.071429
87	91	0.100000
87	108	0.111111
87	177	0.125000
88	4	0.043478
88	10	0.026316
88	18	0.026316
88	44	0.040000
88	51	0.066667
88	67	0.090909
88	76	0.083333
88	126	0.142857
88	151	0.142857
88	184	0.142857
89	2	0.040000
89	13	0.028571
89	23	0.041667
89	24	0.052632
89	45	0.058824
89	63	0.125000
89	84	0.083333
89	168	0.142857
90	3	0.050000
90	12	0.026316
90	20	0.047619
90	30	0.058824
90	40	0.055556
90	58	0.083333
90	86	0.083333
90	97	0.100000
90	113	0.125000
91	7	0.020000
91	10	0.026316
91	36	0.066667
91	46	0.076923
91	68	0.083333
91	78	0.066667
91	87	0.100000
91	104	0.125000
91	118	0.083333
91	146	0.125000
92	0	0.019608
92	8	0.015385
92	20	0.047619
92	44	0.040000
92	45	0.058824
92	62	0.062500
92	78	0.066667
92	131	0.125000
93	22	0.062500
93	45	0.058824
93	52	0.090909
93	56	0.055556
93	57	0.066667
93	74	0.038462
93	81	0.071429
93	97	0.100000
93	117	0.142857
93	119	0.111111
94	6	0.041667
94	8	0.015385
94	12	0.026316
94	34	0.038462
94	42	0.062500
94	75	0.125000
94	77	0.076923
95	8	0.015385
95	13	0.028571
95	19	0.035714
95	34	0.038462
95	47	0.076923
95	56	0.055556
95	60	0.071429
96	14	0.043478
96	21	0.040000
96	35	0.043478
96	43	0.058824
96	67	0.090909
96	69	0.058824
96	79	0.083333
96	139	0.100000
96	174	0.142857
97	14	0.043478
97	19	0.035714
97	57	0.066667
97	71	0.066667
97	74	0.038462
97	90	0.111111
97	93	0.100000
97	107	0.111111
97	109	0.083333
97	164	0.125000
98	0	0.019608
98	3	0.050000
98	10	0.026316
98	11	0.016949
98	33	0.058824
98	50	0.076923
98	68	0.083333
98	100	0.111111
98	106	0.090909
98	173	0.142857
98	183	0.142857
99	3	0.050000
99	11	0.016949
99	12	0.026316
99	13	0.028571
99	17	0.037037
99	32	0.032258
99	38	0.111111
99	143	0.142857
100	0	0.019608
100	4	0.043478
100	8	0.015385
100	11	0.016949
100	36	0.066667
100	56	0.055556
100	98	0.090909
100	168	0.142857
100	183	0.142857
101	2	0.040000
101	7	0.020000
101	8	0.015385
101	40	0.055556
101	71	0.066667
101	73	0.083333
101	84	0.083333
101	102	0.090909
101	156	0.142857
101	158	0.142857
101	170	0.142857
101	172	0.142857
101	175	0.142857
101	176	0.142857
102	0	0.019608
102	12	0.026316
102	23	0.041667
102	45	0.058824
102	62	0.062500
102	69	0.058824
102	101	0.071429
102	114	0.111111
102	138	0.125000
102	159	0.125000
102	178	0.142857
103	7	0.020000
103	14	0.043478
103	18	0.026316
103	57	0.066667
103	80	0.090909
103	83	0.083333
103	86	0.083333
103	106	0.090909
103	141	0.142857
104	7	0.020000
104	13	0.028571
104	14	0.043478
104	18	0.026316
104	78	0.066667
104	81	0.071429
104	91	0.100000
104	106	0.090909
105	0	0.019608
105	19	0.035714
105	34	0.038462
105	39	0.071429
105	42	0.062500
105	44	0.040000
105	49	0.090909
105	130	0.125000
106	5	0.032258
106	8	0.015385
106	14	0.043478
106	77	0.076923
106	98	0.090909
106	103	0.111111
106	104	0.125000
106	111	0.090909
106	126	0.142857
106	132	0.125000
106	165	0.142857
107	2	0.040000
107	11	0.016949
107	12	0.026316
107	13	0.028571
107	19	0.035714
107	74	0.038462
107	97	0.100000
107	124	0.100000
107	154	0.125000
108	0	0.019608
108	9	0.019231
108	12	0.026316
108	17	0.037037
108	35	0.043478
108	54	0.090909
108	87	0.100000
108	116	0.142857
108	148	0.142857
109	2	0.040000
109	19	0.035714
109	31	0.058824
109	35	0.043478
109	39	0.071429
109	85	0.100000
109	97	0.100000
109	115	0.111111
109	119	0.111111
109	153	0.142857
109	170	0.142857
109	177	0.125000
110	5	0.032258
110	8	0.015385
110	9	0.019231
110	20	0.047619
110	23	0.041667
110	33	0.058824
110	49	0.090909
111	0	0.019608
111	8	0.015385
111	26	0.076923
111	32	0.032258
111	35	0.043478
111	77	0.076923
111	106	0.090909
111	112	0.125000
111	120	0.142857
111	135	0.111111
111	136	0.125000
112	2	0.040000
112	22	0.062500
112	28	0.037037
112	30	0.058824
112	32	0.032258
112	46	0.076923
112	111	0.090909
112	174	0.142857
113	7	0.020000
113	15	0.032258
113	36	0.066667
113	43	0.058824
113	53	0.066667
113	61	0.111111
113	90	0.111111
113	146	0.125000
114	0	0.019608
114	11	0.016949
114	13	0.028571
114	43	0.058824
114	65	0.083333
114	69	0.058824
114	102	0.090909
114	132	0.125000
114	143	0.142857
115	0	0.019608
115	8	0.015385
115	24	0.052632
115	36	0.066667
115	69	0.058824
115	74	0.038462
115	109	0.083333
115	132	0.125000
115	147	0.142857
116	8	0.015385
116	20	0.047619
116	31	0.058824
116	44	0.040000
116	45	0.058824
116	48	0.062500
116	108	0.111111
117	3	0.050000
117	7	0.020000
117	19	0.035714
117	23	0.041667
117	34	0.038462
117	78	0.066667
117	93	0.100000
118	11	0.016949
118	32	0.032258
118	35	0.043478
118	36	0.066667
118	47	0.076923
118	69	0.058824
118	91	0.100000
118	123	0.111111
118	124	0.100000
118	161	0.142857
118	165	0.142857
118	181	0.142857
119	15	0.032258
119	45	0.058824
119	50	0.076923
119	57	0.066667
119	74	0.038462
119	93	0.100000
119	109	0.083333
119	133	0.100000
119	172	0.142857
120	0	0.019608
120	8	0.015385
120	10	0.026316
120	28	0.037037
120	48	0.062500
120	65	0.083333
120	111	0.090909
121	0	0.019608
121	8	0.015385
121	10	0.026316
121	15	0.032258
121	33	0.058824
121	53	0.066667
121	58	0.083333
122	1	0.166667
122	6	0.041667
122	7	0.020000
122	30	0.058824
122	34	0.038462
122	71	0.066667
122	81	0.071429
123	9	0.019231
123	32	0.032258
123	33	0.058824
123	34	0.038462
123	43	0.058824
123	73	0.083333
123	118	0.083333
123	155	0.142857
123	171	0.125000
124	8	0.015385
124	11	0.016949
124	37	0.071429
124	68	0.083333
124	72	0.111111
124	107	0.111111
124	118	0.083333
124	146	0.125000
124	176	0.142857
124	181	0.142857
125	13	0.028571
125	21	0.040000
125	23	0.041667
125	34	0.038462
125	41	0.066667
125	69	0.058824
125	77	0.076923
125	176	0.142857
126	0	0.019608
126	2	0.040000
126	7	0.020000
126	53	0.066667
126	74	0.038462
126	88	0.100000
126	106	0.090909
127	2	0.040000
127	9	0.019231
127	15	0.032258
127	40	0.055556
127	43	0.058824
127	58	0.083333
127	76	0.083333
127	158	0.142857
128	11	0.016949
128	18	0.026316
128	32	0.032258
128	34	0.038462
128	44	0.040000
128	76	0.083333
128	78	0.066667
128	171	0.125000
129	7	0.020000
129	12	0.026316
129	15	0.032258
129	17	0.037037
129	30	0.058824
129	44	0.040000
129	80	0.090909
129	146	0.125000
130	6	0.041667
130	8	0.015385
130	28	0.037037
130	34	0.038462
130	60	0.071429
130	74	0.038462
130	105	0.125000
130	164	0.125000
131	0	0.019608
131	2	0.040000
131	71	0.066667
131	73	0.083333
131	79	0.083333
131	80	0.090909
131	92	0.125000
131	184	0.142857
132	11	0.016949
132	35	0.043478
132	69	0.058824
132	74	0.038462
132	106	0.090909
132	114	0.111111
132	115	0.111111
132	181	0.142857
133	5	0.032258
133	11	0.016949
133	27	0.055556
133	28	0.037037
133	43	0.058824
133	86	0.083333
133	119	0.111111
133	138	0.125000
133	140	0.125000
133	149	0.142857
134	5	0.032258
134	10	0.026316
134	15	0.032258
134	18	0.026316
134	24	0.052632
134	54	0.090909
134	85	0.100000
134	138	0.125000
134	147	0.142857
134	151	0.142857
134	152	0.125000
135	2	0.040000
135	9	0.019231
135	15	0.032258
135	25	0.045455
135	28	0.037037
135	85	0.100000
135	111	0.090909
135	166	0.142857
135	180	0.142857
136	5	0.032258
136	6	0.041667
136	9	0.019231
136	11	0.016949
136	21	0.040000
136	39	0.071429
136	111	0.090909
136	148	0.142857
137	9	0.019231
137	12	0.026316
137	17	0.037037
137	39	0.071429
137	61	0.111111
137	69	0.058824
137	74	0.038462
137	141	0.142857
137	145	0.125000
137	150	0.100000
137	156	0.142857
138	0	0.019608
138	9	0.019231
138	10	0.026316
138	71	0.066667
138	102	0.090909
138	133	0.100000
138	134	0.090909
138	147	0.142857
139	2	0.040000
139	28	0.037037
139	29	0.083333
139	31	0.058824
139	55	0.071429
139	65	0.083333
139	96	0.111111
139	142	0.111111
139	151	0.142857
139	154	0.125000
140	9	0.019231
140	19	0.035714
140	26	0.076923
140	28	0.037037
140	30	0.058824
140	42	0.062500
140	133	0.100000
140	145	0.125000
141	7	0.020000
141	19	0.035714
141	73	0.083333
141	74	0.038462
141	83	0.083333
141	103	0.111111
141	137	0.090909
142	18	0.026316
142	19	0.035714
142	25	0.045455
142	32	0.032258
142	34	0.038462
142	55	0.071429
142	139	0.100000
142	145	0.125000
142	159	0.125000
143	0	0.019608
143	8	0.015385
143	40	0.055556
143	52	0.090909
143	79	0.083333
143	99	0.125000
143	114	0.111111
144	4	0.043478
144	5	0.032258
144	11	0.016949
144	28	0.037037
144	62	0.062500
144	77	0.076923
144	81	0.071429
144	152	0.125000
145	10	0.026316
145	11	0.016949
145	15	0.032258
145	51	0.066667
145	137	0.090909
145	140	0.125000
145	142	0.111111
145	155	0.142857
146	5	0.032258
146	10	0.026316
146	15	0.032258
146	91	0.100000
146	113	0.125000
146	124	0.100000
146	129	0.125000
146	147	0.142857
147	0	0.019608
147	18	0.026316
147	78	0.066667
147	115	0.111111
147	134	0.090909
147	138	0.125000
147	146	0.125000
148	6	0.041667
148	34	0.038462
148	44	0.040000
148	48	0.062500
148	71	0.066667
148	108	0.111111
148	136	0.125000
149	10	0.026316
149	11	0.016949
149	28	0.037037
149	40	0.055556
149	55	0.071429
149	86	0.083333
149	133	0.100000
150	13	0.028571
150	35	0.043478
150	44	0.040000
150	45	0.058824
150	48	0.062500
150	74	0.038462
150	137	0.090909
150	172	0.142857
150	175	0.142857
150	176	0.142857
151	13	0.028571
151	27	0.055556
151	42	0.062500
151	55	0.071429
151	88	0.100000
151	134	0.090909
151	139	0.100000
152	18	0.026316
152	25	0.045455
152	44	0.040000
152	48	0.062500
152	74	0.038462
152	134	0.090909
152	144	0.125000
152	169	0.111111
153	2	0.040000
153	6	0.041667
153	38	0.111111
153	53	0.066667
153	67	0.090909
153	81	0.071429
153	109	0.083333
154	14	0.043478
154	15	0.032258
154	16	0.076923
154	19	0.035714
154	41	0.066667
154	107	0.111111
154	139	0.100000
154	159	0.125000
155	11	0.016949
155	16	0.076923
155	19	0.035714
155	45	0.058824
155	55	0.071429
155	123	0.111111
155	145	0.125000
156	7	0.020000
156	11	0.016949
156	34	0.038462
156	39	0.071429
156	101	0.071429
156	137	0.090909
156	174	0.142857
157	9	0.019231
157	21	0.040000
157	23	0.041667
157	32	0.032258
157	37	0.071429
157	83	0.083333
157	84	0.083333
157	169	0.111111
158	0	0.019608
158	4	0.043478
158	5	0.032258
158	15	0.032258
158	74	0.038462
158	101	0.071429
158	127	0.125000
159	10	0.026316
159	15	0.032258
159	25	0.045455
159	36	0.066667
159	102	0.090909
159	142	0.111111
159	154	0.125000
159	178	0.142857
160	1	0.166667
160	5	0.032258
160	7	0.020000
160	18	0.026316
160	20	0.047619
160	28	0.037037
160	76	0.083333
160	170	0.142857
161	4	0.043478
161	12	0.026316
161	14	0.043478
161	25	0.045455
161	46	0.076923
161	78	0.066667
161	118	0.083333
162	2	0.040000
162	11	0.016949
162	24	0.052632
162	27	0.055556
162	34	0.038462
162	69	0.058824
162	83	0.083333
163	8	0.015385
163	21	0.040000
163	32	0.032258
163	35	0.043478
163	70	0.083333
163	74	0.038462
163	86	0.083333
164	0	0.019608
164	10	0.026316
164	32	0.032258
164	41	0.066667
164	70	0.083333
164	97	0.100000
164	130	0.125000
164	168	0.142857
165	15	0.032258
165	19	0.035714
165	23	0.041667
165	40	0.055556
165	53	0.066667
165	106	0.090909
165	118	0.083333
166	0	0.019608
166	9	0.019231
166	37	0.071429
166	54	0.090909
166	62	0.062500
166	64	0.125000
166	135	0.111111
167	0	0.019608
167	9	0.019231
167	13	0.028571
167	26	0.076923
167	32	0.032258
167	56	0.055556
167	76	0.083333
168	8	0.015385
168	11	0.016949
168	32	0.032258
168	84	0.083333
168	89	0.125000
168	100	0.111111
168	164	0.125000
169	16	0.076923
169	24	0.052632
169	25	0.045455
169	32	0.032258
169	48	0.062500
169	152	0.125000
169	157	0.125000
169	170	0.142857
169	181	0.142857
170	18	0.026316
170	48	0.062500
170	79	0.083333
170	101	0.071429
170	109	0.083333
170	160	0.125000
170	169	0.111111
171	3	0.050000
171	27	0.055556
171	42	0.062500
171	56	0.055556
171	68	0.083333
171	123	0.111111
171	128	0.125000
171	182	0.142857
172	2	0.040000
172	6	0.041667
172	12	0.026316
172	53	0.066667
172	101	0.071429
172	119	0.111111
172	150	0.100000
173	0	0.019608
173	3	0.050000
173	4	0.043478
173	5	0.032258
173	11	0.016949
173	33	0.058824
173	98	0.090909
174	5	0.032258
174	14	0.043478
174	37	0.071429
174	84	0.083333
174	96	0.111111
174	112	0.125000
174	156	0.142857
175	1	0.166667
175	6	0.041667
175	18	0.026316
175	44	0.040000
175	52	0.090909
175	101	0.071429
175	150	0.100000
176	56	0.055556
176	58	0.083333
176	82	0.125000
176	101	0.071429
176	124	0.100000
176	125	0.125000
176	150	0.100000
177	10	0.026316
177	11	0.016949
177	22	0.062500
177	59	0.111111
177	81	0.071429
177	87	0.100000
177	109	0.083333
177	185	0.142857
178	29	0.083333
178	44	0.040000
178	59	0.111111
178	69	0.058824
178	80	0.090909
178	102	0.090909
178	159	0.125000
179	0	0.019608
179	11	0.016949
179	30	0.058824
179	44	0.040000
179	47	0.076923
179	78	0.066667
179	83	0.083333
179	182	0.142857
180	6	0.041667
180	23	0.041667
180	25	0.045455
180	33	0.058824
180	42	0.062500
180	70	0.083333
180	135	0.111111
181	19	0.035714
181	32	0.032258
181	74	0.038462
181	118	0.083333
181	124	0.100000
181	132	0.125000
181	169	0.111111
182	0	0.019608
182	28	0.037037
182	41	0.066667
182	44	0.040000
182	62	0.062500
182	171	0.125000
182	179	0.125000
183	3	0.050000
183	4	0.043478
183	8	0.015385
183	24	0.052632
183	71	0.066667
183	98	0.090909
183	100	0.111111
184	5	0.032258
184	7	0.020000
184	71	0.066667
184	74	0.038462
184	77	0.076923
184	88	0.100000
184	131	0.125000
185	5	0.032258
185	13	0.028571
185	23	0.041667
185	31	0.058824
185	55	0.071429
185	62	0.062500
185	177	0.125000
