177	2372
0	7	0.031250
0	8	0.017241
0	9	0.012346
0	10	0.035714
0	13	0.050000
0	14	0.021739
0	20	0.043478
0	22	0.050000
0	30	0.071429
0	32	0.045455
0	33	0.038462
0	36	0.043478
0	42	0.058824
0	48	0.055556
0	50	0.055556
0	52	0.076923
0	58	0.090909
0	62	0.083333
0	65	0.100000
0	66	0.071429
0	69	0.111111
0	70	0.100000
0	71	0.076923
0	73	0.100000
0	79	0.111111
0	81	0.071429
0	82	0.083333
0	95	0.090909
0	96	0.125000
0	106	0.111111
0	109	0.125000
0	132	0.142857
0	134	0.125000
0	156	0.142857
0	172	0.125000
1	7	0.031250
1	9	0.012346
1	11	0.025000
1	12	0.035714
1	14	0.021739
1	15	0.031250
1	16	0.076923
1	19	0.035714
1	21	0.045455
1	23	0.047619
1	24	0.083333
1	25	0.076923
1	26	0.083333
1	30	0.071429
1	34	0.045455
1	35	0.045455
1	38	0.066667
1	46	0.083333
1	47	0.111111
1	50	0.055556
1	53	0.071429
1	54	0.090909
1	60	0.125000
1	61	0.100000
1	71	0.076923
1	74	0.083333
1	76	0.076923
1	79	0.111111
1	87	0.100000
1	94	0.111111
1	99	0.142857
1	103	0.083333
1	105	0.100000
1	110	0.090909
1	111	0.111111
1	112	0.142857
1	117	0.111111
1	118	0.111111
1	120	0.125000
1	121	0.125000
1	126	0.125000
1	131	0.090909
1	132	0.142857
1	143	0.142857
1	144	0.125000
1	147	0.125000
1	158	0.142857
1	162	0.111111
1	172	0.125000
1	174	0.142857
2	7	0.031250
2	8	0.017241
2	9	0.012346
2	10	0.035714
2	11	0.025000
2	12	0.035714
2	13	0.050000
2	14	0.021739
2	15	0.031250
2	16	0.076923
2	17	0.050000
2	18	0.047619
2	19	0.035714
2	20	0.043478
2	25	0.076923
2	27	0.047619
2	34	0.045455
2	46	0.083333
2	56	0.125000
2	59	0.076923
2	68	0.071429
2	74	0.083333
2	89	0.125000
2	95	0.090909
2	103	0.083333
2	104	0.125000
2	107	0.100000
2	116	0.125000
2	127	0.142857
2	135	0.100000
2	163	0.142857
2	164	0.142857
2	165	0.142857
3	7	0.031250
3	8	0.017241
3	9	0.012346
3	12	0.035714
3	14	0.021739
3	16	0.076923
3	18	0.047619
3	27	0.047619
3	30	0.071429
3	31	0.083333
3	38	0.066667
3	39	0.055556
3	43	0.062500
3	46	0.083333
3	48	0.055556
3	57	0.111111
3	95	0.090909
3	99	0.142857
3	100	0.083333
3	106	0.111111
3	107	0.100000
3	111	0.111111
3	113	0.111111
3	126	0.125000
3	136	0.142857
3	138	0.125000
3	145	0.142857
4	7	0.031250
4	8	0.017241
4	10	0.035714
4	12	0.035714
4	13	0.050000
4	15	0.031250
4	18	0.047619
4	20	0.043478
4	26	0.083333
4	37	0.062500
4	44	0.083333
4	47	0.111111
4	48	0.055556
4	53	0.071429
4	58	0.090909
4	63	0.125000
4	79	0.111111
4	80	0.083333
4	102	0.125000
4	159	0.142857
4	164	0.142857
5	7	0.031250
5	8	0.017241
5	9	0.012346
5	10	0.035714
5	11	0.025000
5	12	0.035714
5	14	0.021739
5	18	0.047619
5	21	0.045455
5	24	0.083333
5	35	0.045455
5	40	0.058824
5	44	0.083333
5	49	0.062500
5	52	0.076923
5	64	0.071429
5	65	0.100000
5	68	0.071429
5	71	0.076923
5	88	0.125000
5	89	0.125000
5	96	0.125000
5	100	0.083333
5	121	0.125000
5	123	0.125000
5	140	0.142857
5	162	0.111111
6	7	0.031250
6	8	0.017241
6	10	0.035714
6	16	0.076923
6	23	0.047619
6	26	0.083333
6	31	0.083333
6	36	0.043478
6	37	0.062500
6	63	0.125000
6	68	0.071429
6	86	0.090909
6	122	0.111111
6	163	0.142857
7	0	0.028571
7	1	0.020000
7	2	0.030303
7	3	0.037037
7	4	0.047619
7	5	0.037037
7	6	0.071429
7	8	0.017241
7	9	0.012346
7	11	0.025000
7	13	0.050000
7	14	0.021739
7	17	0.050000
7	19	0.035714
7	21	0.045455
7	27	0.047619
7	28	0.055556
7	29	0.083333
7	35	0.045455
7	48	0.055556
7	56	0.125000
7	60	0.125000
7	67	0.100000
7	71	0.076923
7	72	0.090909
7	95	0.090909
7	102	0.125000
7	128	0.083333
7	130	0.125000
7	149	0.100000
7	162	0.111111
7	173	0.142857
8	0	0.028571
8	2	0.030303
8	3	0.037037
8	4	0.047619
8	5	0.037037
8	6	0.071429
8	7	0.031250
8	9	0.012346
8	10	0.035714
8	11	0.025000
8	12	0.035714
8	13	0.050000
8	15	0.031250
8	16	0.076923
8	17	0.050000
8	18	0.047619
8	19	0.035714
8	20	0.043478
8	21	0.045455
8	22	0.050000
8	23	0.047619
8	24	0.083333
8	25	0.076923
8	26	0.083333
8	27	0.047619
8	28	0.055556
8	29	0.083333
8	34	0.045455
8	36	0.043478
8	39	0.055556
8	41	0.040000
8	42	0.058824
8	45	0.040000
8	46	0.083333
8	47	0.111111
8	49	0.062500
8	50	0.055556
8	54	0.090909
8	55	0.052632
8	57	0.111111
8	62	0.083333
8	63	0.125000
8	66	0.071429
8	69	0.111111
8	70	0.100000
8	73	0.100000
8	78	0.083333
8	82	0.083333
8	88	0.125000
8	91	0.100000
8	96	0.125000
8	109	0.125000
8	112	0.142857
8	114	0.125000
8	116	0.125000
8	146	0.125000
8	165	0.142857
8	170	0.125000
9	0	0.028571
9	1	0.020000
9	2	0.030303
9	3	0.037037
9	5	0.037037
9	7	0.031250
9	8	0.017241
9	10	0.035714
9	11	0.025000
9	12	0.035714
9	14	0.021739
9	15	0.031250
9	16	0.076923
9	17	0.050000
9	18	0.047619
9	19	0.035714
9	20	0.043478
9	22	0.050000
9	23	0.047619
9	24	0.083333
9	26	0.083333
9	28	0.055556
9	30	0.071429
9	31	0.083333
9	32	0.045455
9	33	0.038462
9	34	0.045455
9	36	0.043478
9	37	0.062500
9	39	0.055556
9	40	0.058824
9	41	0.040000
9	42	0.058824
9	45	0.040000
9	47	0.111111
9	48	0.055556
9	50	0.055556
9	51	0.076923
9	56	0.125000
9	59	0.076923
9	62	0.083333
9	63	0.125000
9	64	0.071429
9	66	0.071429
9	69	0.111111
9	70	0.100000
9	72	0.090909
9	73	0.100000
9	74	0.083333
9	76	0.076923
9	77	0.111111
9	80	0.083333
9	82	0.083333
9	83	0.090909
9	84	0.125000
9	87	0.100000
9	89	0.125000
9	90	0.090909
9	91	0.100000
9	95	0.090909
9	96	0.125000
9	99	0.142857
9	103	0.083333
9	104	0.125000
9	106	0.111111
9	110	0.090909
9	112	0.142857
9	113	0.111111
9	115	0.090909
9	116	0.125000
9	128	0.083333
9	132	0.142857
9	136	0.142857
9	139	0.090909
9	144	0.125000
9	145	0.142857
9	146	0.125000
9	147	0.125000
9	153	0.142857
9	159	0.142857
9	172	0.125000
10	0	0.028571
10	2	0.030303
10	4	0.047619
10	5	0.037037
10	6	0.071429
10	8	0.017241
10	9	0.012346
10	13	0.050000
10	15	0.031250
10	17	0.050000
10	19	0.035714
10	24	0.083333
10	53	0.071429
10	74	0.083333
10	80	0.083333
10	81	0.071429
10	82	0.083333
10	86	0.090909
10	101	0.090909
10	109	0.125000
10	113	0.111111
10	116	0.125000
10	134	0.125000
10	141	0.142857
10	142	0.125000
10	153	0.142857
10	154	0.111111
10	176	0.142857
11	1	0.020000
11	2	0.030303
11	5	0.037037
11	7	0.031250
11	8	0.017241
11	9	0.012346
11	13	0.050000
11	19	0.035714
11	20	0.043478
11	22	0.050000
11	23	0.047619
11	26	0.083333
11	40	0.058824
11	49	0.062500
11	51	0.076923
11	53	0.071429
11	54	0.090909
11	65	0.100000
11	69	0.111111
11	75	0.100000
11	76	0.076923
11	80	0.083333
11	86	0.090909
11	89	0.125000
11	92	0.100000
11	99	0.142857
11	107	0.100000
11	108	0.090909
11	113	0.111111
11	118	0.111111
11	129	0.111111
11	131	0.090909
11	133	0.142857
11	141	0.142857
11	144	0.125000
11	157	0.142857
11	160	0.142857
11	164	0.142857
11	165	0.142857
11	169	0.125000
12	1	0.020000
12	2	0.030303
12	3	0.037037
12	4	0.047619
12	5	0.037037
12	8	0.017241
12	9	0.012346
12	18	0.047619
12	23	0.047619
12	27	0.047619
12	28	0.055556
12	29	0.083333
12	32	0.045455
12	38	0.066667
12	39	0.055556
12	42	0.058824
12	43	0.062500
12	51	0.076923
12	54	0.090909
12	60	0.125000
12	74	0.083333
12	75	0.100000
12	79	0.111111
12	85	0.076923
12	99	0.142857
12	136	0.142857
12	154	0.111111
12	160	0.142857
13	0	0.028571
13	2	0.030303
13	4	0.047619
13	7	0.031250
13	8	0.017241
13	10	0.035714
13	11	0.025000
13	21	0.045455
13	28	0.055556
13	29	0.083333
13	30	0.071429
13	42	0.058824
13	45	0.040000
13	55	0.052632
13	87	0.100000
13	91	0.100000
13	128	0.083333
13	130	0.125000
13	139	0.090909
13	165	0.142857
14	0	0.028571
14	1	0.020000
14	2	0.030303
14	3	0.037037
14	5	0.037037
14	7	0.031250
14	9	0.012346
14	15	0.031250
14	16	0.076923
14	20	0.043478
14	21	0.045455
14	25	0.076923
14	27	0.047619
14	31	0.083333
14	32	0.045455
14	33	0.038462
14	34	0.045455
14	35	0.045455
14	37	0.062500
14	42	0.058824
14	43	0.062500
14	49	0.062500
14	50	0.055556
14	51	0.076923
14	55	0.052632
14	56	0.125000
14	59	0.076923
14	90	0.090909
14	94	0.111111
14	97	0.111111
14	112	0.142857
14	113	0.111111
14	115	0.090909
14	116	0.125000
14	122	0.111111
14	123	0.125000
14	124	0.125000
14	128	0.083333
14	135	0.100000
14	137	0.111111
14	142	0.125000
14	153	0.142857
14	156	0.142857
14	157	0.142857
14	163	0.142857
14	170	0.125000
15	1	0.020000
15	2	0.030303
15	4	0.047619
15	8	0.017241
15	9	0.012346
15	10	0.035714
15	14	0.021739
15	21	0.045455
15	25	0.076923
15	30	0.071429
15	31	0.083333
15	38	0.066667
15	40	0.058824
15	55	0.052632
15	59	0.076923
15	61	0.100000
15	65	0.100000
15	67	0.100000
15	72	0.090909
15	82	0.083333
15	93	0.111111
15	105	0.100000
15	106	0.111111
15	112	0.142857
15	120	0.125000
15	121	0.125000
15	135	0.100000
15	140	0.142857
15	142	0.125000
15	152	0.142857
15	154	0.111111
15	167	0.142857
16	1	0.020000
16	2	0.030303
16	3	0.037037
16	6	0.071429
16	8	0.017241
16	9	0.012346
16	14	0.021739
16	29	0.083333
16	32	0.045455
16	37	0.062500
16	81	0.071429
16	117	0.111111
16	146	0.125000
17	2	0.030303
17	7	0.031250
17	8	0.017241
17	9	0.012346
17	10	0.035714
17	22	0.050000
17	34	0.045455
17	40	0.058824
17	64	0.071429
17	100	0.083333
17	101	0.090909
17	104	0.125000
17	108	0.090909
17	115	0.090909
17	126	0.125000
17	127	0.142857
17	148	0.111111
17	150	0.100000
17	169	0.125000
17	176	0.142857
18	2	0.030303
18	3	0.037037
18	4	0.047619
18	5	0.037037
18	8	0.017241
18	9	0.012346
18	12	0.035714
18	22	0.050000
18	24	0.083333
18	27	0.047619
18	28	0.055556
18	31	0.083333
18	43	0.062500
18	44	0.083333
18	62	0.083333
18	78	0.083333
18	91	0.100000
18	103	0.083333
18	110	0.090909
18	155	0.142857
18	167	0.142857
19	1	0.020000
19	2	0.030303
19	7	0.031250
19	8	0.017241
19	9	0.012346
19	10	0.035714
19	11	0.025000
19	22	0.050000
19	25	0.076923
19	40	0.058824
19	43	0.062500
19	48	0.055556
19	52	0.076923
19	57	0.111111
19	63	0.125000
19	71	0.076923
19	86	0.090909
19	90	0.090909
19	94	0.111111
19	107	0.100000
19	123	0.125000
19	127	0.142857
19	136	0.142857
19	140	0.142857
19	151	0.142857
19	152	0.142857
19	154	0.111111
19	167	0.142857
20	0	0.028571
20	2	0.030303
20	4	0.047619
20	8	0.017241
20	9	0.012346
20	11	0.025000
20	14	0.021739
20	23	0.047619
20	34	0.045455
20	43	0.062500
20	50	0.055556
20	53	0.071429
20	67	0.100000
20	70	0.100000
20	81	0.071429
20	97	0.111111
20	102	0.125000
20	122	0.111111
20	124	0.125000
20	137	0.111111
20	156	0.142857
20	159	0.142857
20	166	0.142857
21	1	0.020000
21	5	0.037037
21	7	0.031250
21	8	0.017241
21	13	0.050000
21	14	0.021739
21	15	0.031250
21	24	0.083333
21	30	0.071429
21	33	0.038462
21	35	0.045455
21	41	0.040000
21	44	0.083333
21	52	0.076923
21	53	0.071429
21	84	0.125000
21	108	0.090909
21	110	0.090909
21	112	0.142857
21	113	0.111111
21	121	0.125000
21	137	0.111111
22	0	0.028571
22	8	0.017241
22	9	0.012346
22	11	0.025000
22	17	0.050000
22	18	0.047619
22	19	0.035714
22	26	0.083333
22	28	0.055556
22	29	0.083333
22	32	0.045455
22	35	0.045455
22	49	0.062500
22	58	0.090909
22	83	0.090909
22	88	0.125000
22	89	0.125000
22	105	0.100000
22	128	0.083333
22	147	0.125000
23	1	0.020000
23	6	0.071429
23	8	0.017241
23	9	0.012346
23	11	0.025000
23	12	0.035714
23	20	0.043478
23	33	0.038462
23	42	0.058824
23	43	0.062500
23	44	0.083333
23	52	0.076923
23	59	0.076923
23	65	0.100000
23	66	0.071429
23	90	0.090909
23	93	0.111111
23	123	0.125000
23	137	0.111111
23	138	0.125000
23	163	0.142857
24	1	0.020000
24	5	0.037037
24	8	0.017241
24	9	0.012346
24	10	0.035714
24	18	0.047619
24	21	0.045455
24	25	0.076923
24	56	0.125000
24	80	0.083333
24	143	0.142857
24	154	0.111111
25	1	0.020000
25	2	0.030303
25	8	0.017241
25	14	0.021739
25	15	0.031250
25	19	0.035714
25	24	0.083333
25	38	0.066667
25	81	0.071429
25	97	0.111111
25	101	0.090909
25	164	0.142857
25	166	0.142857
26	1	0.020000
26	4	0.047619
26	6	0.071429
26	8	0.017241
26	9	0.012346
26	11	0.025000
26	22	0.050000
26	69	0.111111
26	140	0.142857
26	164	0.142857
26	167	0.142857
26	170	0.125000
27	2	0.030303
27	3	0.037037
27	7	0.031250
27	8	0.017241
27	12	0.035714
27	14	0.021739
27	18	0.047619
27	29	0.083333
27	31	0.083333
27	32	0.045455
27	36	0.043478
27	40	0.058824
27	46	0.083333
27	47	0.111111
27	54	0.090909
27	64	0.071429
27	83	0.090909
27	87	0.100000
27	107	0.100000
27	118	0.111111
27	158	0.142857
28	7	0.031250
28	8	0.017241
28	9	0.012346
28	12	0.035714
28	13	0.050000
28	18	0.047619
28	22	0.050000
28	38	0.066667
28	39	0.055556
28	47	0.111111
28	58	0.090909
28	66	0.071429
28	69	0.111111
28	97	0.111111
28	99	0.142857
28	105	0.100000
28	121	0.125000
28	160	0.142857
29	7	0.031250
29	8	0.017241
29	12	0.035714
29	13	0.050000
29	16	0.076923
29	22	0.050000
29	27	0.047619
29	37	0.062500
29	61	0.100000
29	68	0.071429
29	125	0.111111
29	159	0.142857
30	0	0.028571
30	1	0.020000
30	3	0.037037
30	9	0.012346
30	13	0.050000
30	15	0.031250
30	21	0.045455
30	33	0.038462
30	44	0.083333
30	45	0.040000
30	52	0.076923
30	135	0.100000
30	148	0.111111
30	150	0.100000
31	3	0.037037
31	6	0.071429
31	9	0.012346
31	14	0.021739
31	15	0.031250
31	18	0.047619
31	27	0.047619
31	35	0.045455
31	48	0.055556
31	57	0.111111
31	67	0.100000
31	131	0.090909
32	0	0.028571
32	9	0.012346
32	12	0.035714
32	14	0.021739
32	16	0.076923
32	22	0.050000
32	27	0.047619
32	33	0.038462
32	41	0.040000
32	46	0.083333
32	49	0.062500
32	50	0.055556
32	73	0.100000
32	84	0.125000
32	92	0.100000
32	97	0.111111
32	114	0.125000
32	130	0.125000
32	138	0.125000
32	145	0.142857
32	146	0.125000
32	160	0.142857
33	0	0.028571
33	9	0.012346
33	14	0.021739
33	21	0.045455
33	23	0.047619
33	30	0.071429
33	32	0.045455
33	36	0.043478
33	39	0.055556
33	41	0.040000
33	45	0.040000
33	62	0.083333
33	66	0.071429
33	70	0.100000
33	76	0.076923
33	78	0.083333
33	92	0.100000
33	93	0.111111
33	118	0.111111
33	119	0.125000
33	137	0.111111
33	143	0.142857
33	144	0.125000
33	168	0.125000
33	170	0.125000
33	171	0.142857
34	1	0.020000
34	2	0.030303
34	8	0.017241
34	9	0.012346
34	14	0.021739
34	17	0.050000
34	20	0.043478
34	41	0.040000
34	51	0.076923
34	54	0.090909
34	62	0.083333
34	64	0.071429
34	67	0.100000
34	74	0.083333
34	81	0.071429
34	83	0.090909
34	85	0.076923
34	102	0.125000
34	111	0.111111
34	124	0.125000
34	149	0.100000
34	166	0.142857
35	1	0.020000
35	5	0.037037
35	7	0.031250
35	14	0.021739
35	21	0.045455
35	22	0.050000
35	31	0.083333
35	36	0.043478
35	38	0.066667
35	39	0.055556
35	45	0.040000
35	58	0.090909
35	66	0.071429
35	77	0.111111
35	88	0.125000
35	119	0.125000
35	129	0.111111
35	144	0.125000
35	149	0.100000
35	152	0.142857
35	154	0.111111
35	168	0.125000
36	0	0.028571
36	6	0.071429
36	8	0.017241
36	9	0.012346
36	27	0.047619
36	33	0.038462
36	35	0.045455
36	37	0.062500
36	59	0.076923
36	71	0.076923
36	76	0.076923
36	85	0.076923
36	95	0.090909
36	103	0.083333
36	110	0.090909
36	114	0.125000
36	125	0.111111
36	133	0.142857
36	144	0.125000
36	145	0.142857
36	146	0.125000
36	148	0.111111
36	150	0.100000
37	4	0.047619
37	6	0.071429
37	9	0.012346
37	14	0.021739
37	16	0.076923
37	29	0.083333
37	36	0.043478
37	46	0.083333
37	56	0.125000
37	58	0.090909
37	93	0.111111
37	100	0.083333
37	101	0.090909
37	124	0.125000
37	175	0.142857
37	176	0.142857
38	1	0.020000
38	3	0.037037
38	12	0.035714
38	15	0.031250
38	25	0.076923
38	28	0.055556
38	35	0.045455
38	47	0.111111
38	49	0.062500
38	65	0.100000
38	75	0.100000
38	97	0.111111
38	99	0.142857
38	130	0.125000
38	165	0.142857
39	3	0.037037
39	8	0.017241
39	9	0.012346
39	12	0.035714
39	28	0.055556
39	33	0.038462
39	35	0.045455
39	41	0.040000
39	45	0.040000
39	57	0.111111
39	64	0.071429
39	78	0.083333
39	82	0.083333
39	147	0.125000
39	148	0.111111
39	168	0.125000
39	172	0.125000
39	175	0.142857
40	5	0.037037
40	9	0.012346
40	11	0.025000
40	15	0.031250
40	17	0.050000
40	19	0.035714
40	27	0.047619
40	70	0.100000
40	92	0.100000
40	109	0.125000
40	117	0.111111
40	135	0.100000
40	138	0.125000
40	147	0.125000
40	149	0.100000
40	155	0.142857
40	165	0.142857
41	8	0.017241
41	9	0.012346
41	21	0.045455
41	32	0.045455
41	33	0.038462
41	34	0.045455
41	39	0.055556
41	44	0.083333
41	60	0.125000
41	61	0.100000
41	62	0.083333
41	63	0.125000
41	68	0.071429
41	76	0.076923
41	78	0.083333
41	83	0.090909
41	91	0.100000
41	93	0.111111
41	98	0.100000
41	106	0.111111
41	120	0.125000
41	125	0.111111
41	168	0.125000
41	169	0.125000
41	176	0.142857
42	0	0.028571
42	8	0.017241
42	9	0.012346
42	12	0.035714
42	13	0.050000
42	14	0.021739
42	23	0.047619
42	54	0.090909
42	56	0.125000
42	67	0.100000
42	70	0.100000
42	91	0.100000
42	96	0.125000
42	98	0.100000
42	115	0.090909
42	139	0.090909
42	143	0.142857
43	3	0.037037
43	12	0.035714
43	14	0.021739
43	18	0.047619
43	19	0.035714
43	20	0.043478
43	23	0.047619
43	51	0.076923
43	76	0.076923
43	84	0.125000
43	93	0.111111
43	103	0.083333
43	111	0.111111
43	125	0.111111
43	140	0.142857
43	164	0.142857
44	4	0.047619
44	5	0.037037
44	18	0.047619
44	21	0.045455
44	23	0.047619
44	30	0.071429
44	41	0.040000
44	63	0.125000
44	79	0.111111
44	104	0.125000
44	117	0.111111
44	172	0.125000
45	8	0.017241
45	9	0.012346
45	13	0.050000
45	30	0.071429
45	33	0.038462
45	35	0.045455
45	39	0.055556
45	55	0.052632
45	57	0.111111
45	59	0.076923
45	61	0.100000
45	68	0.071429
45	73	0.100000
45	77	0.111111
45	81	0.071429
45	84	0.125000
45	86	0.090909
45	91	0.100000
45	96	0.125000
45	115	0.090909
45	119	0.125000
45	121	0.125000
45	122	0.111111
45	126	0.125000
45	160	0.142857
46	1	0.020000
46	2	0.030303
46	3	0.037037
46	8	0.017241
46	27	0.047619
46	32	0.045455
46	37	0.062500
46	53	0.071429
46	60	0.125000
46	139	0.090909
46	151	0.142857
46	161	0.142857
47	1	0.020000
47	4	0.047619
47	8	0.017241
47	9	0.012346
47	27	0.047619
47	28	0.055556
47	38	0.066667
47	156	0.142857
47	176	0.142857
48	0	0.028571
48	3	0.037037
48	4	0.047619
48	7	0.031250
48	9	0.012346
48	19	0.035714
48	31	0.083333
48	68	0.071429
48	77	0.111111
48	83	0.090909
48	85	0.076923
48	94	0.111111
48	101	0.090909
48	109	0.125000
48	133	0.142857
48	145	0.142857
48	173	0.142857
48	175	0.142857
49	5	0.037037
49	8	0.017241
49	11	0.025000
49	14	0.021739
49	22	0.050000
49	32	0.045455
49	38	0.066667
49	51	0.076923
49	52	0.076923
49	55	0.052632
49	90	0.090909
49	92	0.100000
49	134	0.125000
49	147	0.125000
49	167	0.142857
49	175	0.142857
50	0	0.028571
50	1	0.020000
50	8	0.017241
50	9	0.012346
50	14	0.021739
50	20	0.043478
50	32	0.045455
50	61	0.100000
50	75	0.100000
50	82	0.083333
50	89	0.125000
50	92	0.100000
50	112	0.142857
50	114	0.125000
50	116	0.125000
50	127	0.142857
50	133	0.142857
50	173	0.142857
51	9	0.012346
51	11	0.025000
51	12	0.035714
51	14	0.021739
51	34	0.045455
51	43	0.062500
51	49	0.062500
51	58	0.090909
51	60	0.125000
51	73	0.100000
51	85	0.076923
51	88	0.125000
51	174	0.142857
52	0	0.028571
52	5	0.037037
52	19	0.035714
52	21	0.045455
52	23	0.047619
52	30	0.071429
52	49	0.062500
52	55	0.052632
52	57	0.111111
52	75	0.100000
52	90	0.090909
52	102	0.125000
52	130	0.125000
53	1	0.020000
53	4	0.047619
53	10	0.035714
53	11	0.025000
53	20	0.043478
53	21	0.045455
53	46	0.083333
53	61	0.100000
53	72	0.090909
53	86	0.090909
53	95	0.090909
53	96	0.125000
53	118	0.111111
53	154	0.111111
54	1	0.020000
54	8	0.017241
54	11	0.025000
54	12	0.035714
54	27	0.047619
54	34	0.045455
54	42	0.058824
54	67	0.100000
54	106	0.111111
54	117	0.111111
54	121	0.125000
55	8	0.017241
55	13	0.050000
55	14	0.021739
55	15	0.031250
55	45	0.040000
55	49	0.062500
55	52	0.076923
55	60	0.125000
55	77	0.111111
55	88	0.125000
55	92	0.100000
55	104	0.125000
55	105	0.100000
55	108	0.090909
55	132	0.142857
55	153	0.142857
55	157	0.142857
55	168	0.125000
55	175	0.142857
56	2	0.030303
56	7	0.031250
56	9	0.012346
56	14	0.021739
56	24	0.083333
56	37	0.062500
56	42	0.058824
56	173	0.142857
57	3	0.037037
57	8	0.017241
57	19	0.035714
57	31	0.083333
57	39	0.055556
57	45	0.040000
57	52	0.076923
57	136	0.142857
57	156	0.142857
58	0	0.028571
58	4	0.047619
58	22	0.050000
58	28	0.055556
58	35	0.045455
58	37	0.062500
58	51	0.076923
58	79	0.111111
58	84	0.125000
58	133	0.142857
58	151	0.142857
59	2	0.030303
59	9	0.012346
59	14	0.021739
59	15	0.031250
59	23	0.047619
59	36	0.043478
59	45	0.040000
59	87	0.100000
59	89	0.125000
59	102	0.125000
59	134	0.125000
59	143	0.142857
59	151	0.142857
60	1	0.020000
60	7	0.031250
60	12	0.035714
60	41	0.040000
60	46	0.083333
60	51	0.076923
60	55	0.052632
60	131	0.090909
61	1	0.020000
61	15	0.031250
61	29	0.083333
61	41	0.040000
61	45	0.040000
61	50	0.055556
61	53	0.071429
61	73	0.100000
61	83	0.090909
61	125	0.111111
62	0	0.028571
62	8	0.017241
62	9	0.012346
62	18	0.047619
62	33	0.038462
62	34	0.045455
62	41	0.040000
62	64	0.071429
62	77	0.111111
62	78	0.083333
62	123	0.125000
62	133	0.142857
63	4	0.047619
63	6	0.071429
63	8	0.017241
63	9	0.012346
63	19	0.035714
63	41	0.040000
63	44	0.083333
63	80	0.083333
64	5	0.037037
64	9	0.012346
64	17	0.050000
64	27	0.047619
64	34	0.045455
64	39	0.055556
64	62	0.083333
64	65	0.100000
64	69	0.111111
64	72	0.090909
64	79	0.111111
64	86	0.090909
64	87	0.100000
64	171	0.142857
65	0	0.028571
65	5	0.037037
65	11	0.025000
65	15	0.031250
65	23	0.047619
65	38	0.066667
65	64	0.071429
65	71	0.076923
65	98	0.100000
65	155	0.142857
66	0	0.028571
66	8	0.017241
66	9	0.012346
66	23	0.047619
66	28	0.055556
66	33	0.038462
66	35	0.045455
66	74	0.083333
66	78	0.083333
66	94	0.111111
66	107	0.100000
66	122	0.111111
66	140	0.142857
66	152	0.142857
67	7	0.031250
67	15	0.031250
67	20	0.043478
67	31	0.083333
67	34	0.045455
67	42	0.058824
67	54	0.090909
67	72	0.090909
67	75	0.100000
67	98	0.100000
68	2	0.030303
68	5	0.037037
68	6	0.071429
68	29	0.083333
68	41	0.040000
68	45	0.040000
68	48	0.055556
68	85	0.076923
68	98	0.100000
68	118	0.111111
68	132	0.142857
68	142	0.125000
68	145	0.142857
68	166	0.142857
69	0	0.028571
69	8	0.017241
69	9	0.012346
69	11	0.025000
69	26	0.083333
69	28	0.055556
69	64	0.071429
69	101	0.090909
69	129	0.111111
70	0	0.028571
70	8	0.017241
70	9	0.012346
70	20	0.043478
70	33	0.038462
70	40	0.058824
70	42	0.058824
70	133	0.142857
70	152	0.142857
70	158	0.142857
71	0	0.028571
71	1	0.020000
71	5	0.037037
71	7	0.031250
71	19	0.035714
71	36	0.043478
71	65	0.100000
71	72	0.090909
71	107	0.100000
71	111	0.111111
71	149	0.100000
71	161	0.142857
71	162	0.111111
72	7	0.031250
72	9	0.012346
72	15	0.031250
72	53	0.071429
72	64	0.071429
72	67	0.100000
72	71	0.076923
72	75	0.100000
72	100	0.083333
72	171	0.142857
72	176	0.142857
73	0	0.028571
73	8	0.017241
73	9	0.012346
73	32	0.045455
73	45	0.040000
73	51	0.076923
73	61	0.100000
73	94	0.111111
73	102	0.125000
73	174	0.142857
74	1	0.020000
74	2	0.030303
74	9	0.012346
74	10	0.035714
74	12	0.035714
74	34	0.045455
74	66	0.071429
74	77	0.111111
74	87	0.100000
74	138	0.125000
74	151	0.142857
74	158	0.142857
75	11	0.025000
75	12	0.035714
75	38	0.066667
75	50	0.055556
75	52	0.076923
75	67	0.100000
75	72	0.090909
75	104	0.125000
75	114	0.125000
75	141	0.142857
76	1	0.020000
76	9	0.012346
76	11	0.025000
76	33	0.038462
76	36	0.043478
76	41	0.040000
76	43	0.062500
76	90	0.090909
76	93	0.111111
76	114	0.125000
76	117	0.111111
76	127	0.142857
76	130	0.125000
77	9	0.012346
77	35	0.045455
77	45	0.040000
77	48	0.055556
77	55	0.052632
77	62	0.083333
77	74	0.083333
77	114	0.125000
77	138	0.125000
78	8	0.017241
78	18	0.047619
78	33	0.038462
78	39	0.055556
78	41	0.040000
78	62	0.083333
78	66	0.071429
78	80	0.083333
78	129	0.111111
78	139	0.090909
78	155	0.142857
78	161	0.142857
79	0	0.028571
79	1	0.020000
79	4	0.047619
79	12	0.035714
79	44	0.083333
79	58	0.090909
79	64	0.071429
79	98	0.100000
79	120	0.125000
80	4	0.047619
80	9	0.012346
80	10	0.035714
80	11	0.025000
80	24	0.083333
80	63	0.125000
80	78	0.083333
80	85	0.076923
80	98	0.100000
80	106	0.111111
80	155	0.142857
80	166	0.142857
81	0	0.028571
81	10	0.035714
81	16	0.076923
81	20	0.043478
81	25	0.076923
81	34	0.045455
81	45	0.040000
81	84	0.125000
81	88	0.125000
81	117	0.111111
81	142	0.125000
81	151	0.142857
81	159	0.142857
81	171	0.142857
82	0	0.028571
82	8	0.017241
82	9	0.012346
82	10	0.035714
82	15	0.031250
82	39	0.055556
82	50	0.055556
82	97	0.111111
82	104	0.125000
82	141	0.142857
82	156	0.142857
82	170	0.125000
83	9	0.012346
83	22	0.050000
83	27	0.047619
83	34	0.045455
83	41	0.040000
83	48	0.055556
83	61	0.100000
83	100	0.083333
83	101	0.090909
83	127	0.142857
83	169	0.125000
84	9	0.012346
84	21	0.045455
84	32	0.045455
84	43	0.062500
84	45	0.040000
84	58	0.090909
84	81	0.071429
84	111	0.111111
85	12	0.035714
85	34	0.045455
85	36	0.043478
85	48	0.055556
85	51	0.076923
85	68	0.071429
85	80	0.083333
85	94	0.111111
85	103	0.083333
85	108	0.090909
85	128	0.083333
85	132	0.142857
85	160	0.142857
86	6	0.071429
86	10	0.035714
86	11	0.025000
86	19	0.035714
86	45	0.040000
86	53	0.071429
86	64	0.071429
86	116	0.125000
86	120	0.125000
86	136	0.142857
86	150	0.100000
87	1	0.020000
87	9	0.012346
87	13	0.050000
87	27	0.047619
87	59	0.076923
87	64	0.071429
87	74	0.083333
87	122	0.111111
87	131	0.090909
87	160	0.142857
88	5	0.037037
88	8	0.017241
88	22	0.050000
88	35	0.045455
88	51	0.076923
88	55	0.052632
88	81	0.071429
88	126	0.125000
89	2	0.030303
89	5	0.037037
89	9	0.012346
89	11	0.025000
89	22	0.050000
89	50	0.055556
89	59	0.076923
89	110	0.090909
90	9	0.012346
90	14	0.021739
90	19	0.035714
90	23	0.047619
90	49	0.062500
90	52	0.076923
90	76	0.076923
90	100	0.083333
90	130	0.125000
90	134	0.125000
90	163	0.142857
91	8	0.017241
91	9	0.012346
91	13	0.050000
91	18	0.047619
91	41	0.040000
91	42	0.058824
91	45	0.040000
91	109	0.125000
91	120	0.125000
91	123	0.125000
92	11	0.025000
92	32	0.045455
92	33	0.038462
92	40	0.058824
92	49	0.062500
92	50	0.055556
92	55	0.052632
92	105	0.100000
92	113	0.111111
92	175	0.142857
93	15	0.031250
93	23	0.047619
93	33	0.038462
93	37	0.062500
93	41	0.040000
93	43	0.062500
93	76	0.076923
93	108	0.090909
93	119	0.125000
94	1	0.020000
94	14	0.021739
94	19	0.035714
94	48	0.055556
94	66	0.071429
94	73	0.100000
94	85	0.076923
94	115	0.090909
94	119	0.125000
95	0	0.028571
95	2	0.030303
95	3	0.037037
95	7	0.031250
95	9	0.012346
95	36	0.043478
95	53	0.071429
95	110	0.090909
95	131	0.090909
95	148	0.111111
95	169	0.125000
96	0	0.028571
96	5	0.037037
96	8	0.017241
96	9	0.012346
96	42	0.058824
96	45	0.040000
96	53	0.071429
96	122	0.111111
97	14	0.021739
97	20	0.043478
97	25	0.076923
97	28	0.055556
97	32	0.045455
97	38	0.066667
97	82	0.083333
97	124	0.125000
97	162	0.111111
98	41	0.040000
98	42	0.058824
98	65	0.100000
98	67	0.100000
98	68	0.071429
98	79	0.111111
98	80	0.083333
98	136	0.142857
98	141	0.142857
98	145	0.142857
99	1	0.020000
99	3	0.037037
99	9	0.012346
99	11	0.025000
99	12	0.035714
99	28	0.055556
99	38	0.066667
100	3	0.037037
100	5	0.037037
100	17	0.050000
100	37	0.062500
100	72	0.090909
100	83	0.090909
100	90	0.090909
100	124	0.125000
100	127	0.142857
100	134	0.125000
100	158	0.142857
100	171	0.142857
101	10	0.035714
101	17	0.050000
101	25	0.076923
101	37	0.062500
101	48	0.055556
101	69	0.111111
101	83	0.090909
101	108	0.090909
101	119	0.125000
101	120	0.125000
101	149	0.100000
102	4	0.047619
102	7	0.031250
102	20	0.043478
102	34	0.045455
102	52	0.076923
102	59	0.076923
102	73	0.100000
102	151	0.142857
103	1	0.020000
103	2	0.030303
103	9	0.012346
103	18	0.047619
103	36	0.043478
103	43	0.062500
103	85	0.076923
103	118	0.111111
103	128	0.083333
103	146	0.125000
103	150	0.100000
103	168	0.125000
104	2	0.030303
104	9	0.012346
104	17	0.050000
104	44	0.083333
104	55	0.052632
104	75	0.100000
104	82	0.083333
104	105	0.100000
105	1	0.020000
105	15	0.031250
105	22	0.050000
105	28	0.055556
105	55	0.052632
105	92	0.100000
105	104	0.125000
105	111	0.111111
105	123	0.125000
105	152	0.142857
106	0	0.028571
106	3	0.037037
106	9	0.012346
106	15	0.031250
106	41	0.040000
106	54	0.090909
106	80	0.083333
106	144	0.125000
106	165	0.142857
107	2	0.030303
107	3	0.037037
107	11	0.025000
107	19	0.035714
107	27	0.047619
107	66	0.071429
107	71	0.076923
107	115	0.090909
107	125	0.111111
107	137	0.111111
108	11	0.025000
108	17	0.050000
108	21	0.045455
108	55	0.052632
108	85	0.076923
108	93	0.111111
108	101	0.090909
108	119	0.125000
108	146	0.125000
108	148	0.111111
108	172	0.125000
109	0	0.028571
109	8	0.017241
109	10	0.035714
109	40	0.058824
109	48	0.055556
109	91	0.100000
109	129	0.111111
109	139	0.090909
110	1	0.020000
110	9	0.012346
110	18	0.047619
110	21	0.045455
110	36	0.043478
110	89	0.125000
110	95	0.090909
110	126	0.125000
110	137	0.111111
110	143	0.142857
110	163	0.142857
111	1	0.020000
111	3	0.037037
111	34	0.045455
111	43	0.062500
111	71	0.076923
111	84	0.125000
111	105	0.100000
111	149	0.100000
111	157	0.142857
112	1	0.020000
112	8	0.017241
112	9	0.012346
112	14	0.021739
112	15	0.031250
112	21	0.045455
112	50	0.055556
113	3	0.037037
113	9	0.012346
113	10	0.035714
113	11	0.025000
113	14	0.021739
113	21	0.045455
113	92	0.100000
113	139	0.090909
113	156	0.142857
114	8	0.017241
114	32	0.045455
114	36	0.043478
114	50	0.055556
114	75	0.100000
114	76	0.076923
114	77	0.111111
114	150	0.100000
115	9	0.012346
115	14	0.021739
115	17	0.050000
115	42	0.058824
115	45	0.040000
115	94	0.111111
115	107	0.100000
115	143	0.142857
115	147	0.125000
115	153	0.142857
115	168	0.125000
116	2	0.030303
116	8	0.017241
116	9	0.012346
116	10	0.035714
116	14	0.021739
116	50	0.055556
116	86	0.090909
116	124	0.125000
117	1	0.020000
117	16	0.076923
117	40	0.058824
117	44	0.083333
117	54	0.090909
117	76	0.076923
117	81	0.071429
117	138	0.125000
117	141	0.142857
118	1	0.020000
118	11	0.025000
118	27	0.047619
118	33	0.038462
118	53	0.071429
118	68	0.071429
118	103	0.083333
118	142	0.125000
118	176	0.142857
119	33	0.038462
119	35	0.045455
119	45	0.040000
119	93	0.111111
119	94	0.111111
119	101	0.090909
119	108	0.090909
119	170	0.125000
120	1	0.020000
120	15	0.031250
120	41	0.040000
120	79	0.111111
120	86	0.090909
120	91	0.100000
120	101	0.090909
120	152	0.142857
121	1	0.020000
121	5	0.037037
121	15	0.031250
121	21	0.045455
121	28	0.055556
121	45	0.040000
121	54	0.090909
121	132	0.142857
122	6	0.071429
122	14	0.021739
122	20	0.043478
122	45	0.040000
122	66	0.071429
122	87	0.100000
122	96	0.125000
122	125	0.111111
122	129	0.111111
123	5	0.037037
123	14	0.021739
123	19	0.035714
123	23	0.047619
123	62	0.083333
123	91	0.100000
123	105	0.100000
123	159	0.142857
124	14	0.021739
124	20	0.043478
124	34	0.045455
124	37	0.062500
124	97	0.111111
124	100	0.083333
124	116	0.125000
124	161	0.142857
125	29	0.083333
125	36	0.043478
125	41	0.040000
125	43	0.062500
125	61	0.100000
125	107	0.100000
125	122	0.111111
125	126	0.125000
125	135	0.100000
126	1	0.020000
126	3	0.037037
126	17	0.050000
126	45	0.040000
126	88	0.125000
126	110	0.090909
126	125	0.111111
126	157	0.142857
127	2	0.030303
127	17	0.050000
127	19	0.035714
127	50	0.055556
127	76	0.076923
127	83	0.090909
127	100	0.083333
128	7	0.031250
128	9	0.012346
128	13	0.050000
128	14	0.021739
128	22	0.050000
128	85	0.076923
128	103	0.083333
128	129	0.111111
128	131	0.090909
128	135	0.100000
128	169	0.125000
128	171	0.142857
129	11	0.025000
129	35	0.045455
129	69	0.111111
129	78	0.083333
129	109	0.125000
129	122	0.111111
129	128	0.083333
129	141	0.142857
129	161	0.142857
130	7	0.031250
130	13	0.050000
130	32	0.045455
130	38	0.066667
130	52	0.076923
130	76	0.076923
130	90	0.090909
130	134	0.125000
131	1	0.020000
131	11	0.025000
131	31	0.083333
131	60	0.125000
131	87	0.100000
131	95	0.090909
131	128	0.083333
131	153	0.142857
131	169	0.125000
131	173	0.142857
131	174	0.142857
132	0	0.028571
132	1	0.020000
132	9	0.012346
132	55	0.052632
132	68	0.071429
132	85	0.076923
132	121	0.125000
133	11	0.025000
133	36	0.043478
133	48	0.055556
133	50	0.055556
133	58	0.090909
133	62	0.083333
133	70	0.100000
134	0	0.028571
134	10	0.035714
134	49	0.062500
134	59	0.076923
134	90	0.090909
134	100	0.083333
134	130	0.125000
134	161	0.142857
135	2	0.030303
135	14	0.021739
135	15	0.031250
135	30	0.071429
135	40	0.058824
135	125	0.111111
135	128	0.083333
135	142	0.125000
135	157	0.142857
135	163	0.142857
136	3	0.037037
136	9	0.012346
136	12	0.035714
136	19	0.035714
136	57	0.111111
136	86	0.090909
136	98	0.100000
137	14	0.021739
137	20	0.043478
137	21	0.045455
137	23	0.047619
137	33	0.038462
137	107	0.100000
137	110	0.090909
137	153	0.142857
137	170	0.125000
138	3	0.037037
138	23	0.047619
138	32	0.045455
138	40	0.058824
138	74	0.083333
138	77	0.111111
138	117	0.111111
138	140	0.142857
139	9	0.012346
139	13	0.050000
139	42	0.058824
139	46	0.083333
139	78	0.083333
139	109	0.125000
139	113	0.111111
139	155	0.142857
139	157	0.142857
139	164	0.142857
139	174	0.142857
140	5	0.037037
140	15	0.031250
140	19	0.035714
140	26	0.083333
140	43	0.062500
140	66	0.071429
140	138	0.125000
141	10	0.035714
141	11	0.025000
141	75	0.100000
141	82	0.083333
141	98	0.100000
141	117	0.111111
141	129	0.111111
142	10	0.035714
142	14	0.021739
142	15	0.031250
142	68	0.071429
142	81	0.071429
142	118	0.111111
142	135	0.100000
142	162	0.111111
143	1	0.020000
143	24	0.083333
143	33	0.038462
143	42	0.058824
143	59	0.076923
143	110	0.090909
143	115	0.090909
144	1	0.020000
144	9	0.012346
144	11	0.025000
144	33	0.038462
144	35	0.045455
144	36	0.043478
144	106	0.111111
144	150	0.100000
145	3	0.037037
145	9	0.012346
145	32	0.045455
145	36	0.043478
145	48	0.055556
145	68	0.071429
145	98	0.100000
146	8	0.017241
146	9	0.012346
146	16	0.076923
146	32	0.045455
146	36	0.043478
146	103	0.083333
146	108	0.090909
146	159	0.142857
147	1	0.020000
147	9	0.012346
147	22	0.050000
147	39	0.055556
147	40	0.058824
147	49	0.062500
147	115	0.090909
147	148	0.111111
148	17	0.050000
148	30	0.071429
148	36	0.043478
148	39	0.055556
148	95	0.090909
148	108	0.090909
148	147	0.125000
148	158	0.142857
148	172	0.125000
149	7	0.031250
149	34	0.045455
149	35	0.045455
149	40	0.058824
149	71	0.076923
149	101	0.090909
149	111	0.111111
149	166	0.142857
149	173	0.142857
149	174	0.142857
150	17	0.050000
150	30	0.071429
150	36	0.043478
150	86	0.090909
150	103	0.083333
150	114	0.125000
150	144	0.125000
150	155	0.142857
150	158	0.142857
150	161	0.142857
151	19	0.035714
151	46	0.083333
151	58	0.090909
151	59	0.076923
151	74	0.083333
151	81	0.071429
151	102	0.125000
152	15	0.031250
152	19	0.035714
152	35	0.045455
152	66	0.071429
152	70	0.100000
152	105	0.100000
152	120	0.125000
153	9	0.012346
153	10	0.035714
153	14	0.021739
153	55	0.052632
153	115	0.090909
153	131	0.090909
153	137	0.111111
154	10	0.035714
154	12	0.035714
154	15	0.031250
154	19	0.035714
154	24	0.083333
154	35	0.045455
154	53	0.071429
154	162	0.111111
154	167	0.142857
155	18	0.047619
155	40	0.058824
155	65	0.100000
155	78	0.083333
155	80	0.083333
155	139	0.090909
155	150	0.100000
156	0	0.028571
156	14	0.021739
156	20	0.043478
156	47	0.111111
156	57	0.111111
156	82	0.083333
156	113	0.111111
157	11	0.025000
157	14	0.021739
157	55	0.052632
157	111	0.111111
157	126	0.125000
157	135	0.100000
157	139	0.090909
158	1	0.020000
158	27	0.047619
158	70	0.100000
158	74	0.083333
158	100	0.083333
158	148	0.111111
158	150	0.100000
159	4	0.047619
159	9	0.012346
159	20	0.043478
159	29	0.083333
159	81	0.071429
159	123	0.125000
159	146	0.125000
160	11	0.025000
160	12	0.035714
160	28	0.055556
160	32	0.045455
160	45	0.040000
160	85	0.076923
160	87	0.100000
161	46	0.083333
161	71	0.076923
161	78	0.083333
161	124	0.125000
161	129	0.111111
161	134	0.125000
161	150	0.100000
162	1	0.020000
162	5	0.037037
162	7	0.031250
162	71	0.076923
162	97	0.111111
162	142	0.125000
162	154	0.111111
162	166	0.142857
162	167	0.142857
163	2	0.030303
163	6	0.071429
163	14	0.021739
163	23	0.047619
163	90	0.090909
163	110	0.090909
163	135	0.100000
164	2	0.030303
164	4	0.047619
164	11	0.025000
164	25	0.076923
164	26	0.083333
164	43	0.062500
164	139	0.090909
165	2	0.030303
165	8	0.017241
165	11	0.025000
165	13	0.050000
165	38	0.066667
165	40	0.058824
165	106	0.111111
166	20	0.043478
166	25	0.076923
166	34	0.045455
166	68	0.071429
166	80	0.083333
166	149	0.100000
166	162	0.111111
167	15	0.031250
167	18	0.047619
167	19	0.035714
167	26	0.083333
167	49	0.062500
167	154	0.111111
167	162	0.111111
168	33	0.038462
168	35	0.045455
168	39	0.055556
168	41	0.040000
168	55	0.052632
168	103	0.083333
168	115	0.090909
168	174	0.142857
169	11	0.025000
169	17	0.050000
169	41	0.040000
169	83	0.090909
169	95	0.090909
169	128	0.083333
169	131	0.090909
169	171	0.142857
170	8	0.017241
170	14	0.021739
170	26	0.083333
170	33	0.038462
170	82	0.083333
170	119	0.125000
170	137	0.111111
170	175	0.142857
171	33	0.038462
171	64	0.071429
171	72	0.090909
171	81	0.071429
171	100	0.083333
171	128	0.083333
171	169	0.125000
172	0	0.028571
172	1	0.020000
172	9	0.012346
172	39	0.055556
172	44	0.083333
172	108	0.090909
172	148	0.111111
172	173	0.142857
173	7	0.031250
173	48	0.055556
173	50	0.055556
173	56	0.125000
173	131	0.090909
173	149	0.100000
173	172	0.125000
174	1	0.020000
174	51	0.076923
174	73	0.100000
174	131	0.090909
174	139	0.090909
174	149	0.100000
174	168	0.125000
175	37	0.062500
175	39	0.055556
175	48	0.055556
175	49	0.062500
175	55	0.052632
175	92	0.100000
175	170	0.125000
176	10	0.035714
176	17	0.050000
176	37	0.062500
176	41	0.040000
176	47	0.111111
176	72	0.090909
176	118	0.111111
