178	2388
0	7	0.016129
0	8	0.020833
0	10	0.033333
0	12	0.028571
0	13	0.025000
0	16	0.040000
0	17	0.027778
0	26	0.066667
0	29	0.058824
0	45	0.076923
0	48	0.052632
0	54	0.090909
0	63	0.083333
0	70	0.090909
0	79	0.111111
0	82	0.062500
0	86	0.083333
0	89	0.125000
0	99	0.111111
0	121	0.111111
0	158	0.111111
0	160	0.142857
0	175	0.142857
0	176	0.142857
1	7	0.016129
1	8	0.020833
1	9	0.015873
1	10	0.033333
1	11	0.027778
1	12	0.028571
1	16	0.040000
1	17	0.027778
1	18	0.029412
1	19	0.024390
1	21	0.045455
1	23	0.055556
1	24	0.050000
1	25	0.047619
1	28	0.076923
1	29	0.058824
1	39	0.066667
1	42	0.062500
1	46	0.033333
1	50	0.076923
1	51	0.062500
1	53	0.055556
1	55	0.100000
1	62	0.090909
1	66	0.076923
1	77	0.055556
1	82	0.062500
1	83	0.111111
1	88	0.125000
1	89	0.125000
1	92	0.111111
1	100	0.125000
1	104	0.125000
1	112	0.125000
1	120	0.125000
1	122	0.142857
1	143	0.125000
1	144	0.142857
2	7	0.016129
2	11	0.027778
2	13	0.025000
2	14	0.034483
2	16	0.040000
2	28	0.076923
2	33	0.111111
2	34	0.041667
2	39	0.066667
2	48	0.052632
2	56	0.090909
2	64	0.071429
2	69	0.071429
2	96	0.142857
2	109	0.125000
2	111	0.083333
2	116	0.142857
2	118	0.111111
2	122	0.142857
2	125	0.142857
2	160	0.142857
2	163	0.142857
3	7	0.016129
3	8	0.020833
3	9	0.015873
3	11	0.027778
3	12	0.028571
3	14	0.034483
3	15	0.047619
3	18	0.029412
3	19	0.024390
3	20	0.111111
3	21	0.045455
3	23	0.055556
3	34	0.041667
3	37	0.029412
3	38	0.076923
3	42	0.062500
3	44	0.066667
3	52	0.071429
3	59	0.111111
3	62	0.090909
3	68	0.100000
3	74	0.111111
3	85	0.125000
3	89	0.125000
3	94	0.090909
3	102	0.100000
3	106	0.111111
3	113	0.100000
3	121	0.111111
3	123	0.125000
3	131	0.125000
3	153	0.142857
3	158	0.111111
3	165	0.142857
3	169	0.142857
4	7	0.016129
4	8	0.020833
4	9	0.015873
4	10	0.033333
4	14	0.034483
4	15	0.047619
4	17	0.027778
4	32	0.041667
4	37	0.029412
4	42	0.062500
4	52	0.071429
4	53	0.055556
4	68	0.100000
4	69	0.071429
4	92	0.111111
4	114	0.111111
4	121	0.111111
4	159	0.125000
5	7	0.016129
5	8	0.020833
5	9	0.015873
5	10	0.033333
5	11	0.027778
5	12	0.028571
5	35	0.045455
5	37	0.029412
5	43	0.100000
5	49	0.058824
5	59	0.111111
5	64	0.071429
5	65	0.090909
5	67	0.071429
5	71	0.111111
5	75	0.100000
5	77	0.055556
5	78	0.076923
5	80	0.090909
5	92	0.111111
5	96	0.142857
5	105	0.100000
5	110	0.090909
5	125	0.142857
5	126	0.125000
5	142	0.125000
5	143	0.125000
5	153	0.142857
5	155	0.142857
5	165	0.142857
5	166	0.142857
5	168	0.125000
6	7	0.016129
6	8	0.020833
6	9	0.015873
6	12	0.028571
6	13	0.025000
6	15	0.047619
6	17	0.027778
6	19	0.024390
6	20	0.111111
6	22	0.071429
6	26	0.066667
6	27	0.100000
6	28	0.076923
6	33	0.111111
6	43	0.100000
6	46	0.033333
6	49	0.058824
6	51	0.062500
6	54	0.090909
6	57	0.076923
6	58	0.071429
6	60	0.100000
6	61	0.066667
6	71	0.111111
6	74	0.111111
6	75	0.100000
6	79	0.111111
6	82	0.062500
6	84	0.142857
6	89	0.125000
6	105	0.100000
6	107	0.125000
6	109	0.125000
6	112	0.125000
6	114	0.111111
6	124	0.142857
6	131	0.125000
6	139	0.142857
6	140	0.142857
6	146	0.125000
6	150	0.142857
6	162	0.111111
6	166	0.142857
7	0	0.041667
7	1	0.026316
7	2	0.045455
7	3	0.028571
7	4	0.055556
7	5	0.031250
7	6	0.023256
7	8	0.020833
7	9	0.015873
7	10	0.033333
7	11	0.027778
7	12	0.028571
7	13	0.025000
7	14	0.034483
7	15	0.047619
7	16	0.040000
7	18	0.029412
7	20	0.111111
7	23	0.055556
7	25	0.047619
7	26	0.066667
7	31	0.076923
7	33	0.111111
7	36	0.071429
7	40	0.047619
7	43	0.100000
7	44	0.066667
7	46	0.033333
7	49	0.058824
7	60	0.100000
7	62	0.090909
7	63	0.083333
7	65	0.090909
7	66	0.076923
7	67	0.071429
7	69	0.071429
7	72	0.090909
7	74	0.111111
7	78	0.076923
7	84	0.142857
7	85	0.125000
7	87	0.066667
7	89	0.125000
7	95	0.100000
7	99	0.111111
7	101	0.142857
7	116	0.142857
7	117	0.125000
7	120	0.125000
7	124	0.142857
7	127	0.125000
7	128	0.125000
7	133	0.125000
7	134	0.142857
7	141	0.142857
7	148	0.125000
7	152	0.142857
7	153	0.142857
7	163	0.142857
7	164	0.125000
7	173	0.125000
7	174	0.142857
8	0	0.041667
8	1	0.026316
8	3	0.028571
8	4	0.055556
8	5	0.031250
8	6	0.023256
8	7	0.016129
8	9	0.015873
8	11	0.027778
8	12	0.028571
8	13	0.025000
8	15	0.047619
8	17	0.027778
8	20	0.111111
8	21	0.045455
8	23	0.055556
8	24	0.050000
8	26	0.066667
8	31	0.076923
8	33	0.111111
8	35	0.045455
8	38	0.076923
8	40	0.047619
8	41	0.071429
8	42	0.062500
8	49	0.058824
8	57	0.076923
8	70	0.090909
8	73	0.142857
8	75	0.100000
8	82	0.062500
8	90	0.142857
8	93	0.111111
8	94	0.090909
8	98	0.125000
8	109	0.125000
8	110	0.090909
8	117	0.125000
8	119	0.142857
8	120	0.125000
8	128	0.125000
8	130	0.125000
8	136	0.142857
8	139	0.142857
8	141	0.142857
8	152	0.142857
8	161	0.142857
8	174	0.142857
9	1	0.026316
9	3	0.028571
9	4	0.055556
9	5	0.031250
9	6	0.023256
9	7	0.016129
9	8	0.020833
9	10	0.033333
9	11	0.027778
9	13	0.025000
9	14	0.034483
9	15	0.047619
9	17	0.027778
9	21	0.045455
9	24	0.050000
9	25	0.047619
9	26	0.066667
9	30	0.090909
9	32	0.041667
9	36	0.071429
9	38	0.076923
9	39	0.066667
9	41	0.071429
9	44	0.066667
9	45	0.076923
9	47	0.055556
9	50	0.076923
9	53	0.055556
9	59	0.111111
9	61	0.066667
9	62	0.090909
9	63	0.083333
9	76	0.100000
9	78	0.076923
9	84	0.142857
9	87	0.066667
9	88	0.125000
9	92	0.111111
9	97	0.111111
9	98	0.125000
9	100	0.125000
9	106	0.111111
9	109	0.125000
9	110	0.090909
9	111	0.083333
9	115	0.111111
9	120	0.125000
9	121	0.111111
9	122	0.142857
9	126	0.125000
9	128	0.125000
9	133	0.125000
9	137	0.125000
9	147	0.125000
9	150	0.142857
9	154	0.142857
9	162	0.111111
9	164	0.125000
9	169	0.142857
9	170	0.142857
9	171	0.142857
9	173	0.125000
9	175	0.142857
10	0	0.041667
10	1	0.026316
10	4	0.055556
10	5	0.031250
10	7	0.016129
10	9	0.015873
10	14	0.034483
10	16	0.040000
10	18	0.029412
10	19	0.024390
10	20	0.111111
10	21	0.045455
10	24	0.050000
10	26	0.066667
10	29	0.058824
10	30	0.090909
10	33	0.111111
10	35	0.045455
10	38	0.076923
10	40	0.047619
10	45	0.076923
10	72	0.090909
10	75	0.100000
10	81	0.100000
10	86	0.083333
10	90	0.142857
10	107	0.125000
10	111	0.083333
10	149	0.125000
10	169	0.142857
11	1	0.026316
11	2	0.045455
11	3	0.028571
11	5	0.031250
11	7	0.016129
11	8	0.020833
11	9	0.015873
11	13	0.025000
11	14	0.034483
11	15	0.047619
11	18	0.029412
11	19	0.024390
11	21	0.045455
11	22	0.071429
11	29	0.058824
11	31	0.076923
11	32	0.041667
11	44	0.066667
11	59	0.111111
11	66	0.076923
11	72	0.090909
11	73	0.142857
11	74	0.111111
11	77	0.055556
11	80	0.090909
11	82	0.062500
11	93	0.111111
11	94	0.090909
11	97	0.111111
11	113	0.100000
11	122	0.142857
11	130	0.125000
11	137	0.125000
11	151	0.125000
11	161	0.142857
11	164	0.125000
12	0	0.041667
12	1	0.026316
12	3	0.028571
12	5	0.031250
12	6	0.023256
12	7	0.016129
12	8	0.020833
12	16	0.040000
12	17	0.027778
12	18	0.029412
12	19	0.024390
12	24	0.050000
12	27	0.100000
12	30	0.090909
12	31	0.076923
12	39	0.066667
12	40	0.047619
12	44	0.066667
12	50	0.076923
12	52	0.071429
12	53	0.055556
12	54	0.090909
12	58	0.071429
12	68	0.100000
12	71	0.111111
12	98	0.125000
12	108	0.090909
12	117	0.125000
12	132	0.125000
12	135	0.125000
12	140	0.142857
12	149	0.125000
12	154	0.142857
12	171	0.142857
12	176	0.142857
13	0	0.041667
13	2	0.045455
13	6	0.023256
13	7	0.016129
13	8	0.020833
13	9	0.015873
13	11	0.027778
13	20	0.111111
13	22	0.071429
13	23	0.055556
13	26	0.066667
13	27	0.100000
13	28	0.076923
13	30	0.090909
13	32	0.041667
13	34	0.041667
13	37	0.029412
13	46	0.033333
13	48	0.052632
13	55	0.100000
13	60	0.100000
13	61	0.066667
13	66	0.076923
13	78	0.076923
13	83	0.111111
13	84	0.142857
13	97	0.111111
13	101	0.142857
13	102	0.100000
13	137	0.125000
13	148	0.125000
13	151	0.125000
13	153	0.142857
13	154	0.142857
13	157	0.142857
13	163	0.142857
13	164	0.125000
13	165	0.142857
13	167	0.125000
13	173	0.125000
14	2	0.045455
14	3	0.028571
14	4	0.055556
14	7	0.016129
14	9	0.015873
14	10	0.033333
14	11	0.027778
14	16	0.040000
14	18	0.029412
14	23	0.055556
14	24	0.050000
14	27	0.100000
14	36	0.071429
14	45	0.076923
14	52	0.071429
14	56	0.090909
14	65	0.090909
14	67	0.071429
14	87	0.066667
14	91	0.125000
14	94	0.090909
14	106	0.111111
14	111	0.083333
14	130	0.125000
14	138	0.142857
14	149	0.125000
14	165	0.142857
14	167	0.125000
14	168	0.125000
15	3	0.028571
15	4	0.055556
15	6	0.023256
15	7	0.016129
15	8	0.020833
15	9	0.015873
15	11	0.027778
15	22	0.071429
15	28	0.076923
15	30	0.090909
15	36	0.071429
15	44	0.066667
15	47	0.055556
15	48	0.052632
15	55	0.100000
15	89	0.125000
15	104	0.125000
15	127	0.125000
15	157	0.142857
15	172	0.142857
15	174	0.142857
16	0	0.041667
16	1	0.026316
16	2	0.045455
16	7	0.016129
16	10	0.033333
16	12	0.028571
16	14	0.034483
16	22	0.071429
16	25	0.047619
16	29	0.058824
16	32	0.041667
16	47	0.055556
16	53	0.055556
16	57	0.076923
16	70	0.090909
16	71	0.111111
16	84	0.142857
16	88	0.125000
16	91	0.125000
16	105	0.100000
16	127	0.125000
16	131	0.125000
16	143	0.125000
16	163	0.142857
16	171	0.142857
17	0	0.041667
17	1	0.026316
17	4	0.055556
17	6	0.023256
17	8	0.020833
17	9	0.015873
17	12	0.028571
17	22	0.071429
17	24	0.050000
17	25	0.047619
17	28	0.076923
17	31	0.076923
17	35	0.045455
17	37	0.029412
17	38	0.076923
17	40	0.047619
17	42	0.062500
17	43	0.100000
17	51	0.062500
17	61	0.066667
17	63	0.083333
17	64	0.071429
17	71	0.111111
17	73	0.142857
17	90	0.142857
17	102	0.100000
17	115	0.111111
17	124	0.142857
17	129	0.142857
17	135	0.125000
17	145	0.125000
17	151	0.125000
17	157	0.142857
17	163	0.142857
17	170	0.142857
17	175	0.142857
18	1	0.026316
18	3	0.028571
18	7	0.016129
18	10	0.033333
18	11	0.027778
18	12	0.028571
18	14	0.034483
18	19	0.024390
18	20	0.111111
18	25	0.047619
18	27	0.100000
18	30	0.090909
18	36	0.071429
18	37	0.029412
18	39	0.066667
18	42	0.062500
18	43	0.100000
18	44	0.066667
18	46	0.033333
18	58	0.071429
18	60	0.100000
18	66	0.076923
18	72	0.090909
18	74	0.111111
18	78	0.076923
18	98	0.125000
18	100	0.125000
18	103	0.125000
18	132	0.125000
18	133	0.125000
18	139	0.142857
18	147	0.125000
18	162	0.111111
18	176	0.142857
19	1	0.026316
19	3	0.028571
19	6	0.023256
19	10	0.033333
19	11	0.027778
19	12	0.028571
19	18	0.029412
19	21	0.045455
19	22	0.071429
19	25	0.047619
19	27	0.100000
19	30	0.090909
19	32	0.041667
19	34	0.041667
19	35	0.045455
19	38	0.076923
19	41	0.071429
19	47	0.055556
19	51	0.062500
19	52	0.071429
19	57	0.076923
19	58	0.071429
19	63	0.083333
19	66	0.076923
19	73	0.142857
19	75	0.100000
19	79	0.111111
19	80	0.090909
19	81	0.100000
19	87	0.066667
19	95	0.100000
19	96	0.142857
19	99	0.111111
19	112	0.125000
19	113	0.100000
19	114	0.111111
19	136	0.142857
19	151	0.125000
19	167	0.125000
19	174	0.142857
19	176	0.142857
20	3	0.028571
20	6	0.023256
20	7	0.016129
20	8	0.020833
20	10	0.033333
20	13	0.025000
20	18	0.029412
20	75	0.100000
20	113	0.100000
21	1	0.026316
21	3	0.028571
21	8	0.020833
21	9	0.015873
21	10	0.033333
21	11	0.027778
21	19	0.024390
21	36	0.071429
21	38	0.076923
21	47	0.055556
21	80	0.090909
21	85	0.125000
21	99	0.111111
21	112	0.125000
21	118	0.111111
21	124	0.142857
21	126	0.125000
21	127	0.125000
21	131	0.125000
21	133	0.125000
21	135	0.125000
21	154	0.142857
22	6	0.023256
22	11	0.027778
22	13	0.025000
22	15	0.047619
22	16	0.040000
22	17	0.027778
22	19	0.024390
22	23	0.055556
22	34	0.041667
22	40	0.047619
22	48	0.052632
22	55	0.100000
22	125	0.142857
22	172	0.142857
23	1	0.026316
23	3	0.028571
23	7	0.016129
23	8	0.020833
23	13	0.025000
23	14	0.034483
23	22	0.071429
23	37	0.029412
23	58	0.071429
23	61	0.066667
23	67	0.071429
23	92	0.111111
23	94	0.090909
23	95	0.100000
23	96	0.142857
23	104	0.125000
23	114	0.111111
23	153	0.142857
24	1	0.026316
24	8	0.020833
24	9	0.015873
24	10	0.033333
24	12	0.028571
24	14	0.034483
24	17	0.027778
24	27	0.100000
24	28	0.076923
24	32	0.041667
24	34	0.041667
24	39	0.066667
24	55	0.100000
24	69	0.071429
24	72	0.090909
24	104	0.125000
24	129	0.142857
24	135	0.125000
24	145	0.125000
24	165	0.142857
25	1	0.026316
25	7	0.016129
25	9	0.015873
25	16	0.040000
25	17	0.027778
25	18	0.029412
25	19	0.024390
25	34	0.041667
25	40	0.047619
25	41	0.071429
25	51	0.062500
25	59	0.111111
25	64	0.071429
25	79	0.111111
25	84	0.142857
25	93	0.111111
25	94	0.090909
25	99	0.111111
25	160	0.142857
25	166	0.142857
25	177	0.142857
26	0	0.041667
26	6	0.023256
26	7	0.016129
26	8	0.020833
26	9	0.015873
26	10	0.033333
26	13	0.025000
26	29	0.058824
26	33	0.111111
26	95	0.100000
26	103	0.125000
26	108	0.090909
26	110	0.090909
26	127	0.125000
26	138	0.142857
27	6	0.023256
27	12	0.028571
27	13	0.025000
27	14	0.034483
27	18	0.029412
27	19	0.024390
27	24	0.050000
27	29	0.058824
27	41	0.071429
27	51	0.062500
28	1	0.026316
28	2	0.045455
28	6	0.023256
28	13	0.025000
28	15	0.047619
28	17	0.027778
28	24	0.050000
28	31	0.076923
28	42	0.062500
28	83	0.111111
28	91	0.125000
28	113	0.100000
28	150	0.142857
29	0	0.041667
29	1	0.026316
29	10	0.033333
29	11	0.027778
29	16	0.040000
29	26	0.066667
29	27	0.100000
29	31	0.076923
29	45	0.076923
29	66	0.076923
29	87	0.066667
29	88	0.125000
29	99	0.111111
29	111	0.083333
29	115	0.111111
29	119	0.142857
29	169	0.142857
30	9	0.015873
30	10	0.033333
30	12	0.028571
30	13	0.025000
30	15	0.047619
30	18	0.029412
30	19	0.024390
30	97	0.111111
30	103	0.125000
30	134	0.142857
30	136	0.142857
31	7	0.016129
31	8	0.020833
31	11	0.027778
31	12	0.028571
31	17	0.027778
31	28	0.076923
31	29	0.058824
31	35	0.045455
31	56	0.090909
31	86	0.083333
31	118	0.111111
31	119	0.142857
31	172	0.142857
32	4	0.055556
32	9	0.015873
32	11	0.027778
32	13	0.025000
32	16	0.040000
32	19	0.024390
32	24	0.050000
32	33	0.111111
32	43	0.100000
32	47	0.055556
32	50	0.076923
32	57	0.076923
32	60	0.100000
32	70	0.090909
32	85	0.125000
32	89	0.125000
32	93	0.111111
32	97	0.111111
32	102	0.100000
32	115	0.111111
32	129	0.142857
32	162	0.111111
32	166	0.142857
32	172	0.142857
33	2	0.045455
33	6	0.023256
33	7	0.016129
33	8	0.020833
33	10	0.033333
33	26	0.066667
33	32	0.041667
33	76	0.100000
33	131	0.125000
34	2	0.045455
34	3	0.028571
34	13	0.025000
34	19	0.024390
34	22	0.071429
34	24	0.050000
34	25	0.047619
34	35	0.045455
34	39	0.066667
34	41	0.071429
34	48	0.052632
34	60	0.100000
34	70	0.090909
34	85	0.125000
34	86	0.083333
34	90	0.142857
34	95	0.100000
34	96	0.142857
34	104	0.125000
34	107	0.125000
34	139	0.142857
34	145	0.125000
34	157	0.142857
34	165	0.142857
35	5	0.031250
35	8	0.020833
35	10	0.033333
35	17	0.027778
35	19	0.024390
35	31	0.076923
35	34	0.041667
35	36	0.071429
35	49	0.058824
35	50	0.076923
35	56	0.090909
35	62	0.090909
35	63	0.083333
35	80	0.090909
35	91	0.125000
35	105	0.100000
35	122	0.142857
35	126	0.125000
35	156	0.125000
35	160	0.142857
35	163	0.142857
35	174	0.142857
36	7	0.016129
36	9	0.015873
36	14	0.034483
36	15	0.047619
36	18	0.029412
36	21	0.045455
36	35	0.045455
36	45	0.076923
36	50	0.076923
36	65	0.090909
36	67	0.071429
36	118	0.111111
36	134	0.142857
36	177	0.142857
37	3	0.028571
37	4	0.055556
37	5	0.031250
37	13	0.025000
37	17	0.027778
37	18	0.029412
37	23	0.055556
37	46	0.033333
37	50	0.076923
37	52	0.071429
37	56	0.090909
37	65	0.090909
37	68	0.100000
37	71	0.111111
37	73	0.142857
37	74	0.111111
37	83	0.111111
37	91	0.125000
37	102	0.100000
37	103	0.125000
37	107	0.125000
37	112	0.125000
37	114	0.111111
37	123	0.125000
37	124	0.142857
37	132	0.125000
37	136	0.142857
37	139	0.142857
37	141	0.142857
37	143	0.125000
37	146	0.125000
37	156	0.125000
37	161	0.142857
37	176	0.142857
38	3	0.028571
38	8	0.020833
38	9	0.015873
38	10	0.033333
38	17	0.027778
38	19	0.024390
38	21	0.045455
38	41	0.071429
38	45	0.076923
38	51	0.062500
38	53	0.055556
38	104	0.125000
38	141	0.142857
39	1	0.026316
39	2	0.045455
39	9	0.015873
39	12	0.028571
39	18	0.029412
39	24	0.050000
39	34	0.041667
39	43	0.100000
39	49	0.058824
39	65	0.090909
39	76	0.100000
39	129	0.142857
39	144	0.142857
39	158	0.111111
39	169	0.142857
40	7	0.016129
40	8	0.020833
40	10	0.033333
40	12	0.028571
40	17	0.027778
40	22	0.071429
40	25	0.047619
40	47	0.055556
40	54	0.090909
40	61	0.066667
40	90	0.142857
40	98	0.125000
40	105	0.100000
40	107	0.125000
40	116	0.142857
40	138	0.142857
40	144	0.142857
40	146	0.125000
40	163	0.142857
40	171	0.142857
40	176	0.142857
41	8	0.020833
41	9	0.015873
41	19	0.024390
41	25	0.047619
41	27	0.100000
41	34	0.041667
41	38	0.076923
41	58	0.071429
41	77	0.055556
41	88	0.125000
41	95	0.100000
41	104	0.125000
41	149	0.125000
41	172	0.142857
42	1	0.026316
42	3	0.028571
42	4	0.055556
42	8	0.020833
42	17	0.027778
42	18	0.029412
42	28	0.076923
42	55	0.100000
42	60	0.100000
42	68	0.100000
42	83	0.111111
42	88	0.125000
42	136	0.142857
42	139	0.142857
42	159	0.125000
42	167	0.125000
43	5	0.031250
43	6	0.023256
43	7	0.016129
43	17	0.027778
43	18	0.029412
43	32	0.041667
43	39	0.066667
43	101	0.142857
43	142	0.125000
43	144	0.142857
44	3	0.028571
44	7	0.016129
44	9	0.015873
44	11	0.027778
44	12	0.028571
44	15	0.047619
44	18	0.029412
44	53	0.055556
44	63	0.083333
44	71	0.111111
44	74	0.111111
44	106	0.111111
44	119	0.142857
44	147	0.125000
44	149	0.125000
45	0	0.041667
45	9	0.015873
45	10	0.033333
45	14	0.034483
45	29	0.058824
45	36	0.071429
45	38	0.076923
45	54	0.090909
45	57	0.076923
45	72	0.090909
45	77	0.055556
45	88	0.125000
45	120	0.125000
46	1	0.026316
46	6	0.023256
46	7	0.016129
46	13	0.025000
46	18	0.029412
46	37	0.029412
46	49	0.058824
46	52	0.071429
46	55	0.100000
46	56	0.090909
46	64	0.071429
46	65	0.090909
46	73	0.142857
46	81	0.100000
46	93	0.111111
46	98	0.125000
46	105	0.100000
46	106	0.111111
46	111	0.083333
46	116	0.142857
46	118	0.111111
46	120	0.125000
46	124	0.142857
46	136	0.142857
46	137	0.125000
46	151	0.125000
46	155	0.142857
46	158	0.111111
46	159	0.125000
46	175	0.142857
47	9	0.015873
47	15	0.047619
47	16	0.040000
47	19	0.024390
47	21	0.045455
47	32	0.041667
47	40	0.047619
47	59	0.111111
47	79	0.111111
47	86	0.083333
47	91	0.125000
47	103	0.125000
47	116	0.142857
47	117	0.125000
47	132	0.125000
47	140	0.142857
47	149	0.125000
47	175	0.142857
48	0	0.041667
48	2	0.045455
48	13	0.025000
48	15	0.047619
48	22	0.071429
48	34	0.041667
48	54	0.090909
48	68	0.100000
48	69	0.071429
48	76	0.100000
48	93	0.111111
48	97	0.111111
48	103	0.125000
48	107	0.125000
48	119	0.142857
48	126	0.125000
48	128	0.125000
48	155	0.142857
48	162	0.111111
49	5	0.031250
49	6	0.023256
49	7	0.016129
49	8	0.020833
49	35	0.045455
49	39	0.066667
49	46	0.033333
49	54	0.090909
49	56	0.090909
49	57	0.076923
49	69	0.071429
49	70	0.090909
49	101	0.142857
49	125	0.142857
49	138	0.142857
49	157	0.142857
49	174	0.142857
50	1	0.026316
50	9	0.015873
50	12	0.028571
50	32	0.041667
50	35	0.045455
50	36	0.071429
50	37	0.029412
50	80	0.090909
50	85	0.125000
50	101	0.142857
50	129	0.142857
50	132	0.125000
50	156	0.125000
51	1	0.026316
51	6	0.023256
51	17	0.027778
51	19	0.024390
51	25	0.047619
51	27	0.100000
51	38	0.076923
51	59	0.111111
51	64	0.071429
51	77	0.055556
51	81	0.100000
51	102	0.100000
51	151	0.125000
51	160	0.142857
51	162	0.111111
51	168	0.125000
52	3	0.028571
52	4	0.055556
52	12	0.028571
52	14	0.034483
52	19	0.024390
52	37	0.029412
52	46	0.033333
52	64	0.071429
52	101	0.142857
52	109	0.125000
52	123	0.125000
52	137	0.125000
52	168	0.125000
52	173	0.125000
53	1	0.026316
53	4	0.055556
53	9	0.015873
53	12	0.028571
53	16	0.040000
53	38	0.076923
53	44	0.066667
53	103	0.125000
53	108	0.090909
53	111	0.083333
53	121	0.111111
53	125	0.142857
53	127	0.125000
53	142	0.125000
53	147	0.125000
53	158	0.111111
53	167	0.125000
53	170	0.142857
54	0	0.041667
54	6	0.023256
54	12	0.028571
54	40	0.047619
54	45	0.076923
54	48	0.052632
54	49	0.058824
54	78	0.076923
54	99	0.111111
54	114	0.111111
54	132	0.125000
55	1	0.026316
55	13	0.025000
55	15	0.047619
55	22	0.071429
55	24	0.050000
55	42	0.062500
55	46	0.033333
55	58	0.071429
55	62	0.090909
55	113	0.100000
56	2	0.045455
56	14	0.034483
56	31	0.076923
56	35	0.045455
56	37	0.029412
56	46	0.033333
56	49	0.058824
56	73	0.142857
56	78	0.076923
56	117	0.125000
56	130	0.125000
57	6	0.023256
57	8	0.020833
57	16	0.040000
57	19	0.024390
57	32	0.041667
57	45	0.076923
57	49	0.058824
57	61	0.066667
57	76	0.100000
57	77	0.055556
57	108	0.090909
57	152	0.142857
57	173	0.125000
58	6	0.023256
58	12	0.028571
58	18	0.029412
58	19	0.024390
58	23	0.055556
58	41	0.071429
58	55	0.100000
58	62	0.090909
58	95	0.100000
58	110	0.090909
58	123	0.125000
58	125	0.142857
58	159	0.125000
58	161	0.142857
59	3	0.028571
59	5	0.031250
59	9	0.015873
59	11	0.027778
59	25	0.047619
59	47	0.055556
59	51	0.062500
59	79	0.111111
59	145	0.125000
60	6	0.023256
60	7	0.016129
60	13	0.025000
60	18	0.029412
60	32	0.041667
60	34	0.041667
60	42	0.062500
60	100	0.125000
60	138	0.142857
60	156	0.125000
61	6	0.023256
61	9	0.015873
61	13	0.025000
61	17	0.027778
61	23	0.055556
61	40	0.047619
61	57	0.076923
61	67	0.071429
61	81	0.100000
61	108	0.090909
61	123	0.125000
61	127	0.125000
61	128	0.125000
61	135	0.125000
61	156	0.125000
62	1	0.026316
62	3	0.028571
62	7	0.016129
62	9	0.015873
62	35	0.045455
62	55	0.100000
62	58	0.071429
62	67	0.071429
62	92	0.111111
62	141	0.142857
62	170	0.142857
63	0	0.041667
63	7	0.016129
63	9	0.015873
63	17	0.027778
63	19	0.024390
63	35	0.045455
63	44	0.066667
63	96	0.142857
63	98	0.125000
63	134	0.142857
63	170	0.142857
63	177	0.142857
64	2	0.045455
64	5	0.031250
64	17	0.027778
64	25	0.047619
64	46	0.033333
64	51	0.062500
64	52	0.071429
64	79	0.111111
64	116	0.142857
64	118	0.111111
64	131	0.125000
64	133	0.125000
64	136	0.142857
64	166	0.142857
65	5	0.031250
65	7	0.016129
65	14	0.034483
65	36	0.071429
65	37	0.029412
65	39	0.066667
65	46	0.033333
65	69	0.071429
65	76	0.100000
65	90	0.142857
65	129	0.142857
66	1	0.026316
66	7	0.016129
66	11	0.027778
66	13	0.025000
66	18	0.029412
66	19	0.024390
66	29	0.058824
66	68	0.100000
66	72	0.090909
66	105	0.100000
66	146	0.125000
66	148	0.125000
66	177	0.142857
67	5	0.031250
67	7	0.016129
67	14	0.034483
67	23	0.055556
67	36	0.071429
67	61	0.066667
67	62	0.090909
67	75	0.100000
67	82	0.062500
67	85	0.125000
67	123	0.125000
67	140	0.142857
67	159	0.125000
67	165	0.142857
68	3	0.028571
68	4	0.055556
68	12	0.028571
68	37	0.029412
68	42	0.062500
68	48	0.052632
68	66	0.076923
68	76	0.100000
68	90	0.142857
68	93	0.111111
69	2	0.045455
69	4	0.055556
69	7	0.016129
69	24	0.050000
69	48	0.052632
69	49	0.058824
69	65	0.090909
69	70	0.090909
69	94	0.090909
69	110	0.090909
69	124	0.142857
69	137	0.125000
69	144	0.142857
69	147	0.125000
70	0	0.041667
70	8	0.020833
70	16	0.040000
70	32	0.041667
70	34	0.041667
70	49	0.058824
70	69	0.071429
70	147	0.125000
70	148	0.125000
70	150	0.142857
70	171	0.142857
71	5	0.031250
71	6	0.023256
71	12	0.028571
71	16	0.040000
71	17	0.027778
71	37	0.029412
71	44	0.066667
71	86	0.083333
71	114	0.111111
72	7	0.016129
72	10	0.033333
72	11	0.027778
72	18	0.029412
72	24	0.050000
72	45	0.076923
72	66	0.076923
72	81	0.100000
72	129	0.142857
72	134	0.142857
72	170	0.142857
73	8	0.020833
73	11	0.027778
73	17	0.027778
73	19	0.024390
73	37	0.029412
73	46	0.033333
73	56	0.090909
74	3	0.028571
74	6	0.023256
74	7	0.016129
74	11	0.027778
74	18	0.029412
74	37	0.029412
74	44	0.066667
74	96	0.142857
74	134	0.142857
75	5	0.031250
75	6	0.023256
75	8	0.020833
75	10	0.033333
75	19	0.024390
75	20	0.111111
75	67	0.071429
75	92	0.111111
75	140	0.142857
75	166	0.142857
76	9	0.015873
76	33	0.111111
76	39	0.066667
76	48	0.052632
76	57	0.076923
76	65	0.090909
76	68	0.100000
76	83	0.111111
76	144	0.142857
76	155	0.142857
77	1	0.026316
77	5	0.031250
77	11	0.027778
77	41	0.071429
77	45	0.076923
77	51	0.062500
77	57	0.076923
77	81	0.100000
77	82	0.062500
77	84	0.142857
77	87	0.066667
77	107	0.125000
77	108	0.090909
77	118	0.111111
77	122	0.142857
77	132	0.125000
77	152	0.142857
77	168	0.125000
78	5	0.031250
78	7	0.016129
78	9	0.015873
78	13	0.025000
78	18	0.029412
78	54	0.090909
78	56	0.090909
78	80	0.090909
78	97	0.111111
78	109	0.125000
78	113	0.100000
78	137	0.125000
78	152	0.142857
79	0	0.041667
79	6	0.023256
79	19	0.024390
79	25	0.047619
79	47	0.055556
79	59	0.111111
79	64	0.071429
79	91	0.125000
79	112	0.125000
80	5	0.031250
80	11	0.027778
80	19	0.024390
80	21	0.045455
80	35	0.045455
80	50	0.076923
80	78	0.076923
80	100	0.125000
80	109	0.125000
80	138	0.142857
80	145	0.125000
81	10	0.033333
81	19	0.024390
81	46	0.033333
81	51	0.062500
81	61	0.066667
81	72	0.090909
81	77	0.055556
81	102	0.100000
81	121	0.111111
81	135	0.125000
82	0	0.041667
82	1	0.026316
82	6	0.023256
82	8	0.020833
82	11	0.027778
82	67	0.071429
82	77	0.055556
82	83	0.111111
82	87	0.066667
82	115	0.111111
82	130	0.125000
82	131	0.125000
82	142	0.125000
82	144	0.142857
82	160	0.142857
82	161	0.142857
83	1	0.026316
83	13	0.025000
83	28	0.076923
83	37	0.029412
83	42	0.062500
83	76	0.100000
83	82	0.062500
83	86	0.083333
83	120	0.125000
84	6	0.023256
84	7	0.016129
84	9	0.015873
84	13	0.025000
84	16	0.040000
84	25	0.047619
84	77	0.055556
85	3	0.028571
85	7	0.016129
85	21	0.045455
85	32	0.041667
85	34	0.041667
85	50	0.076923
85	67	0.071429
85	100	0.125000
86	0	0.041667
86	10	0.033333
86	31	0.076923
86	34	0.041667
86	47	0.055556
86	71	0.111111
86	83	0.111111
86	110	0.090909
86	112	0.125000
86	119	0.142857
86	145	0.125000
86	152	0.142857
87	7	0.016129
87	9	0.015873
87	14	0.034483
87	19	0.024390
87	29	0.058824
87	77	0.055556
87	82	0.062500
87	100	0.125000
87	101	0.142857
87	115	0.111111
87	134	0.142857
87	141	0.142857
87	142	0.125000
87	155	0.142857
87	161	0.142857
88	1	0.026316
88	9	0.015873
88	16	0.040000
88	29	0.058824
88	41	0.071429
88	42	0.062500
88	45	0.076923
88	156	0.125000
89	0	0.041667
89	1	0.026316
89	3	0.028571
89	6	0.023256
89	7	0.016129
89	15	0.047619
89	32	0.041667
89	158	0.111111
90	8	0.020833
90	10	0.033333
90	17	0.027778
90	34	0.041667
90	40	0.047619
90	65	0.090909
90	68	0.100000
91	14	0.034483
91	16	0.040000
91	28	0.076923
91	35	0.045455
91	37	0.029412
91	47	0.055556
91	79	0.111111
91	138	0.142857
92	1	0.026316
92	4	0.055556
92	5	0.031250
92	9	0.015873
92	23	0.055556
92	62	0.090909
92	75	0.100000
92	119	0.142857
92	142	0.125000
93	8	0.020833
93	11	0.027778
93	25	0.047619
93	32	0.041667
93	46	0.033333
93	48	0.052632
93	68	0.100000
93	155	0.142857
93	170	0.142857
94	3	0.028571
94	8	0.020833
94	11	0.027778
94	14	0.034483
94	23	0.055556
94	25	0.047619
94	69	0.071429
94	106	0.111111
94	143	0.125000
94	164	0.125000
94	171	0.142857
95	7	0.016129
95	19	0.024390
95	23	0.055556
95	26	0.066667
95	34	0.041667
95	41	0.071429
95	58	0.071429
95	116	0.142857
95	169	0.142857
95	177	0.142857
96	2	0.045455
96	5	0.031250
96	19	0.024390
96	23	0.055556
96	34	0.041667
96	63	0.083333
96	74	0.111111
97	9	0.015873
97	11	0.027778
97	13	0.025000
97	30	0.090909
97	32	0.041667
97	48	0.052632
97	78	0.076923
97	121	0.111111
97	141	0.142857
98	8	0.020833
98	9	0.015873
98	12	0.028571
98	18	0.029412
98	40	0.047619
98	46	0.033333
98	63	0.083333
98	106	0.111111
99	0	0.041667
99	7	0.016129
99	19	0.024390
99	21	0.045455
99	25	0.047619
99	29	0.058824
99	54	0.090909
99	140	0.142857
99	159	0.125000
100	1	0.026316
100	9	0.015873
100	18	0.029412
100	60	0.100000
100	80	0.090909
100	85	0.125000
100	87	0.066667
100	133	0.125000
101	7	0.016129
101	13	0.025000
101	43	0.100000
101	49	0.058824
101	50	0.076923
101	52	0.071429
101	87	0.066667
102	3	0.028571
102	13	0.025000
102	17	0.027778
102	32	0.041667
102	37	0.029412
102	51	0.062500
102	81	0.100000
102	130	0.125000
102	148	0.125000
102	153	0.142857
103	18	0.029412
103	26	0.066667
103	30	0.090909
103	37	0.029412
103	47	0.055556
103	48	0.052632
103	53	0.055556
103	154	0.142857
104	1	0.026316
104	15	0.047619
104	23	0.055556
104	24	0.050000
104	34	0.041667
104	38	0.076923
104	41	0.071429
104	150	0.142857
105	5	0.031250
105	6	0.023256
105	16	0.040000
105	35	0.045455
105	40	0.047619
105	46	0.033333
105	66	0.076923
105	108	0.090909
105	117	0.125000
105	160	0.142857
106	3	0.028571
106	9	0.015873
106	14	0.034483
106	44	0.066667
106	46	0.033333
106	94	0.090909
106	98	0.125000
106	122	0.142857
106	156	0.125000
107	6	0.023256
107	10	0.033333
107	34	0.041667
107	37	0.029412
107	40	0.047619
107	48	0.052632
107	77	0.055556
107	115	0.111111
108	12	0.028571
108	26	0.066667
108	53	0.055556
108	57	0.076923
108	61	0.066667
108	77	0.055556
108	105	0.100000
108	126	0.125000
108	149	0.125000
108	150	0.142857
108	167	0.125000
109	2	0.045455
109	6	0.023256
109	8	0.020833
109	9	0.015873
109	52	0.071429
109	78	0.076923
109	80	0.090909
109	173	0.125000
110	5	0.031250
110	8	0.020833
110	9	0.015873
110	26	0.066667
110	58	0.071429
110	69	0.071429
110	86	0.083333
110	150	0.142857
110	152	0.142857
110	155	0.142857
110	157	0.142857
111	2	0.045455
111	9	0.015873
111	10	0.033333
111	14	0.034483
111	29	0.058824
111	46	0.033333
111	53	0.055556
111	117	0.125000
111	125	0.142857
111	128	0.125000
111	130	0.125000
111	146	0.125000
112	1	0.026316
112	6	0.023256
112	19	0.024390
112	21	0.045455
112	37	0.029412
112	79	0.111111
112	86	0.083333
112	123	0.125000
113	3	0.028571
113	11	0.027778
113	19	0.024390
113	20	0.111111
113	28	0.076923
113	55	0.100000
113	78	0.076923
113	146	0.125000
113	164	0.125000
113	177	0.142857
114	4	0.055556
114	6	0.023256
114	19	0.024390
114	23	0.055556
114	37	0.029412
114	54	0.090909
114	71	0.111111
114	140	0.142857
114	164	0.125000
115	9	0.015873
115	17	0.027778
115	29	0.058824
115	32	0.041667
115	82	0.062500
115	87	0.066667
115	107	0.125000
115	133	0.125000
115	143	0.125000
116	2	0.045455
116	7	0.016129
116	40	0.047619
116	46	0.033333
116	47	0.055556
116	64	0.071429
116	95	0.100000
117	7	0.016129
117	8	0.020833
117	12	0.028571
117	47	0.055556
117	56	0.090909
117	105	0.100000
117	111	0.083333
117	126	0.125000
118	2	0.045455
118	21	0.045455
118	31	0.076923
118	36	0.071429
118	46	0.033333
118	64	0.071429
118	77	0.055556
118	135	0.125000
118	158	0.111111
119	8	0.020833
119	29	0.058824
119	31	0.076923
119	44	0.066667
119	48	0.052632
119	86	0.083333
119	92	0.111111
120	1	0.026316
120	7	0.016129
120	8	0.020833
120	9	0.015873
120	45	0.076923
120	46	0.033333
120	83	0.111111
120	128	0.125000
121	0	0.041667
121	3	0.028571
121	4	0.055556
121	9	0.015873
121	53	0.055556
121	81	0.100000
121	97	0.111111
121	143	0.125000
121	151	0.125000
122	1	0.026316
122	2	0.045455
122	9	0.015873
122	11	0.027778
122	35	0.045455
122	77	0.055556
122	106	0.111111
123	3	0.028571
123	37	0.029412
123	52	0.071429
123	58	0.071429
123	61	0.066667
123	67	0.071429
123	112	0.125000
123	154	0.142857
124	6	0.023256
124	7	0.016129
124	17	0.027778
124	21	0.045455
124	37	0.029412
124	46	0.033333
124	69	0.071429
125	2	0.045455
125	5	0.031250
125	22	0.071429
125	49	0.058824
125	53	0.055556
125	58	0.071429
125	111	0.083333
126	5	0.031250
126	9	0.015873
126	21	0.045455
126	35	0.045455
126	48	0.052632
126	108	0.090909
126	117	0.125000
126	147	0.125000
127	7	0.016129
127	15	0.047619
127	16	0.040000
127	21	0.045455
127	26	0.066667
127	53	0.055556
127	61	0.066667
127	169	0.142857
128	7	0.016129
128	8	0.020833
128	9	0.015873
128	48	0.052632
128	61	0.066667
128	111	0.083333
128	120	0.125000
128	162	0.111111
129	17	0.027778
129	24	0.050000
129	32	0.041667
129	39	0.066667
129	50	0.076923
129	65	0.090909
129	72	0.090909
130	8	0.020833
130	11	0.027778
130	14	0.034483
130	56	0.090909
130	82	0.062500
130	102	0.100000
130	111	0.083333
130	142	0.125000
131	3	0.028571
131	6	0.023256
131	16	0.040000
131	21	0.045455
131	33	0.111111
131	64	0.071429
131	82	0.062500
131	146	0.125000
132	12	0.028571
132	18	0.029412
132	37	0.029412
132	47	0.055556
132	50	0.076923
132	54	0.090909
132	77	0.055556
132	139	0.142857
133	7	0.016129
133	9	0.015873
133	18	0.029412
133	21	0.045455
133	64	0.071429
133	100	0.125000
133	115	0.111111
133	176	0.142857
134	7	0.016129
134	30	0.090909
134	36	0.071429
134	63	0.083333
134	72	0.090909
134	74	0.111111
134	87	0.066667
135	12	0.028571
135	17	0.027778
135	21	0.045455
135	24	0.050000
135	61	0.066667
135	81	0.100000
135	118	0.111111
135	172	0.142857
136	8	0.020833
136	19	0.024390
136	30	0.090909
136	37	0.029412
136	42	0.062500
136	46	0.033333
136	64	0.071429
137	9	0.015873
137	11	0.027778
137	13	0.025000
137	46	0.033333
137	52	0.071429
137	69	0.071429
137	78	0.076923
137	153	0.142857
138	14	0.034483
138	26	0.066667
138	40	0.047619
138	49	0.058824
138	60	0.100000
138	80	0.090909
138	91	0.125000
139	6	0.023256
139	8	0.020833
139	18	0.029412
139	34	0.041667
139	37	0.029412
139	42	0.062500
139	132	0.125000
140	6	0.023256
140	12	0.028571
140	47	0.055556
140	67	0.071429
140	75	0.100000
140	99	0.111111
140	114	0.111111
141	7	0.016129
141	8	0.020833
141	37	0.029412
141	38	0.076923
141	62	0.090909
141	87	0.066667
141	97	0.111111
142	5	0.031250
142	43	0.100000
142	53	0.055556
142	82	0.062500
142	87	0.066667
142	92	0.111111
142	130	0.125000
142	145	0.125000
143	1	0.026316
143	5	0.031250
143	16	0.040000
143	37	0.029412
143	94	0.090909
143	115	0.111111
143	121	0.111111
143	171	0.142857
144	1	0.026316
144	39	0.066667
144	40	0.047619
144	43	0.100000
144	69	0.071429
144	76	0.100000
144	82	0.062500
145	17	0.027778
145	24	0.050000
145	34	0.041667
145	59	0.111111
145	80	0.090909
145	86	0.083333
145	142	0.125000
145	148	0.125000
146	6	0.023256
146	37	0.029412
146	40	0.047619
146	66	0.076923
146	111	0.083333
146	113	0.100000
146	131	0.125000
146	148	0.125000
147	9	0.015873
147	18	0.029412
147	44	0.066667
147	53	0.055556
147	69	0.071429
147	70	0.090909
147	126	0.125000
147	157	0.142857
148	7	0.016129
148	13	0.025000
148	66	0.076923
148	70	0.090909
148	102	0.100000
148	145	0.125000
148	146	0.125000
148	166	0.142857
149	10	0.033333
149	12	0.028571
149	14	0.034483
149	41	0.071429
149	44	0.066667
149	47	0.055556
149	108	0.090909
149	154	0.142857
150	6	0.023256
150	9	0.015873
150	28	0.076923
150	70	0.090909
150	104	0.125000
150	108	0.090909
150	110	0.090909
151	11	0.027778
151	13	0.025000
151	17	0.027778
151	19	0.024390
151	46	0.033333
151	51	0.062500
151	121	0.111111
151	168	0.125000
152	7	0.016129
152	8	0.020833
152	57	0.076923
152	77	0.055556
152	78	0.076923
152	86	0.083333
152	110	0.090909
153	3	0.028571
153	5	0.031250
153	7	0.016129
153	13	0.025000
153	23	0.055556
153	102	0.100000
153	137	0.125000
154	9	0.015873
154	12	0.028571
154	13	0.025000
154	21	0.045455
154	103	0.125000
154	123	0.125000
154	149	0.125000
155	5	0.031250
155	46	0.033333
155	48	0.052632
155	76	0.100000
155	87	0.066667
155	93	0.111111
155	110	0.090909
156	35	0.045455
156	37	0.029412
156	50	0.076923
156	60	0.100000
156	61	0.066667
156	88	0.125000
156	106	0.111111
156	173	0.125000
157	13	0.025000
157	15	0.047619
157	17	0.027778
157	34	0.041667
157	49	0.058824
157	110	0.090909
157	147	0.125000
158	0	0.041667
158	3	0.028571
158	39	0.066667
158	46	0.033333
158	53	0.055556
158	89	0.125000
158	118	0.111111
158	159	0.125000
158	161	0.142857
159	4	0.055556
159	42	0.062500
159	46	0.033333
159	58	0.071429
159	67	0.071429
159	99	0.111111
159	158	0.111111
159	167	0.125000
160	0	0.041667
160	2	0.045455
160	25	0.047619
160	35	0.045455
160	51	0.062500
160	82	0.062500
160	105	0.100000
161	8	0.020833
161	11	0.027778
161	37	0.029412
161	58	0.071429
161	82	0.062500
161	87	0.066667
161	158	0.111111
162	6	0.023256
162	9	0.015873
162	18	0.029412
162	32	0.041667
162	48	0.052632
162	51	0.062500
162	128	0.125000
162	174	0.142857
162	175	0.142857
163	2	0.045455
163	7	0.016129
163	13	0.025000
163	16	0.040000
163	17	0.027778
163	35	0.045455
163	40	0.047619
164	7	0.016129
164	9	0.015873
164	11	0.027778
164	13	0.025000
164	94	0.090909
164	113	0.100000
164	114	0.111111
164	168	0.125000
165	3	0.028571
165	5	0.031250
165	13	0.025000
165	14	0.034483
165	24	0.050000
165	34	0.041667
165	67	0.071429
166	5	0.031250
166	6	0.023256
166	25	0.047619
166	32	0.041667
166	64	0.071429
166	75	0.100000
166	148	0.125000
167	13	0.025000
167	14	0.034483
167	19	0.024390
167	42	0.062500
167	53	0.055556
167	108	0.090909
167	159	0.125000
167	172	0.142857
168	5	0.031250
168	14	0.034483
168	51	0.062500
168	52	0.071429
168	77	0.055556
168	151	0.125000
168	164	0.125000
168	177	0.142857
169	3	0.028571
169	9	0.015873
169	10	0.033333
169	29	0.058824
169	39	0.066667
169	95	0.100000
169	127	0.125000
170	9	0.015873
170	17	0.027778
170	53	0.055556
170	62	0.090909
170	63	0.083333
170	72	0.090909
170	93	0.111111
171	9	0.015873
171	12	0.028571
171	16	0.040000
171	40	0.047619
171	70	0.090909
171	94	0.090909
171	143	0.125000
172	15	0.047619
172	22	0.071429
172	31	0.076923
172	32	0.041667
172	41	0.071429
172	135	0.125000
172	167	0.125000
173	7	0.016129
173	9	0.015873
173	13	0.025000
173	52	0.071429
173	57	0.076923
173	109	0.125000
173	156	0.125000
173	175	0.142857
174	7	0.016129
174	8	0.020833
174	15	0.047619
174	19	0.024390
174	35	0.045455
174	49	0.058824
174	162	0.111111
175	0	0.041667
175	9	0.015873
175	17	0.027778
175	46	0.033333
175	47	0.055556
175	162	0.111111
175	173	0.125000
176	0	0.041667
176	12	0.028571
176	18	0.029412
176	19	0.024390
176	37	0.029412
176	40	0.047619
176	133	0.125000
177	25	0.047619
177	36	0.071429
177	63	0.083333
177	66	0.076923
177	95	0.100000
177	113	0.100000
177	168	0.125000
