186	2506
0	1	0.028571
0	2	0.038462
0	3	0.111111
0	4	0.034483
0	5	0.071429
0	6	0.028571
0	7	0.055556
0	8	0.016667
0	9	0.024390
0	10	0.023256
0	11	0.040000
0	12	0.026316
0	13	0.029412
0	14	0.022727
0	15	0.043478
0	18	0.028571
0	20	0.031250
0	21	0.029412
0	23	0.050000
0	24	0.029412
0	25	0.066667
0	26	0.052632
0	27	0.040000
0	31	0.045455
0	33	0.052632
0	34	0.055556
0	37	0.052632
0	41	0.058824
0	42	0.055556
0	45	0.076923
0	47	0.071429
0	48	0.055556
0	49	0.047619
0	50	0.050000
0	52	0.071429
0	55	0.076923
0	61	0.076923
0	63	0.071429
0	64	0.100000
0	66	0.071429
0	67	0.076923
0	69	0.071429
0	70	0.111111
0	71	0.055556
0	72	0.076923
0	76	0.100000
0	80	0.090909
0	87	0.125000
0	90	0.071429
0	91	0.125000
0	94	0.111111
0	96	0.125000
0	99	0.111111
0	100	0.125000
0	102	0.090909
0	117	0.142857
0	119	0.100000
0	121	0.062500
0	124	0.142857
0	125	0.142857
0	135	0.125000
0	142	0.125000
0	158	0.125000
0	162	0.125000
0	168	0.142857
0	175	0.125000
0	179	0.125000
0	182	0.125000
0	183	0.142857
0	185	0.142857
1	0	0.014286
1	8	0.016667
1	10	0.023256
1	12	0.026316
1	13	0.029412
1	17	0.041667
1	18	0.028571
1	19	0.037037
1	21	0.029412
1	22	0.050000
1	44	0.083333
1	50	0.050000
1	56	0.062500
1	57	0.076923
1	61	0.076923
1	63	0.071429
1	73	0.090909
1	74	0.100000
1	79	0.076923
1	90	0.071429
1	108	0.066667
1	110	0.125000
1	118	0.111111
1	126	0.142857
1	129	0.125000
1	131	0.125000
1	136	0.100000
1	140	0.090909
1	142	0.125000
1	155	0.111111
1	159	0.125000
1	162	0.125000
1	167	0.125000
1	172	0.142857
1	177	0.142857
2	0	0.014286
2	9	0.024390
2	10	0.023256
2	11	0.040000
2	12	0.026316
2	18	0.028571
2	27	0.040000
2	30	0.062500
2	34	0.055556
2	43	0.058824
2	51	0.125000
2	56	0.062500
2	68	0.100000
2	81	0.058824
2	83	0.076923
2	95	0.125000
2	112	0.090909
2	116	0.125000
2	119	0.100000
2	131	0.125000
2	132	0.142857
2	133	0.090909
2	136	0.100000
2	138	0.111111
2	145	0.142857
2	167	0.125000
3	0	0.014286
3	8	0.016667
3	9	0.024390
3	10	0.023256
3	29	0.047619
3	52	0.071429
3	158	0.125000
3	167	0.125000
3	169	0.142857
4	0	0.014286
4	8	0.016667
4	9	0.024390
4	10	0.023256
4	14	0.022727
4	15	0.043478
4	16	0.037037
4	17	0.041667
4	19	0.037037
4	21	0.029412
4	25	0.066667
4	27	0.040000
4	28	0.066667
4	29	0.047619
4	33	0.052632
4	58	0.090909
4	62	0.055556
4	79	0.076923
4	99	0.111111
4	102	0.090909
4	108	0.066667
4	111	0.100000
4	112	0.090909
4	115	0.142857
4	117	0.142857
4	118	0.111111
4	152	0.142857
4	166	0.125000
4	185	0.142857
5	0	0.014286
5	8	0.016667
5	11	0.040000
5	14	0.022727
5	17	0.041667
5	24	0.029412
5	33	0.052632
5	40	0.071429
5	58	0.090909
5	62	0.055556
5	94	0.111111
5	137	0.125000
5	165	0.142857
5	170	0.142857
6	0	0.014286
6	8	0.016667
6	9	0.024390
6	10	0.023256
6	13	0.029412
6	14	0.022727
6	15	0.043478
6	16	0.037037
6	17	0.041667
6	18	0.028571
6	23	0.050000
6	34	0.055556
6	36	0.055556
6	37	0.052632
6	39	0.052632
6	41	0.058824
6	42	0.055556
6	44	0.083333
6	45	0.076923
6	55	0.076923
6	64	0.100000
6	82	0.111111
6	104	0.100000
6	107	0.142857
6	110	0.125000
6	116	0.125000
6	120	0.125000
6	127	0.111111
6	128	0.142857
6	130	0.142857
6	133	0.090909
6	134	0.142857
6	145	0.142857
6	151	0.142857
6	175	0.125000
7	0	0.014286
7	8	0.016667
7	9	0.024390
7	11	0.040000
7	12	0.026316
7	16	0.037037
7	20	0.031250
7	33	0.052632
7	39	0.052632
7	70	0.111111
7	82	0.111111
7	83	0.076923
7	84	0.125000
7	103	0.111111
7	130	0.142857
7	144	0.125000
7	161	0.142857
7	173	0.125000
8	0	0.014286
8	1	0.028571
8	3	0.111111
8	4	0.034483
8	5	0.071429
8	6	0.028571
8	7	0.055556
8	9	0.024390
8	11	0.040000
8	12	0.026316
8	13	0.029412
8	15	0.043478
8	16	0.037037
8	17	0.041667
8	18	0.028571
8	19	0.037037
8	20	0.031250
8	21	0.029412
8	22	0.050000
8	24	0.029412
8	25	0.066667
8	26	0.052632
8	28	0.066667
8	29	0.047619
8	31	0.045455
8	32	0.043478
8	34	0.055556
8	38	0.071429
8	41	0.058824
8	43	0.058824
8	44	0.083333
8	47	0.071429
8	49	0.047619
8	51	0.125000
8	54	0.076923
8	62	0.055556
8	63	0.071429
8	70	0.111111
8	80	0.090909
8	88	0.076923
8	89	0.142857
8	90	0.071429
8	93	0.111111
8	100	0.125000
8	101	0.100000
8	113	0.142857
8	122	0.100000
8	123	0.142857
8	133	0.090909
8	135	0.125000
8	143	0.125000
8	145	0.142857
8	155	0.111111
8	161	0.142857
8	165	0.142857
8	166	0.125000
8	167	0.125000
8	170	0.142857
8	176	0.142857
8	180	0.125000
9	0	0.014286
9	2	0.038462
9	3	0.111111
9	4	0.034483
9	6	0.028571
9	7	0.055556
9	8	0.016667
9	10	0.023256
9	11	0.040000
9	13	0.029412
9	14	0.022727
9	15	0.043478
9	16	0.037037
9	17	0.041667
9	19	0.037037
9	21	0.029412
9	31	0.045455
9	32	0.043478
9	36	0.055556
9	40	0.071429
9	45	0.076923
9	47	0.071429
9	58	0.090909
9	77	0.100000
9	78	0.090909
9	86	0.100000
9	91	0.125000
9	97	0.125000
9	98	0.111111
9	107	0.142857
9	121	0.062500
9	127	0.111111
9	143	0.125000
9	146	0.142857
9	147	0.100000
9	158	0.125000
9	161	0.142857
9	163	0.125000
9	179	0.125000
9	181	0.142857
9	184	0.142857
10	0	0.014286
10	1	0.028571
10	2	0.038462
10	3	0.111111
10	4	0.034483
10	6	0.028571
10	9	0.024390
10	11	0.040000
10	12	0.026316
10	13	0.029412
10	15	0.043478
10	16	0.037037
10	21	0.029412
10	22	0.050000
10	24	0.029412
10	26	0.052632
10	35	0.062500
10	36	0.055556
10	38	0.071429
10	44	0.083333
10	50	0.050000
10	52	0.071429
10	53	0.125000
10	54	0.076923
10	59	0.100000
10	70	0.111111
10	79	0.076923
10	82	0.111111
10	84	0.125000
10	87	0.125000
10	88	0.076923
10	100	0.125000
10	102	0.090909
10	117	0.142857
10	129	0.125000
10	130	0.142857
10	136	0.100000
10	144	0.125000
10	148	0.142857
10	165	0.142857
10	167	0.125000
10	175	0.125000
10	176	0.142857
11	0	0.014286
11	2	0.038462
11	5	0.071429
11	7	0.055556
11	8	0.016667
11	9	0.024390
11	10	0.023256
11	12	0.026316
11	13	0.029412
11	18	0.028571
11	20	0.031250
11	22	0.050000
11	24	0.029412
11	26	0.052632
11	29	0.047619
11	30	0.062500
11	33	0.052632
11	48	0.055556
11	65	0.125000
11	72	0.076923
11	105	0.100000
11	114	0.142857
11	118	0.111111
11	163	0.125000
11	178	0.125000
12	0	0.014286
12	1	0.028571
12	2	0.038462
12	7	0.055556
12	8	0.016667
12	10	0.023256
12	11	0.040000
12	14	0.022727
12	22	0.050000
12	23	0.050000
12	24	0.029412
12	27	0.040000
12	30	0.062500
12	31	0.045455
12	35	0.062500
12	36	0.055556
12	40	0.071429
12	46	0.090909
12	47	0.071429
12	53	0.125000
12	58	0.090909
12	60	0.083333
12	67	0.076923
12	70	0.111111
12	75	0.125000
12	86	0.100000
12	93	0.111111
12	103	0.111111
12	106	0.142857
12	108	0.066667
12	111	0.100000
12	112	0.090909
12	120	0.125000
12	121	0.062500
12	122	0.100000
12	136	0.100000
12	149	0.125000
12	166	0.125000
13	0	0.014286
13	1	0.028571
13	6	0.028571
13	8	0.016667
13	9	0.024390
13	10	0.023256
13	11	0.040000
13	14	0.022727
13	15	0.043478
13	17	0.041667
13	19	0.037037
13	20	0.031250
13	21	0.029412
13	28	0.066667
13	35	0.062500
13	40	0.071429
13	42	0.055556
13	45	0.076923
13	50	0.050000
13	52	0.071429
13	53	0.125000
13	62	0.055556
13	64	0.100000
13	71	0.055556
13	76	0.100000
13	82	0.111111
13	101	0.100000
13	102	0.090909
13	125	0.142857
13	126	0.142857
13	129	0.125000
13	137	0.125000
13	144	0.125000
13	146	0.142857
14	0	0.014286
14	4	0.034483
14	5	0.071429
14	6	0.028571
14	9	0.024390
14	12	0.026316
14	13	0.029412
14	16	0.037037
14	20	0.031250
14	23	0.050000
14	25	0.066667
14	26	0.052632
14	27	0.040000
14	32	0.043478
14	34	0.055556
14	37	0.052632
14	42	0.055556
14	43	0.058824
14	44	0.083333
14	45	0.076923
14	46	0.090909
14	48	0.055556
14	49	0.047619
14	58	0.090909
14	61	0.076923
14	64	0.100000
14	67	0.076923
14	69	0.071429
14	72	0.076923
14	75	0.125000
14	78	0.090909
14	83	0.076923
14	85	0.090909
14	89	0.142857
14	93	0.111111
14	95	0.125000
14	100	0.125000
14	105	0.100000
14	107	0.142857
14	108	0.066667
14	132	0.142857
14	138	0.111111
14	143	0.125000
14	148	0.142857
15	0	0.014286
15	4	0.034483
15	6	0.028571
15	8	0.016667
15	9	0.024390
15	10	0.023256
15	13	0.029412
15	18	0.028571
15	20	0.031250
15	37	0.052632
15	39	0.052632
15	77	0.100000
15	89	0.142857
15	95	0.125000
15	109	0.111111
15	110	0.125000
15	127	0.111111
15	141	0.100000
15	146	0.142857
15	150	0.125000
15	161	0.142857
15	164	0.142857
15	171	0.142857
16	4	0.034483
16	6	0.028571
16	7	0.055556
16	8	0.016667
16	9	0.024390
16	10	0.023256
16	14	0.022727
16	19	0.037037
16	33	0.052632
16	41	0.058824
16	48	0.055556
16	53	0.125000
16	54	0.076923
16	60	0.083333
16	81	0.058824
16	87	0.125000
16	95	0.125000
16	98	0.111111
16	104	0.100000
16	114	0.142857
16	123	0.142857
16	151	0.142857
16	157	0.100000
16	159	0.125000
16	165	0.142857
16	168	0.142857
16	180	0.125000
17	1	0.028571
17	4	0.034483
17	5	0.071429
17	6	0.028571
17	8	0.016667
17	9	0.024390
17	13	0.029412
17	23	0.050000
17	28	0.066667
17	29	0.047619
17	32	0.043478
17	34	0.055556
17	62	0.055556
17	71	0.055556
17	75	0.125000
17	84	0.125000
17	99	0.111111
17	104	0.100000
17	107	0.142857
17	112	0.090909
17	128	0.142857
17	135	0.125000
17	156	0.125000
17	168	0.142857
18	0	0.014286
18	1	0.028571
18	2	0.038462
18	6	0.028571
18	8	0.016667
18	11	0.040000
18	15	0.043478
18	19	0.037037
18	24	0.029412
18	28	0.066667
18	32	0.043478
18	34	0.055556
18	38	0.071429
18	46	0.090909
18	47	0.071429
18	48	0.055556
18	49	0.047619
18	51	0.125000
18	55	0.076923
18	64	0.100000
18	67	0.076923
18	90	0.071429
18	92	0.090909
18	109	0.111111
18	114	0.142857
18	115	0.142857
18	116	0.125000
18	124	0.142857
18	128	0.142857
18	134	0.142857
18	135	0.125000
18	160	0.125000
18	162	0.125000
18	166	0.125000
18	181	0.142857
19	1	0.028571
19	4	0.034483
19	8	0.016667
19	9	0.024390
19	13	0.029412
19	16	0.037037
19	18	0.028571
19	23	0.050000
19	28	0.066667
19	30	0.062500
19	32	0.043478
19	35	0.062500
19	41	0.058824
19	47	0.071429
19	53	0.125000
19	66	0.071429
19	72	0.076923
19	75	0.125000
19	81	0.058824
19	85	0.090909
19	86	0.100000
19	100	0.125000
19	101	0.100000
19	149	0.125000
19	171	0.142857
19	172	0.142857
19	184	0.142857
20	0	0.014286
20	7	0.055556
20	8	0.016667
20	11	0.040000
20	13	0.029412
20	14	0.022727
20	15	0.043478
20	22	0.050000
20	23	0.050000
20	31	0.045455
20	38	0.071429
20	42	0.055556
20	53	0.125000
20	56	0.062500
20	59	0.100000
20	60	0.083333
20	63	0.071429
20	80	0.090909
20	84	0.125000
20	90	0.071429
20	92	0.090909
20	94	0.111111
20	108	0.066667
20	111	0.100000
20	117	0.142857
20	120	0.125000
20	126	0.142857
20	137	0.125000
20	141	0.100000
20	166	0.125000
20	167	0.125000
20	175	0.125000
21	0	0.014286
21	1	0.028571
21	4	0.034483
21	8	0.016667
21	9	0.024390
21	10	0.023256
21	13	0.029412
21	22	0.050000
21	25	0.066667
21	27	0.040000
21	36	0.055556
21	40	0.071429
21	41	0.058824
21	56	0.062500
21	57	0.076923
21	63	0.071429
21	65	0.125000
21	68	0.100000
21	69	0.071429
21	76	0.100000
21	78	0.090909
21	86	0.100000
21	88	0.076923
21	91	0.125000
21	95	0.125000
21	117	0.142857
21	122	0.100000
21	125	0.142857
21	133	0.090909
21	157	0.100000
21	158	0.125000
21	159	0.125000
21	164	0.142857
21	177	0.142857
22	1	0.028571
22	8	0.016667
22	10	0.023256
22	11	0.040000
22	12	0.026316
22	20	0.031250
22	21	0.029412
22	25	0.066667
22	35	0.062500
22	38	0.071429
22	45	0.076923
22	51	0.125000
22	84	0.125000
22	91	0.125000
22	92	0.090909
22	102	0.090909
22	115	0.142857
22	125	0.142857
22	162	0.125000
22	185	0.142857
23	0	0.014286
23	6	0.028571
23	12	0.026316
23	14	0.022727
23	17	0.041667
23	19	0.037037
23	20	0.031250
23	27	0.040000
23	30	0.062500
23	37	0.052632
23	46	0.090909
23	54	0.076923
23	57	0.076923
23	69	0.071429
23	73	0.090909
23	86	0.100000
23	115	0.142857
23	150	0.125000
23	157	0.100000
23	158	0.125000
24	0	0.014286
24	5	0.071429
24	8	0.016667
24	10	0.023256
24	11	0.040000
24	12	0.026316
24	18	0.028571
24	25	0.066667
24	26	0.052632
24	28	0.066667
24	30	0.062500
24	35	0.062500
24	39	0.052632
24	47	0.071429
24	51	0.125000
24	59	0.100000
24	60	0.083333
24	63	0.071429
24	66	0.071429
24	74	0.100000
24	79	0.076923
24	85	0.090909
24	104	0.100000
24	109	0.111111
24	128	0.142857
24	131	0.125000
24	147	0.100000
24	149	0.125000
24	150	0.125000
24	154	0.125000
24	168	0.142857
24	169	0.142857
24	176	0.142857
24	179	0.125000
25	0	0.014286
25	4	0.034483
25	8	0.016667
25	14	0.022727
25	21	0.029412
25	22	0.050000
25	24	0.029412
25	26	0.052632
25	30	0.062500
25	36	0.055556
25	39	0.052632
25	52	0.071429
25	68	0.100000
25	97	0.125000
25	132	0.142857
26	0	0.014286
26	8	0.016667
26	10	0.023256
26	11	0.040000
26	14	0.022727
26	24	0.029412
26	25	0.066667
26	29	0.047619
26	31	0.045455
26	33	0.052632
26	58	0.090909
26	61	0.076923
26	85	0.090909
26	87	0.125000
26	139	0.090909
26	142	0.125000
26	151	0.142857
26	153	0.125000
26	162	0.125000
27	0	0.014286
27	2	0.038462
27	4	0.034483
27	12	0.026316
27	14	0.022727
27	21	0.029412
27	23	0.050000
27	35	0.062500
27	37	0.052632
27	39	0.052632
27	43	0.058824
27	49	0.047619
27	52	0.071429
27	55	0.076923
27	61	0.076923
27	76	0.100000
27	77	0.100000
27	78	0.090909
27	80	0.090909
27	83	0.076923
27	87	0.125000
27	89	0.142857
27	153	0.125000
27	168	0.142857
27	177	0.142857
28	4	0.034483
28	8	0.016667
28	13	0.029412
28	17	0.041667
28	18	0.028571
28	19	0.037037
28	24	0.029412
28	29	0.047619
28	41	0.058824
28	85	0.090909
28	127	0.111111
28	152	0.142857
28	163	0.125000
28	171	0.142857
28	178	0.125000
29	3	0.111111
29	4	0.034483
29	8	0.016667
29	11	0.040000
29	17	0.041667
29	26	0.052632
29	28	0.066667
29	31	0.045455
29	32	0.043478
29	44	0.083333
29	68	0.100000
29	71	0.055556
29	75	0.125000
29	83	0.076923
29	98	0.111111
29	104	0.100000
29	123	0.142857
29	147	0.100000
29	173	0.125000
29	175	0.125000
29	180	0.125000
30	2	0.038462
30	11	0.040000
30	12	0.026316
30	19	0.037037
30	23	0.050000
30	24	0.029412
30	25	0.066667
30	44	0.083333
30	49	0.047619
30	61	0.076923
30	65	0.125000
30	75	0.125000
30	81	0.058824
30	128	0.142857
30	130	0.142857
30	171	0.142857
31	0	0.014286
31	8	0.016667
31	9	0.024390
31	12	0.026316
31	20	0.031250
31	26	0.052632
31	29	0.047619
31	38	0.071429
31	39	0.052632
31	59	0.100000
31	81	0.058824
31	103	0.111111
31	105	0.100000
31	114	0.142857
31	115	0.142857
31	125	0.142857
31	131	0.125000
31	140	0.090909
31	152	0.142857
31	159	0.125000
31	166	0.125000
31	183	0.142857
32	8	0.016667
32	9	0.024390
32	14	0.022727
32	17	0.041667
32	18	0.028571
32	19	0.037037
32	29	0.047619
32	50	0.050000
32	53	0.125000
32	56	0.062500
32	65	0.125000
32	74	0.100000
32	86	0.100000
32	98	0.111111
32	102	0.090909
32	111	0.100000
32	113	0.142857
32	118	0.111111
32	141	0.100000
32	166	0.125000
32	167	0.125000
32	169	0.142857
32	171	0.142857
33	0	0.014286
33	4	0.034483
33	5	0.071429
33	7	0.055556
33	11	0.040000
33	16	0.037037
33	26	0.052632
33	36	0.055556
33	51	0.125000
33	56	0.062500
33	58	0.090909
33	60	0.083333
33	66	0.071429
33	67	0.076923
33	83	0.076923
33	91	0.125000
33	108	0.066667
33	116	0.125000
33	122	0.100000
34	0	0.014286
34	2	0.038462
34	6	0.028571
34	8	0.016667
34	14	0.022727
34	17	0.041667
34	18	0.028571
34	38	0.071429
34	46	0.090909
34	54	0.076923
34	57	0.076923
34	67	0.076923
34	72	0.076923
34	74	0.100000
34	81	0.058824
34	93	0.111111
34	160	0.125000
34	173	0.125000
35	10	0.023256
35	12	0.026316
35	13	0.029412
35	19	0.037037
35	22	0.050000
35	24	0.029412
35	27	0.040000
35	48	0.055556
35	50	0.050000
35	66	0.071429
35	78	0.090909
35	86	0.100000
35	94	0.111111
35	106	0.142857
35	142	0.125000
35	164	0.142857
36	6	0.028571
36	9	0.024390
36	10	0.023256
36	12	0.026316
36	21	0.029412
36	25	0.066667
36	33	0.052632
36	37	0.052632
36	40	0.071429
36	42	0.055556
36	59	0.100000
36	78	0.090909
36	106	0.142857
36	119	0.100000
36	123	0.142857
36	129	0.125000
36	173	0.125000
36	174	0.142857
37	0	0.014286
37	6	0.028571
37	14	0.022727
37	15	0.043478
37	23	0.050000
37	27	0.040000
37	36	0.055556
37	51	0.125000
37	73	0.090909
37	76	0.100000
37	82	0.111111
37	98	0.111111
37	102	0.090909
37	104	0.100000
37	139	0.090909
37	154	0.125000
37	163	0.125000
37	169	0.142857
37	176	0.142857
38	8	0.016667
38	10	0.023256
38	18	0.028571
38	20	0.031250
38	22	0.050000
38	31	0.045455
38	34	0.055556
38	55	0.076923
38	56	0.062500
38	60	0.083333
38	69	0.071429
38	124	0.142857
38	143	0.125000
38	152	0.142857
39	6	0.028571
39	7	0.055556
39	15	0.043478
39	24	0.029412
39	25	0.066667
39	27	0.040000
39	31	0.045455
39	40	0.071429
39	43	0.058824
39	46	0.090909
39	52	0.071429
39	77	0.100000
39	93	0.111111
39	107	0.142857
39	112	0.090909
39	134	0.142857
39	154	0.125000
39	155	0.111111
39	165	0.142857
40	5	0.071429
40	9	0.024390
40	12	0.026316
40	13	0.029412
40	21	0.029412
40	36	0.055556
40	39	0.052632
40	42	0.055556
40	43	0.058824
40	48	0.055556
40	79	0.076923
40	100	0.125000
40	109	0.111111
40	110	0.125000
41	0	0.014286
41	6	0.028571
41	8	0.016667
41	16	0.037037
41	19	0.037037
41	21	0.029412
41	28	0.066667
41	65	0.125000
41	69	0.071429
41	70	0.111111
41	106	0.142857
41	109	0.111111
41	111	0.100000
41	114	0.142857
41	128	0.142857
41	134	0.142857
41	138	0.111111
42	0	0.014286
42	6	0.028571
42	13	0.029412
42	14	0.022727
42	20	0.031250
42	36	0.055556
42	40	0.071429
42	43	0.058824
42	57	0.076923
42	68	0.100000
42	73	0.090909
42	80	0.090909
42	88	0.076923
42	90	0.071429
42	106	0.142857
42	121	0.062500
42	170	0.142857
42	183	0.142857
43	2	0.038462
43	8	0.016667
43	14	0.022727
43	27	0.040000
43	39	0.052632
43	40	0.071429
43	42	0.055556
43	71	0.055556
43	96	0.125000
43	97	0.125000
43	101	0.100000
43	105	0.100000
43	110	0.125000
43	112	0.090909
43	146	0.142857
43	172	0.142857
43	181	0.142857
44	1	0.028571
44	6	0.028571
44	8	0.016667
44	10	0.023256
44	14	0.022727
44	29	0.047619
44	30	0.062500
44	45	0.076923
44	79	0.076923
44	92	0.090909
44	136	0.100000
44	155	0.111111
45	0	0.014286
45	6	0.028571
45	9	0.024390
45	13	0.029412
45	14	0.022727
45	22	0.050000
45	44	0.083333
45	46	0.090909
45	59	0.100000
45	62	0.055556
45	82	0.111111
45	145	0.142857
45	154	0.125000
46	12	0.026316
46	14	0.022727
46	18	0.028571
46	23	0.050000
46	34	0.055556
46	39	0.052632
46	45	0.076923
46	64	0.100000
46	80	0.090909
46	94	0.111111
46	121	0.062500
47	0	0.014286
47	8	0.016667
47	9	0.024390
47	12	0.026316
47	18	0.028571
47	19	0.037037
47	24	0.029412
47	63	0.071429
47	65	0.125000
47	73	0.090909
47	74	0.100000
47	88	0.076923
47	112	0.090909
47	143	0.125000
48	0	0.014286
48	11	0.040000
48	14	0.022727
48	16	0.037037
48	18	0.028571
48	35	0.062500
48	40	0.071429
48	49	0.047619
48	50	0.050000
48	68	0.100000
48	90	0.071429
48	91	0.125000
48	95	0.125000
48	111	0.100000
48	115	0.142857
48	118	0.111111
48	172	0.142857
48	184	0.142857
49	0	0.014286
49	8	0.016667
49	14	0.022727
49	18	0.028571
49	27	0.040000
49	30	0.062500
49	48	0.055556
49	64	0.100000
49	69	0.071429
49	71	0.055556
49	72	0.076923
49	103	0.111111
49	105	0.100000
49	116	0.125000
49	117	0.142857
49	120	0.125000
49	129	0.125000
49	157	0.100000
49	162	0.125000
49	181	0.142857
49	183	0.142857
50	0	0.014286
50	1	0.028571
50	10	0.023256
50	13	0.029412
50	32	0.043478
50	35	0.062500
50	48	0.055556
50	54	0.076923
50	55	0.076923
50	57	0.076923
50	97	0.125000
50	100	0.125000
50	113	0.142857
50	114	0.142857
50	126	0.142857
50	139	0.090909
50	149	0.125000
50	156	0.125000
50	160	0.125000
50	171	0.142857
51	2	0.038462
51	8	0.016667
51	18	0.028571
51	22	0.050000
51	24	0.029412
51	33	0.052632
51	37	0.052632
51	71	0.055556
52	0	0.014286
52	3	0.111111
52	10	0.023256
52	13	0.029412
52	25	0.066667
52	27	0.040000
52	39	0.052632
52	54	0.076923
52	55	0.076923
52	57	0.076923
52	76	0.100000
52	98	0.111111
52	99	0.111111
52	141	0.100000
53	10	0.023256
53	12	0.026316
53	13	0.029412
53	16	0.037037
53	19	0.037037
53	20	0.031250
53	32	0.043478
53	59	0.100000
54	8	0.016667
54	10	0.023256
54	16	0.037037
54	23	0.050000
54	34	0.055556
54	50	0.050000
54	52	0.071429
54	66	0.071429
54	93	0.111111
54	97	0.125000
54	122	0.100000
54	123	0.142857
54	135	0.125000
55	0	0.014286
55	6	0.028571
55	18	0.028571
55	27	0.040000
55	38	0.071429
55	50	0.050000
55	52	0.071429
55	96	0.125000
55	111	0.100000
55	141	0.100000
55	147	0.100000
55	156	0.125000
55	172	0.142857
56	1	0.028571
56	2	0.038462
56	20	0.031250
56	21	0.029412
56	32	0.043478
56	33	0.052632
56	38	0.071429
56	61	0.076923
56	65	0.125000
56	70	0.111111
56	77	0.100000
56	94	0.111111
56	115	0.142857
56	120	0.125000
56	140	0.090909
56	164	0.142857
57	1	0.028571
57	21	0.029412
57	23	0.050000
57	34	0.055556
57	42	0.055556
57	50	0.050000
57	52	0.071429
57	60	0.083333
57	77	0.100000
57	101	0.100000
57	128	0.142857
57	131	0.125000
57	135	0.125000
58	4	0.034483
58	5	0.071429
58	9	0.024390
58	12	0.026316
58	14	0.022727
58	26	0.052632
58	33	0.052632
58	68	0.100000
58	84	0.125000
58	92	0.090909
58	145	0.142857
59	10	0.023256
59	20	0.031250
59	24	0.029412
59	31	0.045455
59	36	0.055556
59	45	0.076923
59	53	0.125000
59	88	0.076923
59	140	0.090909
59	183	0.142857
60	12	0.026316
60	16	0.037037
60	20	0.031250
60	24	0.029412
60	33	0.052632
60	38	0.071429
60	57	0.076923
60	62	0.055556
60	77	0.100000
60	109	0.111111
60	143	0.125000
60	150	0.125000
61	0	0.014286
61	1	0.028571
61	14	0.022727
61	26	0.052632
61	27	0.040000
61	30	0.062500
61	56	0.062500
61	74	0.100000
61	108	0.066667
61	120	0.125000
61	164	0.142857
61	170	0.142857
61	179	0.125000
62	4	0.034483
62	5	0.071429
62	8	0.016667
62	13	0.029412
62	17	0.041667
62	45	0.076923
62	60	0.083333
62	67	0.076923
62	73	0.090909
62	78	0.090909
62	79	0.076923
62	80	0.090909
62	96	0.125000
62	106	0.142857
62	137	0.125000
62	140	0.090909
62	157	0.100000
62	174	0.142857
63	0	0.014286
63	1	0.028571
63	8	0.016667
63	20	0.031250
63	21	0.029412
63	24	0.029412
63	47	0.071429
63	66	0.071429
63	103	0.111111
63	110	0.125000
63	113	0.142857
63	119	0.100000
63	125	0.142857
63	154	0.125000
64	0	0.014286
64	6	0.028571
64	13	0.029412
64	14	0.022727
64	18	0.028571
64	46	0.090909
64	49	0.047619
64	85	0.090909
64	118	0.111111
64	123	0.142857
65	11	0.040000
65	21	0.029412
65	30	0.062500
65	32	0.043478
65	41	0.058824
65	47	0.071429
65	56	0.062500
65	92	0.090909
66	0	0.014286
66	19	0.037037
66	24	0.029412
66	33	0.052632
66	35	0.062500
66	54	0.076923
66	63	0.071429
66	76	0.100000
66	98	0.111111
66	121	0.062500
66	154	0.125000
66	178	0.125000
66	181	0.142857
66	182	0.125000
67	0	0.014286
67	12	0.026316
67	14	0.022727
67	18	0.028571
67	33	0.052632
67	34	0.055556
67	62	0.055556
67	75	0.125000
67	89	0.142857
67	95	0.125000
67	124	0.142857
67	130	0.142857
67	135	0.125000
68	2	0.038462
68	21	0.029412
68	25	0.066667
68	29	0.047619
68	42	0.055556
68	48	0.055556
68	58	0.090909
68	74	0.100000
68	159	0.125000
68	177	0.142857
69	0	0.014286
69	14	0.022727
69	21	0.029412
69	23	0.050000
69	38	0.071429
69	41	0.058824
69	49	0.047619
69	81	0.058824
69	93	0.111111
69	105	0.100000
69	118	0.111111
69	160	0.125000
69	168	0.142857
69	173	0.125000
70	0	0.014286
70	7	0.055556
70	8	0.016667
70	10	0.023256
70	12	0.026316
70	41	0.058824
70	56	0.062500
70	149	0.125000
70	177	0.142857
71	0	0.014286
71	13	0.029412
71	17	0.041667
71	29	0.047619
71	43	0.058824
71	49	0.047619
71	51	0.125000
71	72	0.076923
71	87	0.125000
71	89	0.142857
71	106	0.142857
71	109	0.111111
71	110	0.125000
71	113	0.142857
71	130	0.142857
71	148	0.142857
71	151	0.142857
71	183	0.142857
72	0	0.014286
72	11	0.040000
72	14	0.022727
72	19	0.037037
72	34	0.055556
72	49	0.047619
72	71	0.055556
72	73	0.090909
72	85	0.090909
72	99	0.111111
72	144	0.125000
72	148	0.142857
72	153	0.125000
73	1	0.028571
73	23	0.050000
73	37	0.052632
73	42	0.055556
73	47	0.071429
73	62	0.055556
73	72	0.076923
73	83	0.076923
73	97	0.125000
73	99	0.111111
73	103	0.111111
74	1	0.028571
74	24	0.029412
74	32	0.043478
74	34	0.055556
74	47	0.071429
74	61	0.076923
74	68	0.100000
74	107	0.142857
74	141	0.100000
74	161	0.142857
75	12	0.026316
75	14	0.022727
75	17	0.041667
75	19	0.037037
75	29	0.047619
75	30	0.062500
75	67	0.076923
75	97	0.125000
76	0	0.014286
76	13	0.029412
76	21	0.029412
76	27	0.040000
76	37	0.052632
76	52	0.071429
76	66	0.071429
76	88	0.076923
76	94	0.111111
76	127	0.111111
77	9	0.024390
77	15	0.043478
77	27	0.040000
77	39	0.052632
77	56	0.062500
77	57	0.076923
77	60	0.083333
77	82	0.111111
77	92	0.090909
77	126	0.142857
78	9	0.024390
78	14	0.022727
78	21	0.029412
78	27	0.040000
78	35	0.062500
78	36	0.055556
78	62	0.055556
78	99	0.111111
78	113	0.142857
78	119	0.100000
78	168	0.142857
79	1	0.028571
79	4	0.034483
79	10	0.023256
79	24	0.029412
79	40	0.071429
79	44	0.083333
79	62	0.055556
79	87	0.125000
79	91	0.125000
79	129	0.125000
79	132	0.142857
79	138	0.111111
79	151	0.142857
80	0	0.014286
80	8	0.016667
80	20	0.031250
80	27	0.040000
80	42	0.055556
80	46	0.090909
80	62	0.055556
80	114	0.142857
80	122	0.100000
80	139	0.090909
80	140	0.090909
81	2	0.038462
81	16	0.037037
81	19	0.037037
81	30	0.062500
81	31	0.045455
81	34	0.055556
81	69	0.071429
81	89	0.142857
81	104	0.100000
81	105	0.100000
81	107	0.142857
81	126	0.142857
81	133	0.090909
81	176	0.142857
81	180	0.125000
81	181	0.142857
81	184	0.142857
82	6	0.028571
82	7	0.055556
82	10	0.023256
82	13	0.029412
82	37	0.052632
82	45	0.076923
82	77	0.100000
82	84	0.125000
82	165	0.142857
83	2	0.038462
83	7	0.055556
83	14	0.022727
83	27	0.040000
83	29	0.047619
83	33	0.052632
83	73	0.090909
83	119	0.100000
83	131	0.125000
83	141	0.100000
83	146	0.142857
83	153	0.125000
83	159	0.125000
84	7	0.055556
84	10	0.023256
84	17	0.041667
84	20	0.031250
84	22	0.050000
84	58	0.090909
84	82	0.111111
84	113	0.142857
85	14	0.022727
85	19	0.037037
85	24	0.029412
85	26	0.052632
85	28	0.066667
85	64	0.100000
85	72	0.076923
85	96	0.125000
85	125	0.142857
85	144	0.125000
85	163	0.125000
86	9	0.024390
86	12	0.026316
86	19	0.037037
86	21	0.029412
86	23	0.050000
86	32	0.043478
86	35	0.062500
86	96	0.125000
86	138	0.111111
86	162	0.125000
87	0	0.014286
87	10	0.023256
87	16	0.037037
87	26	0.052632
87	27	0.040000
87	71	0.055556
87	79	0.076923
87	142	0.125000
88	8	0.016667
88	10	0.023256
88	21	0.029412
88	42	0.055556
88	47	0.071429
88	59	0.100000
88	76	0.100000
88	96	0.125000
88	121	0.062500
88	139	0.090909
88	153	0.125000
88	163	0.125000
88	185	0.142857
89	8	0.016667
89	14	0.022727
89	15	0.043478
89	27	0.040000
89	67	0.076923
89	71	0.055556
89	81	0.058824
90	0	0.014286
90	1	0.028571
90	8	0.016667
90	18	0.028571
90	20	0.031250
90	42	0.055556
90	48	0.055556
90	133	0.090909
90	144	0.125000
90	146	0.142857
90	147	0.100000
90	164	0.142857
90	172	0.142857
90	177	0.142857
91	0	0.014286
91	9	0.024390
91	21	0.029412
91	22	0.050000
91	33	0.052632
91	48	0.055556
91	79	0.076923
91	175	0.125000
92	18	0.028571
92	20	0.031250
92	22	0.050000
92	44	0.083333
92	58	0.090909
92	65	0.125000
92	77	0.100000
92	130	0.142857
92	131	0.125000
92	134	0.142857
92	155	0.111111
93	8	0.016667
93	12	0.026316
93	14	0.022727
93	34	0.055556
93	39	0.052632
93	54	0.076923
93	69	0.071429
93	119	0.100000
93	152	0.142857
94	0	0.014286
94	5	0.071429
94	20	0.031250
94	35	0.062500
94	46	0.090909
94	56	0.062500
94	76	0.100000
94	122	0.100000
94	178	0.125000
95	2	0.038462
95	14	0.022727
95	15	0.043478
95	16	0.037037
95	21	0.029412
95	48	0.055556
95	67	0.076923
95	101	0.100000
96	0	0.014286
96	43	0.058824
96	55	0.076923
96	62	0.055556
96	85	0.090909
96	86	0.100000
96	88	0.076923
96	147	0.100000
97	9	0.024390
97	25	0.066667
97	43	0.058824
97	50	0.050000
97	54	0.076923
97	73	0.090909
97	75	0.125000
97	148	0.142857
98	9	0.024390
98	16	0.037037
98	29	0.047619
98	32	0.043478
98	37	0.052632
98	52	0.071429
98	66	0.071429
98	127	0.111111
98	136	0.100000
99	0	0.014286
99	4	0.034483
99	17	0.041667
99	52	0.071429
99	72	0.076923
99	73	0.090909
99	78	0.090909
99	101	0.100000
99	176	0.142857
100	0	0.014286
100	8	0.016667
100	10	0.023256
100	14	0.022727
100	19	0.037037
100	40	0.071429
100	50	0.050000
100	134	0.142857
101	8	0.016667
101	13	0.029412
101	19	0.037037
101	43	0.058824
101	57	0.076923
101	95	0.125000
101	99	0.111111
101	140	0.090909
101	147	0.100000
101	178	0.125000
102	0	0.014286
102	4	0.034483
102	10	0.023256
102	13	0.029412
102	22	0.050000
102	32	0.043478
102	37	0.052632
102	103	0.111111
102	138	0.111111
102	150	0.125000
102	180	0.125000
103	7	0.055556
103	12	0.026316
103	31	0.045455
103	49	0.047619
103	63	0.071429
103	73	0.090909
103	102	0.090909
103	123	0.142857
103	163	0.125000
104	6	0.028571
104	16	0.037037
104	17	0.041667
104	24	0.029412
104	29	0.047619
104	37	0.052632
104	81	0.058824
104	124	0.142857
104	148	0.142857
104	173	0.125000
105	11	0.040000
105	14	0.022727
105	31	0.045455
105	43	0.058824
105	49	0.047619
105	69	0.071429
105	81	0.058824
105	116	0.125000
105	124	0.142857
105	151	0.142857
106	12	0.026316
106	35	0.062500
106	36	0.055556
106	41	0.058824
106	42	0.055556
106	62	0.055556
106	71	0.055556
107	6	0.028571
107	9	0.024390
107	14	0.022727
107	17	0.041667
107	39	0.052632
107	74	0.100000
107	81	0.058824
108	1	0.028571
108	4	0.034483
108	12	0.026316
108	14	0.022727
108	20	0.031250
108	33	0.052632
108	61	0.076923
108	116	0.125000
108	120	0.125000
108	126	0.142857
108	142	0.125000
108	145	0.142857
108	152	0.142857
108	155	0.111111
108	180	0.125000
109	15	0.043478
109	18	0.028571
109	24	0.029412
109	40	0.071429
109	41	0.058824
109	60	0.083333
109	71	0.055556
109	137	0.125000
109	154	0.125000
110	1	0.028571
110	6	0.028571
110	15	0.043478
110	40	0.071429
110	43	0.058824
110	63	0.071429
110	71	0.055556
110	182	0.125000
111	4	0.034483
111	12	0.026316
111	20	0.031250
111	32	0.043478
111	41	0.058824
111	48	0.055556
111	55	0.076923
111	142	0.125000
111	146	0.142857
111	152	0.142857
112	2	0.038462
112	4	0.034483
112	12	0.026316
112	17	0.041667
112	39	0.052632
112	43	0.058824
112	47	0.071429
112	132	0.142857
112	139	0.090909
112	156	0.125000
112	174	0.142857
113	8	0.016667
113	32	0.043478
113	50	0.050000
113	63	0.071429
113	71	0.055556
113	78	0.090909
113	84	0.125000
114	11	0.040000
114	16	0.037037
114	18	0.028571
114	31	0.045455
114	41	0.058824
114	50	0.050000
114	80	0.090909
115	4	0.034483
115	18	0.028571
115	22	0.050000
115	23	0.050000
115	31	0.045455
115	48	0.055556
115	56	0.062500
116	2	0.038462
116	6	0.028571
116	18	0.028571
116	33	0.052632
116	49	0.047619
116	105	0.100000
116	108	0.066667
116	117	0.142857
117	0	0.014286
117	4	0.034483
117	10	0.023256
117	20	0.031250
117	21	0.029412
117	49	0.047619
117	116	0.125000
118	1	0.028571
118	4	0.034483
118	11	0.040000
118	32	0.043478
118	48	0.055556
118	64	0.100000
118	69	0.071429
118	137	0.125000
118	138	0.111111
119	0	0.014286
119	2	0.038462
119	36	0.055556
119	63	0.071429
119	78	0.090909
119	83	0.076923
119	93	0.111111
119	129	0.125000
119	132	0.142857
119	170	0.142857
120	6	0.028571
120	12	0.026316
120	20	0.031250
120	49	0.047619
120	56	0.062500
120	61	0.076923
120	108	0.066667
120	174	0.142857
121	0	0.014286
121	9	0.024390
121	12	0.026316
121	42	0.055556
121	46	0.090909
121	66	0.071429
121	88	0.076923
121	124	0.142857
121	127	0.111111
121	134	0.142857
121	144	0.125000
121	150	0.125000
121	160	0.125000
121	169	0.142857
121	173	0.125000
121	182	0.125000
122	8	0.016667
122	12	0.026316
122	21	0.029412
122	33	0.052632
122	54	0.076923
122	80	0.090909
122	94	0.111111
122	132	0.142857
122	151	0.142857
122	157	0.100000
123	8	0.016667
123	16	0.037037
123	29	0.047619
123	36	0.055556
123	54	0.076923
123	64	0.100000
123	103	0.111111
124	0	0.014286
124	18	0.028571
124	38	0.071429
124	67	0.076923
124	104	0.100000
124	105	0.100000
124	121	0.062500
125	0	0.014286
125	13	0.029412
125	21	0.029412
125	22	0.050000
125	31	0.045455
125	63	0.071429
125	85	0.090909
126	1	0.028571
126	13	0.029412
126	20	0.031250
126	50	0.050000
126	77	0.100000
126	81	0.058824
126	108	0.066667
127	6	0.028571
127	9	0.024390
127	15	0.043478
127	28	0.066667
127	76	0.100000
127	98	0.111111
127	121	0.062500
127	133	0.090909
127	174	0.142857
128	6	0.028571
128	17	0.041667
128	18	0.028571
128	24	0.029412
128	30	0.062500
128	41	0.058824
128	57	0.076923
129	1	0.028571
129	10	0.023256
129	13	0.029412
129	36	0.055556
129	49	0.047619
129	79	0.076923
129	119	0.100000
129	137	0.125000
130	6	0.028571
130	7	0.055556
130	10	0.023256
130	30	0.062500
130	67	0.076923
130	71	0.055556
130	92	0.090909
131	1	0.028571
131	2	0.038462
131	24	0.029412
131	31	0.045455
131	57	0.076923
131	83	0.076923
131	92	0.090909
131	143	0.125000
132	2	0.038462
132	14	0.022727
132	25	0.066667
132	79	0.076923
132	112	0.090909
132	119	0.100000
132	122	0.100000
133	2	0.038462
133	6	0.028571
133	8	0.016667
133	21	0.029412
133	81	0.058824
133	90	0.071429
133	127	0.111111
133	136	0.100000
133	155	0.111111
133	158	0.125000
133	160	0.125000
134	6	0.028571
134	18	0.028571
134	39	0.052632
134	41	0.058824
134	92	0.090909
134	100	0.125000
134	121	0.062500
135	0	0.014286
135	8	0.016667
135	17	0.041667
135	18	0.028571
135	54	0.076923
135	57	0.076923
135	67	0.076923
135	157	0.100000
136	1	0.028571
136	2	0.038462
136	10	0.023256
136	12	0.026316
136	44	0.083333
136	98	0.111111
136	133	0.090909
136	139	0.090909
136	145	0.142857
136	175	0.125000
137	5	0.071429
137	13	0.029412
137	20	0.031250
137	62	0.055556
137	109	0.111111
137	118	0.111111
137	129	0.125000
137	149	0.125000
138	2	0.038462
138	14	0.022727
138	41	0.058824
138	79	0.076923
138	86	0.100000
138	102	0.090909
138	118	0.111111
138	181	0.142857
138	184	0.142857
139	26	0.052632
139	37	0.052632
139	50	0.050000
139	80	0.090909
139	88	0.076923
139	112	0.090909
139	136	0.100000
139	153	0.125000
139	176	0.142857
139	180	0.125000
139	182	0.125000
140	1	0.028571
140	31	0.045455
140	56	0.062500
140	59	0.100000
140	62	0.055556
140	80	0.090909
140	101	0.100000
140	153	0.125000
140	156	0.125000
140	161	0.142857
140	172	0.142857
141	15	0.043478
141	20	0.031250
141	32	0.043478
141	52	0.071429
141	55	0.076923
141	74	0.100000
141	83	0.076923
141	150	0.125000
141	179	0.125000
141	182	0.125000
142	0	0.014286
142	1	0.028571
142	26	0.052632
142	35	0.062500
142	87	0.125000
142	108	0.066667
142	111	0.100000
142	156	0.125000
143	8	0.016667
143	9	0.024390
143	14	0.022727
143	38	0.071429
143	47	0.071429
143	60	0.083333
143	131	0.125000
143	170	0.142857
144	7	0.055556
144	10	0.023256
144	13	0.029412
144	72	0.076923
144	85	0.090909
144	90	0.071429
144	121	0.062500
144	170	0.142857
145	2	0.038462
145	6	0.028571
145	8	0.016667
145	45	0.076923
145	58	0.090909
145	108	0.066667
145	136	0.100000
146	9	0.024390
146	13	0.029412
146	15	0.043478
146	43	0.058824
146	83	0.076923
146	90	0.071429
146	111	0.100000
147	9	0.024390
147	24	0.029412
147	29	0.047619
147	55	0.076923
147	90	0.071429
147	96	0.125000
147	101	0.100000
147	148	0.142857
147	149	0.125000
147	158	0.125000
148	10	0.023256
148	14	0.022727
148	71	0.055556
148	72	0.076923
148	97	0.125000
148	104	0.100000
148	147	0.100000
149	12	0.026316
149	19	0.037037
149	24	0.029412
149	50	0.050000
149	70	0.111111
149	137	0.125000
149	147	0.100000
149	178	0.125000
150	15	0.043478
150	23	0.050000
150	24	0.029412
150	60	0.083333
150	102	0.090909
150	121	0.062500
150	141	0.100000
150	159	0.125000
151	6	0.028571
151	16	0.037037
151	26	0.052632
151	71	0.055556
151	79	0.076923
151	105	0.100000
151	122	0.100000
152	4	0.034483
152	28	0.066667
152	31	0.045455
152	38	0.071429
152	93	0.111111
152	108	0.066667
152	111	0.100000
153	26	0.052632
153	27	0.040000
153	72	0.076923
153	83	0.076923
153	88	0.076923
153	139	0.090909
153	140	0.090909
153	156	0.125000
154	24	0.029412
154	37	0.052632
154	39	0.052632
154	45	0.076923
154	63	0.071429
154	66	0.071429
154	109	0.111111
154	169	0.142857
155	1	0.028571
155	8	0.016667
155	39	0.052632
155	44	0.083333
155	92	0.090909
155	108	0.066667
155	133	0.090909
155	169	0.142857
155	171	0.142857
156	17	0.041667
156	50	0.050000
156	55	0.076923
156	112	0.090909
156	140	0.090909
156	142	0.125000
156	153	0.125000
156	174	0.142857
157	16	0.037037
157	21	0.029412
157	23	0.050000
157	49	0.047619
157	62	0.055556
157	122	0.100000
157	135	0.125000
157	160	0.125000
157	164	0.142857
157	182	0.125000
158	0	0.014286
158	3	0.111111
158	9	0.024390
158	21	0.029412
158	23	0.050000
158	133	0.090909
158	147	0.100000
158	165	0.142857
159	1	0.028571
159	16	0.037037
159	21	0.029412
159	31	0.045455
159	68	0.100000
159	83	0.076923
159	150	0.125000
159	161	0.142857
160	18	0.028571
160	34	0.055556
160	50	0.050000
160	69	0.071429
160	121	0.062500
160	133	0.090909
160	157	0.100000
160	177	0.142857
161	7	0.055556
161	8	0.016667
161	9	0.024390
161	15	0.043478
161	74	0.100000
161	140	0.090909
161	159	0.125000
162	0	0.014286
162	1	0.028571
162	18	0.028571
162	22	0.050000
162	26	0.052632
162	49	0.047619
162	86	0.100000
162	179	0.125000
163	9	0.024390
163	11	0.040000
163	28	0.066667
163	37	0.052632
163	85	0.090909
163	88	0.076923
163	103	0.111111
163	183	0.142857
164	15	0.043478
164	21	0.029412
164	35	0.062500
164	56	0.062500
164	61	0.076923
164	90	0.071429
164	157	0.100000
165	5	0.071429
165	8	0.016667
165	10	0.023256
165	16	0.037037
165	39	0.052632
165	82	0.111111
165	158	0.125000
166	4	0.034483
166	8	0.016667
166	12	0.026316
166	18	0.028571
166	20	0.031250
166	31	0.045455
166	32	0.043478
166	178	0.125000
167	1	0.028571
167	2	0.038462
167	3	0.111111
167	8	0.016667
167	10	0.023256
167	20	0.031250
167	32	0.043478
167	185	0.142857
168	0	0.014286
168	16	0.037037
168	17	0.041667
168	24	0.029412
168	27	0.040000
168	69	0.071429
168	78	0.090909
169	3	0.111111
169	24	0.029412
169	32	0.043478
169	37	0.052632
169	121	0.062500
169	154	0.125000
169	155	0.111111
170	5	0.071429
170	8	0.016667
170	42	0.055556
170	61	0.076923
170	119	0.100000
170	143	0.125000
170	144	0.125000
171	15	0.043478
171	19	0.037037
171	28	0.066667
171	30	0.062500
171	32	0.043478
171	50	0.050000
171	155	0.111111
172	1	0.028571
172	19	0.037037
172	43	0.058824
172	48	0.055556
172	55	0.076923
172	90	0.071429
172	140	0.090909
173	7	0.055556
173	29	0.047619
173	34	0.055556
173	36	0.055556
173	69	0.071429
173	104	0.100000
173	121	0.062500
173	174	0.142857
174	36	0.055556
174	62	0.055556
174	112	0.090909
174	120	0.125000
174	127	0.111111
174	156	0.125000
174	173	0.125000
175	0	0.014286
175	6	0.028571
175	10	0.023256
175	20	0.031250
175	29	0.047619
175	91	0.125000
175	136	0.100000
175	185	0.142857
176	8	0.016667
176	10	0.023256
176	24	0.029412
176	37	0.052632
176	81	0.058824
176	99	0.111111
176	139	0.090909
177	1	0.028571
177	21	0.029412
177	27	0.040000
177	68	0.100000
177	70	0.111111
177	90	0.071429
177	160	0.125000
178	11	0.040000
178	28	0.066667
178	66	0.071429
178	94	0.111111
178	101	0.100000
178	149	0.125000
178	166	0.125000
178	179	0.125000
179	0	0.014286
179	9	0.024390
179	24	0.029412
179	61	0.076923
179	141	0.100000
179	162	0.125000
179	178	0.125000
179	185	0.142857
180	8	0.016667
180	16	0.037037
180	29	0.047619
180	81	0.058824
180	102	0.090909
180	108	0.066667
180	139	0.090909
180	184	0.142857
181	9	0.024390
181	18	0.028571
181	43	0.058824
181	49	0.047619
181	66	0.071429
181	81	0.058824
181	138	0.111111
182	0	0.014286
182	66	0.071429
182	110	0.125000
182	121	0.062500
182	139	0.090909
182	141	0.100000
182	157	0.100000
182	184	0.142857
183	0	0.014286
183	31	0.045455
183	42	0.055556
183	49	0.047619
183	59	0.100000
183	71	0.055556
183	163	0.125000
184	9	0.024390
184	19	0.037037
184	48	0.055556
184	81	0.058824
184	138	0.111111
184	180	0.125000
184	182	0.125000
185	0	0.014286
185	4	0.034483
185	22	0.050000
185	88	0.076923
185	167	0.125000
185	175	0.125000
185	179	0.125000
