200	3052
0	8	0.015625
0	9	0.014925
0	13	0.021277
0	14	0.018182
0	17	0.021739
0	22	0.050000
0	23	0.062500
0	41	0.041667
0	42	0.041667
0	47	0.034483
0	54	0.066667
0	56	0.076923
0	59	0.076923
0	60	0.076923
0	61	0.125000
0	66	0.090909
0	73	0.058824
0	74	0.058824
0	77	0.066667
0	82	0.083333
0	88	0.100000
0	103	0.058824
0	109	0.125000
0	111	0.071429
0	116	0.090909
0	130	0.083333
0	131	0.100000
0	136	0.076923
0	141	0.090909
0	144	0.100000
0	151	0.125000
0	155	0.111111
0	162	0.125000
0	170	0.111111
0	179	0.111111
0	185	0.100000
0	196	0.125000
1	8	0.015625
1	9	0.014925
1	10	0.014706
1	11	0.025641
1	12	0.017857
1	14	0.018182
1	17	0.021739
1	20	0.037037
1	25	0.035714
1	26	0.062500
1	27	0.047619
1	30	0.071429
1	33	0.037037
1	37	0.041667
1	38	0.038462
1	42	0.041667
1	55	0.100000
1	58	0.083333
1	69	0.071429
1	71	0.047619
1	79	0.058824
1	98	0.090909
1	112	0.111111
1	115	0.100000
1	123	0.125000
1	126	0.111111
1	138	0.125000
1	149	0.090909
1	168	0.142857
2	8	0.015625
2	9	0.014925
2	10	0.014706
2	16	0.040000
2	27	0.047619
2	29	0.090909
2	33	0.037037
2	34	0.066667
2	35	0.076923
2	36	0.045455
2	38	0.038462
2	43	0.076923
2	59	0.076923
2	62	0.111111
2	63	0.066667
2	68	0.090909
2	70	0.066667
2	73	0.058824
2	79	0.058824
2	81	0.111111
2	84	0.090909
2	86	0.052632
2	89	0.111111
2	107	0.083333
2	108	0.090909
2	114	0.076923
2	136	0.076923
2	138	0.125000
2	139	0.111111
2	141	0.090909
2	150	0.111111
2	189	0.125000
2	192	0.111111
3	8	0.015625
3	9	0.014925
3	10	0.014706
3	11	0.025641
3	14	0.018182
3	15	0.020408
3	16	0.040000
3	17	0.021739
3	18	0.026316
3	20	0.037037
3	27	0.047619
3	29	0.090909
3	38	0.038462
3	39	0.052632
3	40	0.052632
3	43	0.076923
3	45	0.052632
3	48	0.058824
3	49	0.050000
3	55	0.100000
3	76	0.111111
3	80	0.111111
3	87	0.111111
3	92	0.083333
3	103	0.058824
3	111	0.071429
3	113	0.100000
3	115	0.100000
3	117	0.111111
3	134	0.125000
3	135	0.083333
3	137	0.125000
3	146	0.125000
3	147	0.100000
3	174	0.125000
3	179	0.111111
3	188	0.111111
3	189	0.125000
3	192	0.111111
4	8	0.015625
4	9	0.014925
4	12	0.017857
4	13	0.021277
4	15	0.020408
4	18	0.026316
4	26	0.062500
4	33	0.037037
4	35	0.076923
4	38	0.038462
4	58	0.083333
4	65	0.111111
4	66	0.090909
4	68	0.090909
4	80	0.111111
4	84	0.090909
4	85	0.090909
4	89	0.111111
4	108	0.090909
4	143	0.090909
4	173	0.125000
4	181	0.125000
4	197	0.125000
4	199	0.142857
5	8	0.015625
5	9	0.014925
5	10	0.014706
5	11	0.025641
5	12	0.017857
5	17	0.021739
5	20	0.037037
5	58	0.083333
5	61	0.125000
5	76	0.111111
5	97	0.076923
5	98	0.090909
5	109	0.125000
5	123	0.125000
5	184	0.125000
6	8	0.015625
6	10	0.014706
6	11	0.025641
6	12	0.017857
6	13	0.021277
6	15	0.020408
6	16	0.040000
6	18	0.026316
6	19	0.027778
6	21	0.033333
6	25	0.035714
6	39	0.052632
6	49	0.050000
6	56	0.076923
6	61	0.125000
6	63	0.066667
6	69	0.071429
6	76	0.111111
6	83	0.076923
6	85	0.090909
6	102	0.076923
6	109	0.125000
6	121	0.111111
6	167	0.111111
6	174	0.125000
6	176	0.125000
6	178	0.125000
6	190	0.125000
6	191	0.125000
7	8	0.015625
7	9	0.014925
7	10	0.014706
7	11	0.025641
7	12	0.017857
7	13	0.021277
7	17	0.021739
7	23	0.062500
7	24	0.052632
7	25	0.035714
7	30	0.071429
7	31	0.083333
7	34	0.066667
7	36	0.045455
7	39	0.052632
7	41	0.041667
7	42	0.041667
7	45	0.052632
7	46	0.058824
7	48	0.058824
7	56	0.076923
7	57	0.090909
7	60	0.076923
7	65	0.111111
7	71	0.047619
7	75	0.090909
7	77	0.066667
7	78	0.047619
7	91	0.111111
7	97	0.076923
7	99	0.100000
7	100	0.090909
7	113	0.100000
7	129	0.111111
7	131	0.100000
7	134	0.125000
7	141	0.090909
7	161	0.100000
7	168	0.142857
7	182	0.125000
7	183	0.111111
7	188	0.111111
8	0	0.027027
8	1	0.034483
8	2	0.030303
8	3	0.025641
8	4	0.041667
8	5	0.066667
8	6	0.034483
8	7	0.023810
8	9	0.014925
8	10	0.014706
8	11	0.025641
8	12	0.017857
8	13	0.021277
8	14	0.018182
8	15	0.020408
8	17	0.021739
8	19	0.027778
8	21	0.033333
8	22	0.050000
8	24	0.052632
8	28	0.076923
8	31	0.083333
8	34	0.066667
8	36	0.045455
8	40	0.052632
8	41	0.041667
8	42	0.041667
8	44	0.037037
8	47	0.034483
8	50	0.076923
8	51	0.062500
8	56	0.076923
8	63	0.066667
8	67	0.055556
8	70	0.066667
8	73	0.058824
8	76	0.111111
8	78	0.047619
8	79	0.058824
8	81	0.111111
8	83	0.076923
8	84	0.090909
8	86	0.052632
8	101	0.090909
8	114	0.076923
8	121	0.111111
8	122	0.125000
8	130	0.083333
8	131	0.100000
8	134	0.125000
8	136	0.076923
8	143	0.090909
8	144	0.100000
8	145	0.100000
8	149	0.090909
8	153	0.111111
8	156	0.125000
8	162	0.125000
8	170	0.111111
8	178	0.125000
8	182	0.125000
8	184	0.125000
8	197	0.125000
8	198	0.125000
9	0	0.027027
9	1	0.034483
9	2	0.030303
9	3	0.025641
9	4	0.041667
9	5	0.066667
9	7	0.023810
9	8	0.015625
9	10	0.014706
9	11	0.025641
9	12	0.017857
9	13	0.021277
9	14	0.018182
9	15	0.020408
9	17	0.021739
9	18	0.026316
9	19	0.027778
9	21	0.033333
9	24	0.052632
9	25	0.035714
9	27	0.047619
9	29	0.090909
9	31	0.083333
9	32	0.030303
9	33	0.037037
9	34	0.066667
9	36	0.045455
9	37	0.041667
9	38	0.038462
9	39	0.052632
9	40	0.052632
9	43	0.076923
9	46	0.058824
9	48	0.058824
9	55	0.100000
9	65	0.111111
9	66	0.090909
9	68	0.090909
9	74	0.058824
9	76	0.111111
9	82	0.083333
9	83	0.076923
9	86	0.052632
9	88	0.100000
9	90	0.062500
9	91	0.111111
9	95	0.111111
9	100	0.090909
9	105	0.076923
9	107	0.083333
9	111	0.071429
9	112	0.111111
9	113	0.100000
9	125	0.125000
9	130	0.083333
9	137	0.125000
9	142	0.090909
9	145	0.100000
9	150	0.111111
9	157	0.125000
9	159	0.111111
9	161	0.100000
9	165	0.111111
9	175	0.090909
9	179	0.111111
9	185	0.100000
9	195	0.125000
10	1	0.034483
10	2	0.030303
10	3	0.025641
10	5	0.066667
10	6	0.034483
10	7	0.023810
10	8	0.015625
10	9	0.014925
10	12	0.017857
10	13	0.021277
10	14	0.018182
10	15	0.020408
10	16	0.040000
10	19	0.027778
10	20	0.037037
10	21	0.033333
10	22	0.050000
10	25	0.035714
10	27	0.047619
10	28	0.076923
10	30	0.071429
10	33	0.037037
10	36	0.045455
10	38	0.038462
10	41	0.041667
10	44	0.037037
10	47	0.034483
10	48	0.058824
10	50	0.076923
10	52	0.055556
10	57	0.090909
10	59	0.076923
10	60	0.076923
10	61	0.125000
10	62	0.111111
10	63	0.066667
10	64	0.045455
10	65	0.111111
10	69	0.071429
10	71	0.047619
10	76	0.111111
10	77	0.066667
10	78	0.047619
10	81	0.111111
10	88	0.100000
10	92	0.083333
10	95	0.111111
10	103	0.058824
10	106	0.083333
10	108	0.090909
10	112	0.111111
10	113	0.100000
10	118	0.100000
10	119	0.100000
10	120	0.125000
10	121	0.111111
10	127	0.111111
10	128	0.125000
10	129	0.111111
10	136	0.076923
10	147	0.100000
10	156	0.125000
10	164	0.111111
10	166	0.100000
10	174	0.125000
10	177	0.111111
10	183	0.111111
10	185	0.100000
11	1	0.034483
11	3	0.025641
11	5	0.066667
11	6	0.034483
11	7	0.023810
11	8	0.015625
11	9	0.014925
11	16	0.040000
11	19	0.027778
11	22	0.050000
11	23	0.062500
11	24	0.052632
11	25	0.035714
11	28	0.076923
11	31	0.083333
11	33	0.037037
11	37	0.041667
11	44	0.037037
11	49	0.050000
11	50	0.076923
11	51	0.062500
11	54	0.066667
11	60	0.076923
11	63	0.066667
11	67	0.055556
11	103	0.058824
11	113	0.100000
11	119	0.100000
11	121	0.111111
11	132	0.111111
11	139	0.111111
11	142	0.090909
11	158	0.111111
11	159	0.111111
11	161	0.100000
11	173	0.125000
11	180	0.111111
11	181	0.125000
11	194	0.125000
12	1	0.034483
12	4	0.041667
12	5	0.066667
12	6	0.034483
12	7	0.023810
12	8	0.015625
12	9	0.014925
12	10	0.014706
12	14	0.018182
12	16	0.040000
12	17	0.021739
12	18	0.026316
12	19	0.027778
12	21	0.033333
12	23	0.062500
12	24	0.052632
12	26	0.062500
12	31	0.083333
12	33	0.037037
12	42	0.041667
12	44	0.037037
12	46	0.058824
12	53	0.040000
12	56	0.076923
12	64	0.045455
12	69	0.071429
12	70	0.066667
12	72	0.055556
12	76	0.111111
12	79	0.058824
12	83	0.076923
12	86	0.052632
12	87	0.111111
12	91	0.111111
12	92	0.083333
12	98	0.090909
12	104	0.090909
12	109	0.125000
12	113	0.100000
12	117	0.111111
12	120	0.125000
12	123	0.125000
12	125	0.125000
12	127	0.111111
12	136	0.076923
12	138	0.125000
12	139	0.111111
12	144	0.100000
12	154	0.125000
12	162	0.125000
12	175	0.090909
12	176	0.125000
12	178	0.125000
12	181	0.125000
12	196	0.125000
12	197	0.125000
13	0	0.027027
13	4	0.041667
13	6	0.034483
13	7	0.023810
13	8	0.015625
13	9	0.014925
13	10	0.014706
13	15	0.020408
13	16	0.040000
13	19	0.027778
13	20	0.037037
13	21	0.033333
13	23	0.062500
13	25	0.035714
13	28	0.076923
13	31	0.083333
13	39	0.052632
13	41	0.041667
13	45	0.052632
13	46	0.058824
13	49	0.050000
13	51	0.062500
13	53	0.040000
13	56	0.076923
13	69	0.071429
13	71	0.047619
13	85	0.090909
13	86	0.052632
13	92	0.083333
13	94	0.090909
13	97	0.076923
13	98	0.090909
13	105	0.076923
13	112	0.111111
13	122	0.125000
13	127	0.111111
13	128	0.125000
13	134	0.125000
13	137	0.125000
13	141	0.090909
13	163	0.125000
13	168	0.142857
13	174	0.125000
13	176	0.125000
13	180	0.111111
13	187	0.125000
13	195	0.125000
14	0	0.027027
14	1	0.034483
14	3	0.025641
14	8	0.015625
14	9	0.014925
14	10	0.014706
14	12	0.017857
14	15	0.020408
14	18	0.026316
14	19	0.027778
14	20	0.037037
14	22	0.050000
14	23	0.062500
14	27	0.047619
14	28	0.076923
14	29	0.090909
14	30	0.071429
14	32	0.030303
14	36	0.045455
14	41	0.041667
14	47	0.034483
14	52	0.055556
14	56	0.076923
14	59	0.076923
14	66	0.090909
14	67	0.055556
14	68	0.090909
14	71	0.047619
14	73	0.058824
14	74	0.058824
14	77	0.066667
14	78	0.047619
14	87	0.111111
14	91	0.111111
14	92	0.083333
14	94	0.090909
14	95	0.111111
14	98	0.090909
14	106	0.083333
14	110	0.090909
14	112	0.111111
14	117	0.111111
14	120	0.125000
14	123	0.125000
14	129	0.111111
14	131	0.100000
14	132	0.111111
14	133	0.090909
14	138	0.125000
14	143	0.090909
14	145	0.100000
14	151	0.125000
14	172	0.100000
14	176	0.125000
14	187	0.125000
15	3	0.025641
15	4	0.041667
15	6	0.034483
15	8	0.015625
15	9	0.014925
15	10	0.014706
15	13	0.021277
15	14	0.018182
15	16	0.040000
15	18	0.026316
15	22	0.050000
15	24	0.052632
15	26	0.062500
15	29	0.090909
15	31	0.083333
15	32	0.030303
15	34	0.066667
15	35	0.076923
15	43	0.076923
15	44	0.037037
15	46	0.058824
15	49	0.050000
15	50	0.076923
15	56	0.076923
15	63	0.066667
15	66	0.090909
15	67	0.055556
15	74	0.058824
15	75	0.090909
15	79	0.058824
15	91	0.111111
15	93	0.125000
15	94	0.090909
15	96	0.111111
15	97	0.076923
15	106	0.083333
15	118	0.100000
15	120	0.125000
15	122	0.125000
15	123	0.125000
15	124	0.083333
15	132	0.111111
15	150	0.111111
15	159	0.111111
15	161	0.100000
15	162	0.125000
15	165	0.111111
15	170	0.111111
15	188	0.111111
16	2	0.030303
16	3	0.025641
16	6	0.034483
16	10	0.014706
16	11	0.025641
16	12	0.017857
16	13	0.021277
16	15	0.020408
16	20	0.037037
16	21	0.033333
16	42	0.041667
16	43	0.076923
16	55	0.100000
16	64	0.045455
16	65	0.111111
16	75	0.090909
16	96	0.111111
16	99	0.100000
16	108	0.090909
16	138	0.125000
16	179	0.111111
16	180	0.111111
16	186	0.125000
16	190	0.125000
16	193	0.125000
17	0	0.027027
17	1	0.034483
17	3	0.025641
17	5	0.066667
17	7	0.023810
17	8	0.015625
17	9	0.014925
17	12	0.017857
17	18	0.026316
17	21	0.033333
17	22	0.050000
17	23	0.062500
17	26	0.062500
17	28	0.076923
17	30	0.071429
17	35	0.076923
17	39	0.052632
17	40	0.052632
17	42	0.041667
17	45	0.052632
17	48	0.058824
17	55	0.100000
17	59	0.076923
17	75	0.090909
17	80	0.111111
17	81	0.111111
17	83	0.076923
17	93	0.125000
17	95	0.111111
17	101	0.090909
17	112	0.111111
17	122	0.125000
17	126	0.111111
17	129	0.111111
17	131	0.100000
17	149	0.090909
17	153	0.111111
17	154	0.125000
17	158	0.111111
17	168	0.142857
17	171	0.100000
17	175	0.090909
17	189	0.125000
17	190	0.125000
17	196	0.125000
17	198	0.125000
18	3	0.025641
18	4	0.041667
18	6	0.034483
18	9	0.014925
18	12	0.017857
18	14	0.018182
18	15	0.020408
18	17	0.021739
18	22	0.050000
18	23	0.062500
18	24	0.052632
18	27	0.047619
18	28	0.076923
18	30	0.071429
18	32	0.030303
18	35	0.076923
18	39	0.052632
18	40	0.052632
18	49	0.050000
18	52	0.055556
18	53	0.040000
18	54	0.066667
18	65	0.111111
18	66	0.090909
18	67	0.055556
18	80	0.111111
18	99	0.100000
18	102	0.076923
18	116	0.090909
18	125	0.125000
18	129	0.111111
18	130	0.083333
18	137	0.125000
18	144	0.100000
18	154	0.125000
18	166	0.100000
18	184	0.125000
18	187	0.125000
19	6	0.034483
19	8	0.015625
19	9	0.014925
19	10	0.014706
19	11	0.025641
19	12	0.017857
19	13	0.021277
19	14	0.018182
19	20	0.037037
19	26	0.062500
19	27	0.047619
19	29	0.090909
19	30	0.071429
19	37	0.041667
19	38	0.038462
19	44	0.037037
19	46	0.058824
19	66	0.090909
19	72	0.055556
19	74	0.058824
19	82	0.083333
19	87	0.111111
19	93	0.125000
19	95	0.111111
19	99	0.100000
19	100	0.090909
19	104	0.090909
19	105	0.076923
19	107	0.083333
19	111	0.071429
19	118	0.100000
19	127	0.111111
19	136	0.076923
19	156	0.125000
19	168	0.142857
19	170	0.111111
20	1	0.034483
20	3	0.025641
20	5	0.066667
20	10	0.014706
20	13	0.021277
20	14	0.018182
20	16	0.040000
20	19	0.027778
20	32	0.030303
20	36	0.045455
20	44	0.037037
20	45	0.052632
20	47	0.034483
20	49	0.050000
20	54	0.066667
20	75	0.090909
20	81	0.111111
20	92	0.083333
20	97	0.076923
20	106	0.083333
20	112	0.111111
20	115	0.100000
20	131	0.100000
20	134	0.125000
20	164	0.111111
20	187	0.125000
20	190	0.125000
21	6	0.034483
21	8	0.015625
21	9	0.014925
21	10	0.014706
21	12	0.017857
21	13	0.021277
21	16	0.040000
21	17	0.021739
21	26	0.062500
21	29	0.090909
21	30	0.071429
21	32	0.030303
21	34	0.066667
21	37	0.041667
21	47	0.034483
21	50	0.076923
21	52	0.055556
21	57	0.090909
21	58	0.083333
21	70	0.066667
21	86	0.052632
21	94	0.090909
21	106	0.083333
21	107	0.083333
21	126	0.111111
21	128	0.125000
21	152	0.125000
21	154	0.125000
21	161	0.100000
21	170	0.111111
22	0	0.027027
22	8	0.015625
22	10	0.014706
22	11	0.025641
22	14	0.018182
22	15	0.020408
22	17	0.021739
22	18	0.026316
22	25	0.035714
22	32	0.030303
22	41	0.041667
22	46	0.058824
22	51	0.062500
22	67	0.055556
22	72	0.055556
22	73	0.058824
22	146	0.125000
22	153	0.111111
22	179	0.111111
22	192	0.111111
23	0	0.027027
23	7	0.023810
23	11	0.025641
23	12	0.017857
23	13	0.021277
23	14	0.018182
23	17	0.021739
23	18	0.026316
23	24	0.052632
23	35	0.076923
23	41	0.041667
23	47	0.034483
23	52	0.055556
23	54	0.066667
23	62	0.111111
23	133	0.090909
24	7	0.023810
24	8	0.015625
24	9	0.014925
24	11	0.025641
24	12	0.017857
24	15	0.020408
24	18	0.026316
24	23	0.062500
24	31	0.083333
24	48	0.058824
24	50	0.076923
24	52	0.055556
24	66	0.090909
24	87	0.111111
24	117	0.111111
24	147	0.100000
24	148	0.125000
24	164	0.111111
24	194	0.125000
25	1	0.034483
25	6	0.034483
25	7	0.023810
25	9	0.014925
25	10	0.014706
25	11	0.025641
25	13	0.021277
25	22	0.050000
25	26	0.062500
25	29	0.090909
25	32	0.030303
25	34	0.066667
25	35	0.076923
25	37	0.041667
25	42	0.041667
25	43	0.076923
25	51	0.062500
25	59	0.076923
25	71	0.047619
25	74	0.058824
25	93	0.125000
25	101	0.090909
25	124	0.083333
25	127	0.111111
25	133	0.090909
25	151	0.125000
25	186	0.125000
25	188	0.111111
26	1	0.034483
26	4	0.041667
26	12	0.017857
26	15	0.020408
26	17	0.021739
26	19	0.027778
26	21	0.033333
26	25	0.035714
26	54	0.066667
26	79	0.058824
26	90	0.062500
26	94	0.090909
26	103	0.058824
26	124	0.083333
26	135	0.083333
26	165	0.111111
27	1	0.034483
27	2	0.030303
27	3	0.025641
27	9	0.014925
27	10	0.014706
27	14	0.018182
27	18	0.026316
27	19	0.027778
27	36	0.045455
27	53	0.040000
27	61	0.125000
27	62	0.111111
27	65	0.111111
27	89	0.111111
27	110	0.090909
27	132	0.111111
27	140	0.100000
27	160	0.125000
27	163	0.125000
27	166	0.100000
27	192	0.111111
28	8	0.015625
28	10	0.014706
28	11	0.025641
28	13	0.021277
28	14	0.018182
28	17	0.021739
28	18	0.026316
28	37	0.041667
28	38	0.038462
28	45	0.052632
28	58	0.083333
28	100	0.090909
28	115	0.100000
29	2	0.030303
29	3	0.025641
29	9	0.014925
29	14	0.018182
29	15	0.020408
29	19	0.027778
29	21	0.033333
29	25	0.035714
29	37	0.041667
29	68	0.090909
29	171	0.100000
30	1	0.034483
30	7	0.023810
30	10	0.014706
30	14	0.018182
30	17	0.021739
30	18	0.026316
30	19	0.027778
30	21	0.033333
30	104	0.090909
30	107	0.083333
30	116	0.090909
30	140	0.100000
30	164	0.111111
30	170	0.111111
31	7	0.023810
31	8	0.015625
31	9	0.014925
31	11	0.025641
31	12	0.017857
31	13	0.021277
31	15	0.020408
31	24	0.052632
31	53	0.040000
31	58	0.083333
31	59	0.076923
31	102	0.076923
32	9	0.014925
32	14	0.018182
32	15	0.020408
32	18	0.026316
32	20	0.037037
32	21	0.033333
32	22	0.050000
32	25	0.035714
32	33	0.037037
32	35	0.076923
32	39	0.052632
32	40	0.052632
32	51	0.062500
32	55	0.100000
32	58	0.083333
32	64	0.045455
32	70	0.066667
32	72	0.055556
32	80	0.111111
32	82	0.083333
32	83	0.076923
32	87	0.111111
32	90	0.062500
32	95	0.111111
32	114	0.076923
32	117	0.111111
32	119	0.100000
32	143	0.090909
32	144	0.100000
32	147	0.100000
32	160	0.125000
32	189	0.125000
32	191	0.125000
33	1	0.034483
33	2	0.030303
33	4	0.041667
33	9	0.014925
33	10	0.014706
33	11	0.025641
33	12	0.017857
33	32	0.030303
33	34	0.066667
33	61	0.125000
33	64	0.045455
33	67	0.055556
33	72	0.055556
33	75	0.090909
33	89	0.111111
33	90	0.062500
33	92	0.083333
33	124	0.083333
33	129	0.111111
33	149	0.090909
33	160	0.125000
33	174	0.125000
33	178	0.125000
33	182	0.125000
33	183	0.111111
33	191	0.125000
33	194	0.125000
34	2	0.030303
34	7	0.023810
34	8	0.015625
34	9	0.014925
34	15	0.020408
34	21	0.033333
34	25	0.035714
34	33	0.037037
34	89	0.111111
34	105	0.076923
34	116	0.090909
34	132	0.111111
34	160	0.125000
34	173	0.125000
34	197	0.125000
35	2	0.030303
35	4	0.041667
35	15	0.020408
35	17	0.021739
35	18	0.026316
35	23	0.062500
35	25	0.035714
35	32	0.030303
35	40	0.052632
35	53	0.040000
35	101	0.090909
35	192	0.111111
35	198	0.125000
36	2	0.030303
36	7	0.023810
36	8	0.015625
36	9	0.014925
36	10	0.014706
36	14	0.018182
36	20	0.037037
36	27	0.047619
36	40	0.052632
36	46	0.058824
36	55	0.100000
36	57	0.090909
36	63	0.066667
36	80	0.111111
36	81	0.111111
36	99	0.100000
36	102	0.076923
36	105	0.076923
36	120	0.125000
36	148	0.125000
36	167	0.111111
36	177	0.111111
37	1	0.034483
37	9	0.014925
37	11	0.025641
37	19	0.027778
37	21	0.033333
37	25	0.035714
37	28	0.076923
37	29	0.090909
37	43	0.076923
37	51	0.062500
37	54	0.066667
37	57	0.090909
37	60	0.076923
37	68	0.090909
37	86	0.052632
37	97	0.076923
37	114	0.076923
37	117	0.111111
37	121	0.111111
37	128	0.125000
37	133	0.090909
37	167	0.111111
37	172	0.100000
37	175	0.090909
38	1	0.034483
38	2	0.030303
38	3	0.025641
38	4	0.041667
38	9	0.014925
38	10	0.014706
38	19	0.027778
38	28	0.076923
38	48	0.058824
38	49	0.050000
38	53	0.040000
38	60	0.076923
38	74	0.058824
38	77	0.066667
38	84	0.090909
38	97	0.076923
38	102	0.076923
38	105	0.076923
38	121	0.111111
38	122	0.125000
38	123	0.125000
38	148	0.125000
38	169	0.100000
38	183	0.111111
38	194	0.125000
38	196	0.125000
39	3	0.025641
39	6	0.034483
39	7	0.023810
39	9	0.014925
39	13	0.021277
39	17	0.021739
39	18	0.026316
39	32	0.030303
39	45	0.052632
39	47	0.034483
39	61	0.125000
39	85	0.090909
39	87	0.111111
39	98	0.090909
39	125	0.125000
39	135	0.083333
39	139	0.111111
39	150	0.111111
39	169	0.100000
40	3	0.025641
40	8	0.015625
40	9	0.014925
40	17	0.021739
40	18	0.026316
40	32	0.030303
40	35	0.076923
40	36	0.045455
40	77	0.066667
40	85	0.090909
40	100	0.090909
40	126	0.111111
40	136	0.076923
40	139	0.111111
40	142	0.090909
40	169	0.100000
40	185	0.100000
40	191	0.125000
40	193	0.125000
41	0	0.027027
41	7	0.023810
41	8	0.015625
41	10	0.014706
41	13	0.021277
41	14	0.018182
41	22	0.050000
41	23	0.062500
41	45	0.052632
41	51	0.062500
41	57	0.090909
41	60	0.076923
41	72	0.055556
41	84	0.090909
41	88	0.100000
41	103	0.058824
41	127	0.111111
41	139	0.111111
41	152	0.125000
41	155	0.111111
41	157	0.125000
41	165	0.111111
41	176	0.125000
41	198	0.125000
42	0	0.027027
42	1	0.034483
42	7	0.023810
42	8	0.015625
42	12	0.017857
42	16	0.040000
42	17	0.021739
42	25	0.035714
42	50	0.076923
42	52	0.055556
42	59	0.076923
42	68	0.090909
42	72	0.055556
42	78	0.047619
42	79	0.058824
42	82	0.083333
42	96	0.111111
42	150	0.111111
42	152	0.125000
42	153	0.111111
42	172	0.100000
42	173	0.125000
42	181	0.125000
42	195	0.125000
43	2	0.030303
43	3	0.025641
43	9	0.014925
43	15	0.020408
43	16	0.040000
43	25	0.035714
43	37	0.041667
43	44	0.037037
43	64	0.045455
43	85	0.090909
43	108	0.090909
43	118	0.100000
43	148	0.125000
44	8	0.015625
44	10	0.014706
44	11	0.025641
44	12	0.017857
44	15	0.020408
44	19	0.027778
44	20	0.037037
44	43	0.076923
44	70	0.066667
44	71	0.047619
44	75	0.090909
44	91	0.111111
44	104	0.090909
44	108	0.090909
44	110	0.090909
44	114	0.076923
44	120	0.125000
44	121	0.111111
44	122	0.125000
44	128	0.125000
44	133	0.090909
44	145	0.100000
44	148	0.125000
44	151	0.125000
44	163	0.125000
44	171	0.100000
44	189	0.125000
45	3	0.025641
45	7	0.023810
45	13	0.021277
45	17	0.021739
45	20	0.037037
45	28	0.076923
45	39	0.052632
45	41	0.041667
45	57	0.090909
45	83	0.076923
45	99	0.100000
45	104	0.090909
45	107	0.083333
45	110	0.090909
45	151	0.125000
45	155	0.111111
45	156	0.125000
45	160	0.125000
45	172	0.100000
46	7	0.023810
46	9	0.014925
46	12	0.017857
46	13	0.021277
46	15	0.020408
46	19	0.027778
46	22	0.050000
46	36	0.045455
46	53	0.040000
46	58	0.083333
46	96	0.111111
46	104	0.090909
46	118	0.100000
46	124	0.083333
46	137	0.125000
46	189	0.125000
46	193	0.125000
47	0	0.027027
47	8	0.015625
47	10	0.014706
47	14	0.018182
47	20	0.037037
47	21	0.033333
47	23	0.062500
47	39	0.052632
47	55	0.100000
47	62	0.111111
47	67	0.055556
47	68	0.090909
47	73	0.058824
47	78	0.047619
47	82	0.083333
47	92	0.083333
47	100	0.090909
47	107	0.083333
47	109	0.125000
47	116	0.090909
47	118	0.100000
47	129	0.111111
47	135	0.083333
47	143	0.090909
47	148	0.125000
47	151	0.125000
47	153	0.111111
47	169	0.100000
47	183	0.111111
48	3	0.025641
48	7	0.023810
48	9	0.014925
48	10	0.014706
48	17	0.021739
48	24	0.052632
48	38	0.038462
48	52	0.055556
48	61	0.125000
48	84	0.090909
48	88	0.100000
48	93	0.125000
48	101	0.090909
48	114	0.076923
48	119	0.100000
48	129	0.111111
48	130	0.083333
49	3	0.025641
49	6	0.034483
49	11	0.025641
49	13	0.021277
49	15	0.020408
49	18	0.026316
49	20	0.037037
49	38	0.038462
49	60	0.076923
49	76	0.111111
49	80	0.111111
49	84	0.090909
49	87	0.111111
49	101	0.090909
49	102	0.076923
49	106	0.083333
49	115	0.100000
49	121	0.111111
49	159	0.111111
49	187	0.125000
50	8	0.015625
50	10	0.014706
50	11	0.025641
50	15	0.020408
50	21	0.033333
50	24	0.052632
50	42	0.041667
50	54	0.066667
50	106	0.083333
50	120	0.125000
50	162	0.125000
50	166	0.100000
50	188	0.111111
51	8	0.015625
51	11	0.025641
51	13	0.021277
51	22	0.050000
51	25	0.035714
51	32	0.030303
51	37	0.041667
51	41	0.041667
51	90	0.062500
51	132	0.111111
51	133	0.090909
51	157	0.125000
51	160	0.125000
51	163	0.125000
51	194	0.125000
51	196	0.125000
52	10	0.014706
52	14	0.018182
52	18	0.026316
52	21	0.033333
52	23	0.062500
52	24	0.052632
52	42	0.041667
52	48	0.058824
52	82	0.083333
52	89	0.111111
52	93	0.125000
52	116	0.090909
52	123	0.125000
52	131	0.100000
52	142	0.090909
52	144	0.100000
52	169	0.100000
52	180	0.111111
53	12	0.017857
53	13	0.021277
53	18	0.026316
53	27	0.047619
53	31	0.083333
53	35	0.076923
53	38	0.038462
53	46	0.058824
53	64	0.045455
53	73	0.058824
53	78	0.047619
53	81	0.111111
53	94	0.090909
53	97	0.076923
53	110	0.090909
53	115	0.100000
53	158	0.111111
53	160	0.125000
53	161	0.100000
53	165	0.111111
53	166	0.100000
53	171	0.100000
53	181	0.125000
53	182	0.125000
53	194	0.125000
54	0	0.027027
54	11	0.025641
54	18	0.026316
54	20	0.037037
54	23	0.062500
54	26	0.062500
54	37	0.041667
54	50	0.076923
54	57	0.090909
54	82	0.083333
54	96	0.111111
54	104	0.090909
54	120	0.125000
54	148	0.125000
54	195	0.125000
55	1	0.034483
55	3	0.025641
55	9	0.014925
55	16	0.040000
55	17	0.021739
55	32	0.030303
55	36	0.045455
55	47	0.034483
55	65	0.111111
55	81	0.111111
56	0	0.027027
56	6	0.034483
56	7	0.023810
56	8	0.015625
56	12	0.017857
56	13	0.021277
56	14	0.018182
56	15	0.020408
56	62	0.111111
56	126	0.111111
56	143	0.090909
56	154	0.125000
56	167	0.111111
57	7	0.023810
57	10	0.014706
57	21	0.033333
57	36	0.045455
57	37	0.041667
57	41	0.041667
57	45	0.052632
57	54	0.066667
57	62	0.111111
57	70	0.066667
57	127	0.111111
58	1	0.034483
58	4	0.041667
58	5	0.066667
58	21	0.033333
58	28	0.076923
58	31	0.083333
58	32	0.030303
58	46	0.058824
58	71	0.047619
58	138	0.125000
58	149	0.090909
58	165	0.111111
59	0	0.027027
59	2	0.030303
59	10	0.014706
59	14	0.018182
59	17	0.021739
59	25	0.035714
59	31	0.083333
59	42	0.041667
59	72	0.055556
59	93	0.125000
59	133	0.090909
59	137	0.125000
59	151	0.125000
60	0	0.027027
60	7	0.023810
60	10	0.014706
60	11	0.025641
60	37	0.041667
60	38	0.038462
60	41	0.041667
60	49	0.050000
60	62	0.111111
60	63	0.066667
60	88	0.100000
60	107	0.083333
60	138	0.125000
61	0	0.027027
61	5	0.066667
61	6	0.034483
61	10	0.014706
61	27	0.047619
61	33	0.037037
61	39	0.052632
61	48	0.058824
62	2	0.030303
62	10	0.014706
62	23	0.062500
62	27	0.047619
62	47	0.034483
62	56	0.076923
62	57	0.090909
62	60	0.076923
62	90	0.062500
63	2	0.030303
63	6	0.034483
63	8	0.015625
63	10	0.014706
63	11	0.025641
63	15	0.020408
63	36	0.045455
63	60	0.076923
63	64	0.045455
63	69	0.071429
63	90	0.062500
63	140	0.100000
63	154	0.125000
63	164	0.111111
63	180	0.111111
64	10	0.014706
64	12	0.017857
64	16	0.040000
64	32	0.030303
64	33	0.037037
64	43	0.076923
64	53	0.040000
64	63	0.066667
64	69	0.071429
64	86	0.052632
64	99	0.100000
64	114	0.076923
64	124	0.083333
64	141	0.090909
64	167	0.111111
64	171	0.100000
64	177	0.111111
64	178	0.125000
64	188	0.111111
64	190	0.125000
64	195	0.125000
64	198	0.125000
65	4	0.041667
65	7	0.023810
65	9	0.014925
65	10	0.014706
65	16	0.040000
65	18	0.026316
65	27	0.047619
65	55	0.100000
65	99	0.100000
66	0	0.027027
66	4	0.041667
66	9	0.014925
66	14	0.018182
66	15	0.020408
66	18	0.026316
66	19	0.027778
66	24	0.052632
66	70	0.066667
66	88	0.100000
66	125	0.125000
67	8	0.015625
67	11	0.025641
67	14	0.018182
67	15	0.020408
67	18	0.026316
67	22	0.050000
67	33	0.037037
67	47	0.034483
67	73	0.058824
67	78	0.047619
67	80	0.111111
67	91	0.111111
67	96	0.111111
67	110	0.090909
67	111	0.071429
67	134	0.125000
67	171	0.100000
67	183	0.111111
68	2	0.030303
68	4	0.041667
68	9	0.014925
68	14	0.018182
68	29	0.090909
68	37	0.041667
68	42	0.041667
68	47	0.034483
68	85	0.090909
68	96	0.111111
68	197	0.125000
69	1	0.034483
69	6	0.034483
69	10	0.014706
69	12	0.017857
69	13	0.021277
69	63	0.066667
69	64	0.045455
69	85	0.090909
69	89	0.111111
69	98	0.090909
69	108	0.090909
69	109	0.125000
69	177	0.111111
69	185	0.100000
70	2	0.030303
70	8	0.015625
70	12	0.017857
70	21	0.033333
70	32	0.030303
70	44	0.037037
70	57	0.090909
70	66	0.090909
70	77	0.066667
70	95	0.111111
70	104	0.090909
70	126	0.111111
70	148	0.125000
70	157	0.125000
70	199	0.142857
71	1	0.034483
71	7	0.023810
71	10	0.014706
71	13	0.021277
71	14	0.018182
71	25	0.035714
71	44	0.037037
71	58	0.083333
71	74	0.058824
71	75	0.090909
71	102	0.076923
71	106	0.083333
71	108	0.090909
71	118	0.100000
71	134	0.125000
71	145	0.100000
71	150	0.111111
71	155	0.111111
71	167	0.111111
71	169	0.100000
71	174	0.125000
72	12	0.017857
72	19	0.027778
72	22	0.050000
72	32	0.030303
72	33	0.037037
72	41	0.041667
72	42	0.041667
72	59	0.076923
72	79	0.058824
72	90	0.062500
72	100	0.090909
72	105	0.076923
72	128	0.125000
72	130	0.083333
72	144	0.100000
72	163	0.125000
72	172	0.100000
72	182	0.125000
73	0	0.027027
73	2	0.030303
73	8	0.015625
73	14	0.018182
73	22	0.050000
73	47	0.034483
73	53	0.040000
73	67	0.055556
73	77	0.066667
73	91	0.111111
73	128	0.125000
73	130	0.083333
73	141	0.090909
73	165	0.111111
73	173	0.125000
73	176	0.125000
73	182	0.125000
74	0	0.027027
74	9	0.014925
74	14	0.018182
74	15	0.020408
74	19	0.027778
74	25	0.035714
74	38	0.038462
74	71	0.047619
74	95	0.111111
74	111	0.071429
74	113	0.100000
74	127	0.111111
74	156	0.125000
74	168	0.142857
74	175	0.090909
74	184	0.125000
74	199	0.142857
75	7	0.023810
75	15	0.020408
75	16	0.040000
75	17	0.021739
75	20	0.037037
75	33	0.037037
75	44	0.037037
75	71	0.047619
75	102	0.076923
75	175	0.090909
75	186	0.125000
76	3	0.025641
76	5	0.066667
76	6	0.034483
76	8	0.015625
76	9	0.014925
76	10	0.014706
76	12	0.017857
76	49	0.050000
76	140	0.100000
77	0	0.027027
77	7	0.023810
77	10	0.014706
77	14	0.018182
77	38	0.038462
77	40	0.052632
77	70	0.066667
77	73	0.058824
77	88	0.100000
77	98	0.090909
77	117	0.111111
77	132	0.111111
77	147	0.100000
77	152	0.125000
77	182	0.125000
78	7	0.023810
78	8	0.015625
78	10	0.014706
78	14	0.018182
78	42	0.041667
78	47	0.034483
78	53	0.040000
78	67	0.055556
78	83	0.076923
78	101	0.090909
78	134	0.125000
78	137	0.125000
78	140	0.100000
78	146	0.125000
78	147	0.100000
78	150	0.111111
78	180	0.111111
78	186	0.125000
78	191	0.125000
78	197	0.125000
78	198	0.125000
79	1	0.034483
79	2	0.030303
79	8	0.015625
79	12	0.017857
79	15	0.020408
79	26	0.062500
79	42	0.041667
79	72	0.055556
79	94	0.090909
79	110	0.090909
79	119	0.100000
79	130	0.083333
79	140	0.100000
79	146	0.125000
79	155	0.111111
79	158	0.111111
79	159	0.111111
80	3	0.025641
80	4	0.041667
80	17	0.021739
80	18	0.026316
80	32	0.030303
80	36	0.045455
80	49	0.050000
80	67	0.055556
80	158	0.111111
81	2	0.030303
81	8	0.015625
81	10	0.014706
81	17	0.021739
81	20	0.037037
81	36	0.045455
81	53	0.040000
81	55	0.100000
81	163	0.125000
82	0	0.027027
82	9	0.014925
82	19	0.027778
82	32	0.030303
82	42	0.041667
82	47	0.034483
82	52	0.055556
82	54	0.066667
82	84	0.090909
82	96	0.111111
82	110	0.090909
82	193	0.125000
83	6	0.034483
83	8	0.015625
83	9	0.014925
83	12	0.017857
83	17	0.021739
83	32	0.030303
83	45	0.052632
83	78	0.047619
83	142	0.090909
83	143	0.090909
83	156	0.125000
83	161	0.100000
83	186	0.125000
84	2	0.030303
84	4	0.041667
84	8	0.015625
84	38	0.038462
84	41	0.041667
84	48	0.058824
84	49	0.050000
84	82	0.083333
84	101	0.090909
84	125	0.125000
84	162	0.125000
85	4	0.041667
85	6	0.034483
85	13	0.021277
85	39	0.052632
85	40	0.052632
85	43	0.076923
85	68	0.090909
85	69	0.071429
85	93	0.125000
85	142	0.090909
85	155	0.111111
86	2	0.030303
86	8	0.015625
86	9	0.014925
86	12	0.017857
86	13	0.021277
86	21	0.033333
86	37	0.041667
86	64	0.045455
86	89	0.111111
86	111	0.071429
86	123	0.125000
86	124	0.083333
86	135	0.083333
86	153	0.111111
86	158	0.111111
86	166	0.100000
86	170	0.111111
86	171	0.100000
86	181	0.125000
87	3	0.025641
87	12	0.017857
87	14	0.018182
87	19	0.027778
87	24	0.052632
87	32	0.030303
87	39	0.052632
87	49	0.050000
87	94	0.090909
88	0	0.027027
88	9	0.014925
88	10	0.014706
88	41	0.041667
88	48	0.058824
88	60	0.076923
88	66	0.090909
88	77	0.066667
88	135	0.083333
88	193	0.125000
89	2	0.030303
89	4	0.041667
89	27	0.047619
89	33	0.037037
89	34	0.066667
89	52	0.055556
89	69	0.071429
89	86	0.052632
89	152	0.125000
90	9	0.014925
90	26	0.062500
90	32	0.030303
90	33	0.037037
90	51	0.062500
90	62	0.111111
90	63	0.066667
90	72	0.055556
90	119	0.100000
90	143	0.090909
90	152	0.125000
90	157	0.125000
90	169	0.100000
90	182	0.125000
90	189	0.125000
90	198	0.125000
91	7	0.023810
91	9	0.014925
91	12	0.017857
91	14	0.018182
91	15	0.020408
91	44	0.037037
91	67	0.055556
91	73	0.058824
91	164	0.111111
92	3	0.025641
92	10	0.014706
92	12	0.017857
92	13	0.021277
92	14	0.018182
92	20	0.037037
92	33	0.037037
92	47	0.034483
92	111	0.071429
92	133	0.090909
92	136	0.076923
92	159	0.111111
93	15	0.020408
93	17	0.021739
93	19	0.027778
93	25	0.035714
93	48	0.058824
93	52	0.055556
93	59	0.076923
93	85	0.090909
94	13	0.021277
94	14	0.018182
94	15	0.020408
94	21	0.033333
94	26	0.062500
94	53	0.040000
94	79	0.058824
94	87	0.111111
94	103	0.058824
94	124	0.083333
94	188	0.111111
95	9	0.014925
95	10	0.014706
95	14	0.018182
95	17	0.021739
95	19	0.027778
95	32	0.030303
95	70	0.066667
95	74	0.058824
95	195	0.125000
96	15	0.020408
96	16	0.040000
96	42	0.041667
96	46	0.058824
96	54	0.066667
96	67	0.055556
96	68	0.090909
96	82	0.083333
96	114	0.076923
97	5	0.066667
97	7	0.023810
97	13	0.021277
97	15	0.020408
97	20	0.037037
97	37	0.041667
97	38	0.038462
97	53	0.040000
97	100	0.090909
97	113	0.100000
97	115	0.100000
97	125	0.125000
97	199	0.142857
98	1	0.034483
98	5	0.066667
98	12	0.017857
98	13	0.021277
98	14	0.018182
98	39	0.052632
98	69	0.071429
98	77	0.066667
98	112	0.111111
98	144	0.100000
98	174	0.125000
99	7	0.023810
99	16	0.040000
99	18	0.026316
99	19	0.027778
99	36	0.045455
99	45	0.052632
99	64	0.045455
99	65	0.111111
99	157	0.125000
99	167	0.111111
100	7	0.023810
100	9	0.014925
100	19	0.027778
100	28	0.076923
100	40	0.052632
100	47	0.034483
100	72	0.055556
100	97	0.076923
100	105	0.076923
100	131	0.100000
100	138	0.125000
101	8	0.015625
101	17	0.021739
101	25	0.035714
101	35	0.076923
101	48	0.058824
101	49	0.050000
101	78	0.047619
101	84	0.090909
101	116	0.090909
101	128	0.125000
101	190	0.125000
102	6	0.034483
102	18	0.026316
102	31	0.083333
102	36	0.045455
102	38	0.038462
102	49	0.050000
102	71	0.047619
102	75	0.090909
102	103	0.058824
102	117	0.111111
102	139	0.111111
102	177	0.111111
102	184	0.125000
103	0	0.027027
103	3	0.025641
103	10	0.014706
103	11	0.025641
103	26	0.062500
103	41	0.041667
103	94	0.090909
103	102	0.076923
103	109	0.125000
103	119	0.100000
103	132	0.111111
103	139	0.111111
103	141	0.090909
103	142	0.090909
103	165	0.111111
103	177	0.111111
103	184	0.125000
104	12	0.017857
104	19	0.027778
104	30	0.071429
104	44	0.037037
104	45	0.052632
104	46	0.058824
104	54	0.066667
104	70	0.066667
104	116	0.090909
104	122	0.125000
104	155	0.111111
105	9	0.014925
105	13	0.021277
105	19	0.027778
105	34	0.066667
105	36	0.045455
105	38	0.038462
105	72	0.055556
105	100	0.090909
105	118	0.100000
105	149	0.090909
105	158	0.111111
105	163	0.125000
105	196	0.125000
106	10	0.014706
106	14	0.018182
106	15	0.020408
106	20	0.037037
106	21	0.033333
106	49	0.050000
106	50	0.076923
106	71	0.047619
106	154	0.125000
106	156	0.125000
106	162	0.125000
106	167	0.111111
107	2	0.030303
107	9	0.014925
107	19	0.027778
107	21	0.033333
107	30	0.071429
107	45	0.052632
107	47	0.034483
107	60	0.076923
107	146	0.125000
107	159	0.111111
107	168	0.142857
107	187	0.125000
108	2	0.030303
108	4	0.041667
108	10	0.014706
108	16	0.040000
108	43	0.076923
108	44	0.037037
108	69	0.071429
108	71	0.047619
108	109	0.125000
108	162	0.125000
108	180	0.111111
109	0	0.027027
109	5	0.066667
109	6	0.034483
109	12	0.017857
109	47	0.034483
109	69	0.071429
109	103	0.058824
109	108	0.090909
110	14	0.018182
110	27	0.047619
110	44	0.037037
110	45	0.052632
110	53	0.040000
110	67	0.055556
110	79	0.058824
110	82	0.083333
110	145	0.100000
110	146	0.125000
110	160	0.125000
111	0	0.027027
111	3	0.025641
111	9	0.014925
111	19	0.027778
111	67	0.055556
111	74	0.058824
111	86	0.052632
111	92	0.083333
111	146	0.125000
111	158	0.111111
111	166	0.100000
111	170	0.111111
111	179	0.111111
111	197	0.125000
112	1	0.034483
112	9	0.014925
112	10	0.014706
112	13	0.021277
112	14	0.018182
112	17	0.021739
112	20	0.037037
112	98	0.090909
112	115	0.100000
113	3	0.025641
113	7	0.023810
113	9	0.014925
113	10	0.014706
113	11	0.025641
113	12	0.017857
113	74	0.058824
113	97	0.076923
113	183	0.111111
113	187	0.125000
114	2	0.030303
114	8	0.015625
114	32	0.030303
114	37	0.041667
114	44	0.037037
114	48	0.058824
114	64	0.045455
114	96	0.111111
114	125	0.125000
114	126	0.111111
114	142	0.090909
114	164	0.111111
114	193	0.125000
115	1	0.034483
115	3	0.025641
115	20	0.037037
115	28	0.076923
115	49	0.050000
115	53	0.040000
115	97	0.076923
115	112	0.111111
115	179	0.111111
115	193	0.125000
116	0	0.027027
116	18	0.026316
116	30	0.071429
116	34	0.066667
116	47	0.034483
116	52	0.055556
116	101	0.090909
116	104	0.090909
116	135	0.083333
116	155	0.111111
116	156	0.125000
117	3	0.025641
117	12	0.017857
117	14	0.018182
117	24	0.052632
117	32	0.030303
117	37	0.041667
117	77	0.066667
117	102	0.076923
117	126	0.111111
118	10	0.014706
118	15	0.020408
118	19	0.027778
118	43	0.076923
118	46	0.058824
118	47	0.034483
118	71	0.047619
118	105	0.076923
118	119	0.100000
118	190	0.125000
119	10	0.014706
119	11	0.025641
119	32	0.030303
119	48	0.058824
119	79	0.058824
119	90	0.062500
119	103	0.058824
119	118	0.100000
119	135	0.083333
119	137	0.125000
120	10	0.014706
120	12	0.017857
120	14	0.018182
120	15	0.020408
120	36	0.045455
120	44	0.037037
120	50	0.076923
120	54	0.066667
121	6	0.034483
121	8	0.015625
121	10	0.014706
121	11	0.025641
121	37	0.041667
121	38	0.038462
121	44	0.037037
121	49	0.050000
121	122	0.125000
122	8	0.015625
122	13	0.021277
122	15	0.020408
122	17	0.021739
122	38	0.038462
122	44	0.037037
122	104	0.090909
122	121	0.111111
123	1	0.034483
123	5	0.066667
123	12	0.017857
123	14	0.018182
123	15	0.020408
123	38	0.038462
123	52	0.055556
123	86	0.052632
124	15	0.020408
124	25	0.035714
124	26	0.062500
124	33	0.037037
124	46	0.058824
124	64	0.045455
124	86	0.052632
124	94	0.090909
124	149	0.090909
124	152	0.125000
124	175	0.090909
124	186	0.125000
125	9	0.014925
125	12	0.017857
125	18	0.026316
125	39	0.052632
125	66	0.090909
125	84	0.090909
125	97	0.076923
125	114	0.076923
126	1	0.034483
126	17	0.021739
126	21	0.033333
126	40	0.052632
126	56	0.076923
126	70	0.066667
126	114	0.076923
126	117	0.111111
126	145	0.100000
127	10	0.014706
127	12	0.017857
127	13	0.021277
127	19	0.027778
127	25	0.035714
127	41	0.041667
127	57	0.090909
127	74	0.058824
127	149	0.090909
128	10	0.014706
128	13	0.021277
128	21	0.033333
128	37	0.041667
128	44	0.037037
128	72	0.055556
128	73	0.058824
128	101	0.090909
129	7	0.023810
129	10	0.014706
129	14	0.018182
129	17	0.021739
129	18	0.026316
129	33	0.037037
129	47	0.034483
129	48	0.058824
129	140	0.100000
130	0	0.027027
130	8	0.015625
130	9	0.014925
130	18	0.026316
130	48	0.058824
130	72	0.055556
130	73	0.058824
130	79	0.058824
130	140	0.100000
130	141	0.090909
130	159	0.111111
130	194	0.125000
131	0	0.027027
131	7	0.023810
131	8	0.015625
131	14	0.018182
131	17	0.021739
131	20	0.037037
131	52	0.055556
131	100	0.090909
131	164	0.111111
131	181	0.125000
132	11	0.025641
132	14	0.018182
132	15	0.020408
132	27	0.047619
132	34	0.066667
132	51	0.062500
132	77	0.066667
132	103	0.058824
132	163	0.125000
133	14	0.018182
133	23	0.062500
133	25	0.035714
133	37	0.041667
133	44	0.037037
133	51	0.062500
133	59	0.076923
133	92	0.083333
133	146	0.125000
133	154	0.125000
133	172	0.100000
134	3	0.025641
134	7	0.023810
134	8	0.015625
134	13	0.021277
134	20	0.037037
134	67	0.055556
134	71	0.047619
134	78	0.047619
135	3	0.025641
135	26	0.062500
135	39	0.052632
135	47	0.034483
135	86	0.052632
135	88	0.100000
135	116	0.090909
135	119	0.100000
135	161	0.100000
135	177	0.111111
135	181	0.125000
135	184	0.125000
136	0	0.027027
136	2	0.030303
136	8	0.015625
136	10	0.014706
136	12	0.017857
136	19	0.027778
136	40	0.052632
136	92	0.083333
136	145	0.100000
136	147	0.100000
136	150	0.111111
136	151	0.125000
136	185	0.100000
137	3	0.025641
137	9	0.014925
137	13	0.021277
137	18	0.026316
137	46	0.058824
137	59	0.076923
137	78	0.047619
137	119	0.100000
138	1	0.034483
138	2	0.030303
138	12	0.017857
138	14	0.018182
138	16	0.040000
138	58	0.083333
138	60	0.076923
138	100	0.090909
139	2	0.030303
139	11	0.025641
139	12	0.017857
139	39	0.052632
139	40	0.052632
139	41	0.041667
139	102	0.076923
139	103	0.058824
139	184	0.125000
140	27	0.047619
140	30	0.071429
140	63	0.066667
140	76	0.111111
140	78	0.047619
140	79	0.058824
140	129	0.111111
140	130	0.083333
140	147	0.100000
140	180	0.111111
141	0	0.027027
141	2	0.030303
141	7	0.023810
141	13	0.021277
141	64	0.045455
141	73	0.058824
141	103	0.058824
141	130	0.083333
141	153	0.111111
141	186	0.125000
141	190	0.125000
142	9	0.014925
142	11	0.025641
142	40	0.052632
142	52	0.055556
142	83	0.076923
142	85	0.090909
142	103	0.058824
142	114	0.076923
142	185	0.100000
142	191	0.125000
142	199	0.142857
143	4	0.041667
143	8	0.015625
143	14	0.018182
143	32	0.030303
143	47	0.034483
143	56	0.076923
143	83	0.076923
143	90	0.062500
143	169	0.100000
143	178	0.125000
143	199	0.142857
144	0	0.027027
144	8	0.015625
144	12	0.017857
144	18	0.026316
144	32	0.030303
144	52	0.055556
144	72	0.055556
144	98	0.090909
144	175	0.090909
144	191	0.125000
145	8	0.015625
145	9	0.014925
145	14	0.018182
145	44	0.037037
145	71	0.047619
145	110	0.090909
145	126	0.111111
145	136	0.076923
145	153	0.111111
145	157	0.125000
146	3	0.025641
146	22	0.050000
146	78	0.047619
146	79	0.058824
146	107	0.083333
146	110	0.090909
146	111	0.071429
146	133	0.090909
147	3	0.025641
147	10	0.014706
147	24	0.052632
147	32	0.030303
147	77	0.066667
147	78	0.047619
147	136	0.076923
147	140	0.100000
147	152	0.125000
147	173	0.125000
148	24	0.052632
148	36	0.045455
148	38	0.038462
148	43	0.076923
148	44	0.037037
148	47	0.034483
148	54	0.066667
148	70	0.066667
149	1	0.034483
149	8	0.015625
149	17	0.021739
149	33	0.037037
149	58	0.083333
149	105	0.076923
149	124	0.083333
149	127	0.111111
149	166	0.100000
149	196	0.125000
149	198	0.125000
150	2	0.030303
150	9	0.014925
150	15	0.020408
150	39	0.052632
150	42	0.041667
150	71	0.047619
150	78	0.047619
150	136	0.076923
150	176	0.125000
151	0	0.027027
151	14	0.018182
151	25	0.035714
151	44	0.037037
151	45	0.052632
151	47	0.034483
151	59	0.076923
151	136	0.076923
152	21	0.033333
152	41	0.041667
152	42	0.041667
152	77	0.066667
152	89	0.111111
152	90	0.062500
152	124	0.083333
152	147	0.100000
153	8	0.015625
153	17	0.021739
153	22	0.050000
153	42	0.041667
153	47	0.034483
153	86	0.052632
153	141	0.090909
153	145	0.100000
153	157	0.125000
154	12	0.017857
154	17	0.021739
154	18	0.026316
154	21	0.033333
154	56	0.076923
154	63	0.066667
154	106	0.083333
154	133	0.090909
155	0	0.027027
155	41	0.041667
155	45	0.052632
155	71	0.047619
155	79	0.058824
155	85	0.090909
155	104	0.090909
155	116	0.090909
155	171	0.100000
156	8	0.015625
156	10	0.014706
156	19	0.027778
156	45	0.052632
156	74	0.058824
156	83	0.076923
156	106	0.083333
156	116	0.090909
157	9	0.014925
157	41	0.041667
157	51	0.062500
157	70	0.066667
157	90	0.062500
157	99	0.100000
157	145	0.100000
157	153	0.111111
158	11	0.025641
158	17	0.021739
158	53	0.040000
158	79	0.058824
158	80	0.111111
158	86	0.052632
158	105	0.076923
158	111	0.071429
158	187	0.125000
159	9	0.014925
159	11	0.025641
159	15	0.020408
159	49	0.050000
159	79	0.058824
159	92	0.083333
159	107	0.083333
159	130	0.083333
159	195	0.125000
160	27	0.047619
160	32	0.030303
160	33	0.037037
160	34	0.066667
160	45	0.052632
160	51	0.062500
160	53	0.040000
160	110	0.090909
161	7	0.023810
161	9	0.014925
161	11	0.025641
161	15	0.020408
161	21	0.033333
161	53	0.040000
161	83	0.076923
161	135	0.083333
161	176	0.125000
161	199	0.142857
162	0	0.027027
162	8	0.015625
162	12	0.017857
162	15	0.020408
162	50	0.076923
162	84	0.090909
162	106	0.083333
162	108	0.090909
163	13	0.021277
163	27	0.047619
163	44	0.037037
163	51	0.062500
163	72	0.055556
163	81	0.111111
163	105	0.076923
163	132	0.111111
164	10	0.014706
164	20	0.037037
164	24	0.052632
164	30	0.071429
164	63	0.066667
164	91	0.111111
164	114	0.076923
164	131	0.100000
164	185	0.100000
165	9	0.014925
165	15	0.020408
165	26	0.062500
165	41	0.041667
165	53	0.040000
165	58	0.083333
165	73	0.058824
165	103	0.058824
165	183	0.111111
166	10	0.014706
166	18	0.026316
166	27	0.047619
166	50	0.076923
166	53	0.040000
166	86	0.052632
166	111	0.071429
166	149	0.090909
166	172	0.100000
166	193	0.125000
167	6	0.034483
167	36	0.045455
167	37	0.041667
167	56	0.076923
167	64	0.045455
167	71	0.047619
167	99	0.100000
167	106	0.083333
167	174	0.125000
168	1	0.034483
168	7	0.023810
168	13	0.021277
168	17	0.021739
168	19	0.027778
168	74	0.058824
168	107	0.083333
169	38	0.038462
169	39	0.052632
169	40	0.052632
169	47	0.034483
169	52	0.055556
169	71	0.047619
169	90	0.062500
169	143	0.090909
169	186	0.125000
169	194	0.125000
170	0	0.027027
170	8	0.015625
170	15	0.020408
170	19	0.027778
170	21	0.033333
170	30	0.071429
170	86	0.052632
170	111	0.071429
170	179	0.111111
171	17	0.021739
171	29	0.090909
171	44	0.037037
171	53	0.040000
171	64	0.045455
171	67	0.055556
171	86	0.052632
171	155	0.111111
171	172	0.100000
171	173	0.125000
172	14	0.018182
172	37	0.041667
172	42	0.041667
172	45	0.052632
172	72	0.055556
172	133	0.090909
172	166	0.100000
172	171	0.100000
172	173	0.125000
172	178	0.125000
173	4	0.041667
173	11	0.025641
173	34	0.066667
173	42	0.041667
173	73	0.058824
173	147	0.100000
173	171	0.100000
173	172	0.100000
174	3	0.025641
174	6	0.034483
174	10	0.014706
174	13	0.021277
174	33	0.037037
174	71	0.047619
174	98	0.090909
174	167	0.111111
175	9	0.014925
175	12	0.017857
175	17	0.021739
175	37	0.041667
175	74	0.058824
175	75	0.090909
175	124	0.083333
175	144	0.100000
175	177	0.111111
175	178	0.125000
175	192	0.111111
176	6	0.034483
176	12	0.017857
176	13	0.021277
176	14	0.018182
176	41	0.041667
176	73	0.058824
176	150	0.111111
176	161	0.100000
177	10	0.014706
177	36	0.045455
177	64	0.045455
177	69	0.071429
177	102	0.076923
177	103	0.058824
177	135	0.083333
177	175	0.090909
177	189	0.125000
178	6	0.034483
178	8	0.015625
178	12	0.017857
178	33	0.037037
178	64	0.045455
178	143	0.090909
178	172	0.100000
178	175	0.090909
179	0	0.027027
179	3	0.025641
179	9	0.014925
179	16	0.040000
179	22	0.050000
179	111	0.071429
179	115	0.100000
179	170	0.111111
179	197	0.125000
180	11	0.025641
180	13	0.021277
180	16	0.040000
180	52	0.055556
180	63	0.066667
180	78	0.047619
180	108	0.090909
180	140	0.100000
180	192	0.111111
181	4	0.041667
181	11	0.025641
181	12	0.017857
181	42	0.041667
181	53	0.040000
181	86	0.052632
181	131	0.100000
181	135	0.083333
182	7	0.023810
182	8	0.015625
182	33	0.037037
182	53	0.040000
182	72	0.055556
182	73	0.058824
182	77	0.066667
182	90	0.062500
183	7	0.023810
183	10	0.014706
183	33	0.037037
183	38	0.038462
183	47	0.034483
183	67	0.055556
183	113	0.100000
183	165	0.111111
183	192	0.111111
184	5	0.066667
184	8	0.015625
184	18	0.026316
184	74	0.058824
184	102	0.076923
184	103	0.058824
184	135	0.083333
184	139	0.111111
185	0	0.027027
185	9	0.014925
185	10	0.014706
185	40	0.052632
185	69	0.071429
185	136	0.076923
185	142	0.090909
185	164	0.111111
185	188	0.111111
185	196	0.125000
186	16	0.040000
186	25	0.035714
186	75	0.090909
186	78	0.047619
186	83	0.076923
186	124	0.083333
186	141	0.090909
186	169	0.100000
187	13	0.021277
187	14	0.018182
187	18	0.026316
187	20	0.037037
187	49	0.050000
187	107	0.083333
187	113	0.100000
187	158	0.111111
188	3	0.025641
188	7	0.023810
188	15	0.020408
188	25	0.035714
188	50	0.076923
188	64	0.045455
188	94	0.090909
188	185	0.100000
188	191	0.125000
189	2	0.030303
189	3	0.025641
189	17	0.021739
189	32	0.030303
189	44	0.037037
189	46	0.058824
189	90	0.062500
189	177	0.111111
190	6	0.034483
190	16	0.040000
190	17	0.021739
190	20	0.037037
190	64	0.045455
190	101	0.090909
190	118	0.100000
190	141	0.090909
191	6	0.034483
191	32	0.030303
191	33	0.037037
191	40	0.052632
191	78	0.047619
191	142	0.090909
191	144	0.100000
191	188	0.111111
192	2	0.030303
192	3	0.025641
192	22	0.050000
192	27	0.047619
192	35	0.076923
192	175	0.090909
192	180	0.111111
192	183	0.111111
192	195	0.125000
193	16	0.040000
193	40	0.052632
193	46	0.058824
193	82	0.083333
193	88	0.100000
193	114	0.076923
193	115	0.100000
193	166	0.100000
194	11	0.025641
194	24	0.052632
194	33	0.037037
194	38	0.038462
194	51	0.062500
194	53	0.040000
194	130	0.083333
194	169	0.100000
195	9	0.014925
195	13	0.021277
195	42	0.041667
195	54	0.066667
195	64	0.045455
195	95	0.111111
195	159	0.111111
195	192	0.111111
196	0	0.027027
196	12	0.017857
196	17	0.021739
196	38	0.038462
196	51	0.062500
196	105	0.076923
196	149	0.090909
196	185	0.100000
197	4	0.041667
197	8	0.015625
197	12	0.017857
197	34	0.066667
197	68	0.090909
197	78	0.047619
197	111	0.071429
197	179	0.111111
198	8	0.015625
198	17	0.021739
198	35	0.076923
198	41	0.041667
198	64	0.045455
198	78	0.047619
198	90	0.062500
198	149	0.090909
199	4	0.041667
199	70	0.066667
199	74	0.058824
199	97	0.076923
199	142	0.090909
199	143	0.090909
199	161	0.100000
