190	2562
0	1	0.033333
0	2	0.076923
0	3	0.050000
0	4	0.052632
0	5	0.032258
0	6	0.052632
0	7	0.034483
0	8	0.018868
0	9	0.023810
0	10	0.017857
0	11	0.034483
0	12	0.022222
0	13	0.045455
0	14	0.028571
0	15	0.029412
0	16	0.023256
0	18	0.047619
0	20	0.047619
0	21	0.032258
0	24	0.052632
0	26	0.076923
0	27	0.038462
0	28	0.055556
0	29	0.055556
0	32	0.040000
0	42	0.050000
0	43	0.066667
0	44	0.083333
0	45	0.100000
0	47	0.047619
0	51	0.071429
0	57	0.055556
0	59	0.045455
0	61	0.090909
0	67	0.058824
0	70	0.125000
0	71	0.062500
0	77	0.111111
0	82	0.090909
0	84	0.111111
0	85	0.066667
0	96	0.111111
0	111	0.111111
0	113	0.111111
0	114	0.111111
0	124	0.100000
0	132	0.142857
0	140	0.100000
0	165	0.125000
0	167	0.111111
0	170	0.142857
0	172	0.142857
1	0	0.019231
1	8	0.018868
1	9	0.023810
1	12	0.022222
1	15	0.029412
1	16	0.023256
1	17	0.026316
1	18	0.047619
1	19	0.032258
1	22	0.040000
1	27	0.038462
1	33	0.062500
1	35	0.035714
1	37	0.055556
1	44	0.083333
1	55	0.066667
1	60	0.090909
1	61	0.090909
1	63	0.125000
1	66	0.076923
1	68	0.083333
1	71	0.062500
1	100	0.083333
1	115	0.125000
1	151	0.142857
1	154	0.142857
1	163	0.142857
1	164	0.142857
1	174	0.125000
1	176	0.142857
2	0	0.019231
2	10	0.017857
2	13	0.045455
2	14	0.028571
2	49	0.100000
2	56	0.066667
2	58	0.076923
2	94	0.111111
2	98	0.100000
2	101	0.111111
2	103	0.125000
2	126	0.142857
2	166	0.125000
3	0	0.019231
3	8	0.018868
3	9	0.023810
3	18	0.047619
3	24	0.052632
3	26	0.076923
3	27	0.038462
3	47	0.047619
3	73	0.100000
3	74	0.071429
3	82	0.090909
3	83	0.083333
3	91	0.090909
3	108	0.125000
3	138	0.111111
3	142	0.111111
3	149	0.142857
3	152	0.125000
3	158	0.125000
3	169	0.142857
4	0	0.019231
4	8	0.018868
4	9	0.023810
4	10	0.017857
4	12	0.022222
4	13	0.045455
4	17	0.026316
4	44	0.083333
4	63	0.125000
4	66	0.076923
4	78	0.083333
4	87	0.142857
4	95	0.111111
4	116	0.111111
4	124	0.100000
4	138	0.111111
4	155	0.142857
4	172	0.142857
4	177	0.142857
5	0	0.019231
5	8	0.018868
5	9	0.023810
5	10	0.017857
5	11	0.034483
5	14	0.028571
5	17	0.026316
5	23	0.090909
5	25	0.021277
5	26	0.076923
5	46	0.047619
5	47	0.047619
5	48	0.062500
5	52	0.083333
5	55	0.066667
5	62	0.066667
5	68	0.083333
5	75	0.090909
5	76	0.076923
5	83	0.083333
5	92	0.111111
5	94	0.111111
5	98	0.100000
5	104	0.100000
5	106	0.090909
5	120	0.142857
5	131	0.111111
5	133	0.125000
5	141	0.142857
5	163	0.142857
5	185	0.142857
6	0	0.019231
6	8	0.018868
6	10	0.017857
6	11	0.034483
6	13	0.045455
6	15	0.029412
6	18	0.047619
6	21	0.032258
6	26	0.076923
6	28	0.055556
6	41	0.058824
6	50	0.066667
6	54	0.083333
6	73	0.100000
6	82	0.090909
6	104	0.100000
6	140	0.100000
6	142	0.111111
6	185	0.142857
7	0	0.019231
7	8	0.018868
7	9	0.023810
7	11	0.034483
7	12	0.022222
7	14	0.028571
7	16	0.023256
7	19	0.032258
7	25	0.021277
7	30	0.047619
7	31	0.100000
7	39	0.071429
7	40	0.071429
7	53	0.083333
7	62	0.066667
7	64	0.062500
7	65	0.062500
7	71	0.062500
7	75	0.090909
7	115	0.125000
7	119	0.100000
7	126	0.142857
7	128	0.142857
7	139	0.125000
7	154	0.142857
7	159	0.100000
7	167	0.111111
7	169	0.142857
7	178	0.142857
8	0	0.019231
8	1	0.033333
8	3	0.050000
8	4	0.052632
8	5	0.032258
8	6	0.052632
8	7	0.034483
8	9	0.023810
8	10	0.017857
8	11	0.034483
8	12	0.022222
8	13	0.045455
8	14	0.028571
8	15	0.029412
8	18	0.047619
8	19	0.032258
8	20	0.047619
8	24	0.052632
8	29	0.055556
8	33	0.062500
8	35	0.035714
8	37	0.055556
8	38	0.062500
8	39	0.071429
8	40	0.071429
8	41	0.058824
8	43	0.066667
8	45	0.100000
8	48	0.062500
8	59	0.045455
8	60	0.090909
8	64	0.062500
8	65	0.062500
8	70	0.125000
8	74	0.071429
8	77	0.111111
8	79	0.090909
8	80	0.100000
8	86	0.111111
8	88	0.142857
8	89	0.125000
8	102	0.100000
8	103	0.125000
8	111	0.111111
8	114	0.111111
8	115	0.125000
8	122	0.142857
8	131	0.111111
8	137	0.111111
8	150	0.100000
8	158	0.125000
8	163	0.142857
8	168	0.142857
9	0	0.019231
9	1	0.033333
9	3	0.050000
9	4	0.052632
9	5	0.032258
9	7	0.034483
9	8	0.018868
9	10	0.017857
9	11	0.034483
9	12	0.022222
9	13	0.045455
9	14	0.028571
9	15	0.029412
9	17	0.026316
9	19	0.032258
9	21	0.032258
9	25	0.021277
9	26	0.076923
9	33	0.062500
9	36	0.045455
9	38	0.062500
9	39	0.071429
9	40	0.071429
9	41	0.058824
9	46	0.047619
9	49	0.100000
9	50	0.066667
9	55	0.066667
9	56	0.066667
9	61	0.090909
9	62	0.066667
9	66	0.076923
9	79	0.090909
9	90	0.076923
9	95	0.111111
9	101	0.111111
9	120	0.142857
9	123	0.142857
9	137	0.111111
9	147	0.142857
9	152	0.125000
9	182	0.142857
10	0	0.019231
10	2	0.076923
10	4	0.052632
10	5	0.032258
10	6	0.052632
10	8	0.018868
10	9	0.023810
10	11	0.034483
10	12	0.022222
10	14	0.028571
10	15	0.029412
10	16	0.023256
10	17	0.026316
10	19	0.032258
10	20	0.047619
10	21	0.032258
10	22	0.040000
10	23	0.090909
10	25	0.021277
10	28	0.055556
10	32	0.040000
10	41	0.058824
10	46	0.047619
10	52	0.083333
10	54	0.083333
10	58	0.076923
10	59	0.045455
10	61	0.090909
10	63	0.125000
10	67	0.058824
10	68	0.083333
10	70	0.125000
10	72	0.055556
10	78	0.083333
10	86	0.111111
10	87	0.142857
10	88	0.142857
10	89	0.125000
10	90	0.076923
10	94	0.111111
10	101	0.111111
10	112	0.111111
10	124	0.100000
10	132	0.142857
10	133	0.125000
10	140	0.100000
10	149	0.142857
10	154	0.142857
10	156	0.125000
10	159	0.100000
10	160	0.125000
10	167	0.111111
10	173	0.142857
10	174	0.125000
10	177	0.142857
10	182	0.142857
11	0	0.019231
11	5	0.032258
11	6	0.052632
11	7	0.034483
11	8	0.018868
11	9	0.023810
11	10	0.017857
11	16	0.023256
11	22	0.040000
11	24	0.052632
11	25	0.021277
11	28	0.055556
11	29	0.055556
11	30	0.047619
11	32	0.040000
11	35	0.035714
11	38	0.062500
11	49	0.100000
11	75	0.090909
11	86	0.111111
11	89	0.125000
11	115	0.125000
11	127	0.142857
11	133	0.125000
11	136	0.125000
11	139	0.125000
11	152	0.125000
11	166	0.125000
11	185	0.142857
12	0	0.019231
12	1	0.033333
12	4	0.052632
12	7	0.034483
12	8	0.018868
12	9	0.023810
12	10	0.017857
12	13	0.045455
12	17	0.026316
12	20	0.047619
12	21	0.032258
12	23	0.090909
12	26	0.076923
12	30	0.047619
12	35	0.035714
12	44	0.083333
12	47	0.047619
12	48	0.062500
12	50	0.066667
12	52	0.083333
12	54	0.083333
12	56	0.066667
12	57	0.055556
12	58	0.076923
12	69	0.066667
12	72	0.055556
12	80	0.100000
12	81	0.111111
12	84	0.111111
12	91	0.090909
12	94	0.111111
12	95	0.111111
12	108	0.125000
12	109	0.142857
12	121	0.125000
12	128	0.142857
12	145	0.125000
12	147	0.142857
12	151	0.142857
12	155	0.142857
12	156	0.125000
12	159	0.100000
12	165	0.125000
12	172	0.142857
12	184	0.142857
13	0	0.019231
13	2	0.076923
13	4	0.052632
13	6	0.052632
13	8	0.018868
13	9	0.023810
13	12	0.022222
13	17	0.026316
13	19	0.032258
13	21	0.032258
13	22	0.040000
13	37	0.055556
13	56	0.066667
13	57	0.055556
13	85	0.066667
13	100	0.083333
13	102	0.100000
13	105	0.090909
13	114	0.111111
13	139	0.125000
13	157	0.125000
13	161	0.111111
14	0	0.019231
14	2	0.076923
14	5	0.032258
14	7	0.034483
14	8	0.018868
14	9	0.023810
14	10	0.017857
14	15	0.029412
14	16	0.023256
14	23	0.090909
14	27	0.038462
14	29	0.055556
14	30	0.047619
14	33	0.062500
14	34	0.058824
14	35	0.035714
14	36	0.045455
14	46	0.047619
14	49	0.100000
14	50	0.066667
14	52	0.083333
14	53	0.083333
14	65	0.062500
14	75	0.090909
14	76	0.076923
14	78	0.083333
14	79	0.090909
14	86	0.111111
14	88	0.142857
14	92	0.111111
14	108	0.125000
14	142	0.111111
14	146	0.125000
14	158	0.125000
14	168	0.142857
15	0	0.019231
15	1	0.033333
15	6	0.052632
15	8	0.018868
15	9	0.023810
15	10	0.017857
15	14	0.028571
15	16	0.023256
15	18	0.047619
15	22	0.040000
15	25	0.021277
15	37	0.055556
15	38	0.062500
15	40	0.071429
15	41	0.058824
15	42	0.050000
15	43	0.066667
15	46	0.047619
15	48	0.062500
15	57	0.055556
15	62	0.066667
15	79	0.090909
15	82	0.090909
15	86	0.111111
15	87	0.142857
15	98	0.100000
15	102	0.100000
15	110	0.111111
15	113	0.111111
15	121	0.125000
15	146	0.125000
15	158	0.125000
15	164	0.142857
15	181	0.142857
16	0	0.019231
16	1	0.033333
16	7	0.034483
16	10	0.017857
16	11	0.034483
16	14	0.028571
16	15	0.029412
16	18	0.047619
16	20	0.047619
16	23	0.090909
16	24	0.052632
16	26	0.076923
16	27	0.038462
16	28	0.055556
16	31	0.100000
16	32	0.040000
16	36	0.045455
16	37	0.055556
16	38	0.062500
16	53	0.083333
16	67	0.058824
16	76	0.076923
16	80	0.100000
16	82	0.090909
16	90	0.076923
16	91	0.090909
16	98	0.100000
16	99	0.111111
16	100	0.083333
16	103	0.125000
16	109	0.142857
16	111	0.111111
16	112	0.111111
16	113	0.111111
16	118	0.111111
16	126	0.142857
16	130	0.125000
16	132	0.142857
16	154	0.142857
16	159	0.100000
16	175	0.142857
16	180	0.142857
16	185	0.142857
17	1	0.033333
17	4	0.052632
17	5	0.032258
17	9	0.023810
17	10	0.017857
17	12	0.022222
17	13	0.045455
17	19	0.032258
17	20	0.047619
17	21	0.032258
17	22	0.040000
17	29	0.055556
17	39	0.071429
17	40	0.071429
17	42	0.050000
17	49	0.100000
17	51	0.071429
17	54	0.083333
17	55	0.066667
17	63	0.125000
17	67	0.058824
17	69	0.066667
17	78	0.083333
17	89	0.125000
17	98	0.100000
17	102	0.100000
17	111	0.111111
17	130	0.125000
17	142	0.111111
17	143	0.090909
17	145	0.125000
17	150	0.100000
17	163	0.142857
17	165	0.125000
17	173	0.142857
17	180	0.142857
17	183	0.125000
17	188	0.142857
18	0	0.019231
18	1	0.033333
18	3	0.050000
18	6	0.052632
18	8	0.018868
18	15	0.029412
18	16	0.023256
18	20	0.047619
18	27	0.038462
18	28	0.055556
18	38	0.062500
18	39	0.071429
18	51	0.071429
18	66	0.076923
18	96	0.111111
18	125	0.111111
18	133	0.125000
18	144	0.142857
18	157	0.125000
18	171	0.125000
18	181	0.142857
19	1	0.033333
19	7	0.034483
19	8	0.018868
19	9	0.023810
19	10	0.017857
19	13	0.045455
19	17	0.026316
19	22	0.040000
19	23	0.090909
19	31	0.100000
19	35	0.035714
19	43	0.066667
19	45	0.100000
19	63	0.125000
19	65	0.062500
19	74	0.071429
19	78	0.083333
19	84	0.111111
19	97	0.142857
19	100	0.083333
19	107	0.111111
19	112	0.111111
19	118	0.111111
19	119	0.100000
19	122	0.142857
19	131	0.111111
19	144	0.142857
19	149	0.142857
19	151	0.142857
19	153	0.100000
19	186	0.142857
20	0	0.019231
20	8	0.018868
20	10	0.017857
20	12	0.022222
20	16	0.023256
20	17	0.026316
20	18	0.047619
20	23	0.090909
20	24	0.052632
20	31	0.100000
20	32	0.040000
20	52	0.083333
20	60	0.090909
20	74	0.071429
20	116	0.111111
20	120	0.142857
20	128	0.142857
20	171	0.125000
20	182	0.142857
20	186	0.142857
20	189	0.142857
21	0	0.019231
21	6	0.052632
21	9	0.023810
21	10	0.017857
21	12	0.022222
21	13	0.045455
21	17	0.026316
21	27	0.038462
21	30	0.047619
21	33	0.062500
21	41	0.058824
21	42	0.050000
21	47	0.047619
21	51	0.071429
21	55	0.066667
21	74	0.071429
21	81	0.111111
21	85	0.066667
21	92	0.111111
21	95	0.111111
21	109	0.142857
21	110	0.111111
21	120	0.142857
21	125	0.111111
21	145	0.125000
21	147	0.142857
21	153	0.100000
21	166	0.125000
21	181	0.142857
21	182	0.142857
21	186	0.142857
22	1	0.033333
22	10	0.017857
22	11	0.034483
22	13	0.045455
22	15	0.029412
22	17	0.026316
22	19	0.032258
22	24	0.052632
22	25	0.021277
22	34	0.058824
22	38	0.062500
22	42	0.050000
22	47	0.047619
22	48	0.062500
22	63	0.125000
22	70	0.125000
22	77	0.111111
22	80	0.100000
22	103	0.125000
22	136	0.125000
22	144	0.142857
22	152	0.125000
22	158	0.125000
22	170	0.142857
22	180	0.142857
23	5	0.032258
23	10	0.017857
23	12	0.022222
23	14	0.028571
23	16	0.023256
23	19	0.032258
23	20	0.047619
23	31	0.100000
23	35	0.035714
23	45	0.100000
23	50	0.066667
24	0	0.019231
24	3	0.050000
24	8	0.018868
24	11	0.034483
24	16	0.023256
24	20	0.047619
24	22	0.040000
24	29	0.055556
24	34	0.058824
24	40	0.071429
24	46	0.047619
24	51	0.071429
24	62	0.066667
24	77	0.111111
24	106	0.090909
24	111	0.111111
24	142	0.111111
24	155	0.142857
24	169	0.142857
25	5	0.032258
25	7	0.034483
25	9	0.023810
25	10	0.017857
25	11	0.034483
25	15	0.029412
25	22	0.040000
25	28	0.055556
25	31	0.100000
25	32	0.040000
25	34	0.058824
25	36	0.045455
25	37	0.055556
25	39	0.071429
25	40	0.071429
25	41	0.058824
25	42	0.050000
25	44	0.083333
25	45	0.100000
25	48	0.062500
25	54	0.083333
25	59	0.045455
25	60	0.090909
25	64	0.062500
25	67	0.058824
25	70	0.125000
25	73	0.100000
25	76	0.076923
25	77	0.111111
25	78	0.083333
25	84	0.111111
25	88	0.142857
25	91	0.090909
25	92	0.111111
25	93	0.100000
25	103	0.125000
25	107	0.111111
25	108	0.125000
25	119	0.100000
25	121	0.125000
25	130	0.125000
25	137	0.111111
25	146	0.125000
25	148	0.111111
25	158	0.125000
25	187	0.142857
25	189	0.142857
26	0	0.019231
26	3	0.050000
26	5	0.032258
26	6	0.052632
26	9	0.023810
26	12	0.022222
26	16	0.023256
26	53	0.083333
26	61	0.090909
26	73	0.100000
26	95	0.111111
26	154	0.142857
26	168	0.142857
27	0	0.019231
27	1	0.033333
27	3	0.050000
27	14	0.028571
27	16	0.023256
27	18	0.047619
27	21	0.032258
27	29	0.055556
27	32	0.040000
27	34	0.058824
27	49	0.100000
27	57	0.055556
27	61	0.090909
27	72	0.055556
27	79	0.090909
27	87	0.142857
27	96	0.111111
27	97	0.142857
27	98	0.100000
27	136	0.125000
27	141	0.142857
27	147	0.142857
27	151	0.142857
27	167	0.111111
27	168	0.142857
27	184	0.142857
28	0	0.019231
28	6	0.052632
28	10	0.017857
28	11	0.034483
28	16	0.023256
28	18	0.047619
28	25	0.021277
28	30	0.047619
28	33	0.062500
28	36	0.045455
28	44	0.083333
28	45	0.100000
28	50	0.066667
28	81	0.111111
28	106	0.090909
28	120	0.142857
28	148	0.111111
28	187	0.142857
29	0	0.019231
29	8	0.018868
29	11	0.034483
29	14	0.028571
29	17	0.026316
29	24	0.052632
29	27	0.038462
29	30	0.047619
29	31	0.100000
29	45	0.100000
29	82	0.090909
29	99	0.111111
29	115	0.125000
29	118	0.111111
29	127	0.142857
29	140	0.100000
29	160	0.125000
29	178	0.142857
30	7	0.034483
30	11	0.034483
30	12	0.022222
30	14	0.028571
30	21	0.032258
30	28	0.055556
30	29	0.055556
30	36	0.045455
30	39	0.071429
30	50	0.066667
30	56	0.066667
30	57	0.055556
30	81	0.111111
30	85	0.066667
30	89	0.125000
30	94	0.111111
30	125	0.111111
30	143	0.090909
30	144	0.142857
30	160	0.125000
30	175	0.142857
31	7	0.034483
31	16	0.023256
31	19	0.032258
31	20	0.047619
31	23	0.090909
31	25	0.021277
31	29	0.055556
31	34	0.058824
31	54	0.083333
31	187	0.142857
32	0	0.019231
32	10	0.017857
32	11	0.034483
32	16	0.023256
32	20	0.047619
32	25	0.021277
32	27	0.038462
32	33	0.062500
32	34	0.058824
32	36	0.045455
32	42	0.050000
32	43	0.066667
32	62	0.066667
32	76	0.076923
32	84	0.111111
32	86	0.111111
32	87	0.142857
32	91	0.090909
32	97	0.142857
32	112	0.111111
32	117	0.100000
32	132	0.142857
32	160	0.125000
32	173	0.142857
32	174	0.125000
33	1	0.033333
33	8	0.018868
33	9	0.023810
33	14	0.028571
33	21	0.032258
33	28	0.055556
33	32	0.040000
33	70	0.125000
33	75	0.090909
33	94	0.111111
33	106	0.090909
33	122	0.142857
33	131	0.111111
33	134	0.142857
33	150	0.100000
33	155	0.142857
34	14	0.028571
34	22	0.040000
34	24	0.052632
34	25	0.021277
34	27	0.038462
34	31	0.100000
34	32	0.040000
34	43	0.066667
34	68	0.083333
34	80	0.100000
34	90	0.076923
34	118	0.111111
34	129	0.111111
34	134	0.142857
34	172	0.142857
34	178	0.142857
34	186	0.142857
35	1	0.033333
35	8	0.018868
35	11	0.034483
35	12	0.022222
35	14	0.028571
35	19	0.032258
35	23	0.090909
35	37	0.055556
35	53	0.083333
35	60	0.090909
35	67	0.058824
35	68	0.083333
35	69	0.066667
35	73	0.100000
35	80	0.100000
35	97	0.142857
35	101	0.111111
35	102	0.100000
35	104	0.100000
35	107	0.111111
35	108	0.125000
35	125	0.111111
35	147	0.142857
35	156	0.125000
35	167	0.111111
35	173	0.142857
35	178	0.142857
35	188	0.142857
36	9	0.023810
36	14	0.028571
36	16	0.023256
36	25	0.021277
36	28	0.055556
36	30	0.047619
36	32	0.040000
36	46	0.047619
36	47	0.047619
36	51	0.071429
36	66	0.076923
36	73	0.100000
36	81	0.111111
36	93	0.100000
36	100	0.083333
36	106	0.090909
36	121	0.125000
36	145	0.125000
36	164	0.142857
36	179	0.142857
36	182	0.142857
36	189	0.142857
37	1	0.033333
37	8	0.018868
37	13	0.045455
37	15	0.029412
37	16	0.023256
37	25	0.021277
37	35	0.035714
37	43	0.066667
37	57	0.055556
37	58	0.076923
37	71	0.062500
37	74	0.071429
37	95	0.111111
37	99	0.111111
37	105	0.090909
37	126	0.142857
37	140	0.100000
37	157	0.125000
38	8	0.018868
38	9	0.023810
38	11	0.034483
38	15	0.029412
38	16	0.023256
38	18	0.047619
38	22	0.040000
38	44	0.083333
38	59	0.045455
38	73	0.100000
38	92	0.111111
38	96	0.111111
38	127	0.142857
38	137	0.111111
38	148	0.111111
38	189	0.142857
39	7	0.034483
39	8	0.018868
39	9	0.023810
39	17	0.026316
39	18	0.047619
39	25	0.021277
39	30	0.047619
39	52	0.083333
39	53	0.083333
39	64	0.062500
39	71	0.062500
39	105	0.090909
39	168	0.142857
39	185	0.142857
40	7	0.034483
40	8	0.018868
40	9	0.023810
40	15	0.029412
40	17	0.026316
40	24	0.052632
40	25	0.021277
40	48	0.062500
40	58	0.076923
40	72	0.055556
40	101	0.111111
40	117	0.100000
40	162	0.142857
40	173	0.142857
41	6	0.052632
41	8	0.018868
41	9	0.023810
41	10	0.017857
41	15	0.029412
41	21	0.032258
41	25	0.021277
41	60	0.090909
41	70	0.125000
41	76	0.076923
41	100	0.083333
41	102	0.100000
41	104	0.100000
41	116	0.111111
41	121	0.125000
41	152	0.125000
41	160	0.125000
42	0	0.019231
42	15	0.029412
42	17	0.026316
42	21	0.032258
42	22	0.040000
42	25	0.021277
42	32	0.040000
42	62	0.066667
42	69	0.066667
42	113	0.111111
42	116	0.111111
42	118	0.111111
42	137	0.111111
42	147	0.142857
42	156	0.125000
42	161	0.111111
42	166	0.125000
42	180	0.142857
42	184	0.142857
42	186	0.142857
43	0	0.019231
43	8	0.018868
43	15	0.029412
43	19	0.032258
43	32	0.040000
43	34	0.058824
43	37	0.055556
43	55	0.066667
43	67	0.058824
43	74	0.071429
43	95	0.111111
43	103	0.125000
43	124	0.100000
43	149	0.142857
43	161	0.111111
44	0	0.019231
44	1	0.033333
44	4	0.052632
44	12	0.022222
44	25	0.021277
44	28	0.055556
44	38	0.062500
44	53	0.083333
44	56	0.066667
44	72	0.055556
44	124	0.100000
44	129	0.111111
45	0	0.019231
45	8	0.018868
45	19	0.032258
45	23	0.090909
45	25	0.021277
45	28	0.055556
45	29	0.055556
45	49	0.100000
45	65	0.062500
45	151	0.142857
46	5	0.032258
46	9	0.023810
46	10	0.017857
46	14	0.028571
46	15	0.029412
46	24	0.052632
46	36	0.045455
46	64	0.062500
46	75	0.090909
46	83	0.083333
46	99	0.111111
46	107	0.111111
46	110	0.111111
46	116	0.111111
46	123	0.142857
46	124	0.100000
46	129	0.111111
46	143	0.090909
46	150	0.100000
46	151	0.142857
46	166	0.125000
47	0	0.019231
47	3	0.050000
47	5	0.032258
47	12	0.022222
47	21	0.032258
47	22	0.040000
47	36	0.045455
47	51	0.071429
47	77	0.111111
47	82	0.090909
47	96	0.111111
47	98	0.100000
47	99	0.111111
47	125	0.111111
47	130	0.125000
47	134	0.142857
47	142	0.111111
47	143	0.090909
47	161	0.111111
47	178	0.142857
47	188	0.142857
48	5	0.032258
48	8	0.018868
48	12	0.022222
48	15	0.029412
48	22	0.040000
48	25	0.021277
48	40	0.071429
48	55	0.066667
48	59	0.045455
48	64	0.062500
48	66	0.076923
48	69	0.066667
48	109	0.142857
48	123	0.142857
48	159	0.100000
48	165	0.125000
49	2	0.076923
49	9	0.023810
49	11	0.034483
49	14	0.028571
49	17	0.026316
49	27	0.038462
49	45	0.100000
49	64	0.062500
49	141	0.142857
49	187	0.142857
50	6	0.052632
50	9	0.023810
50	12	0.022222
50	14	0.028571
50	23	0.090909
50	28	0.055556
50	30	0.047619
50	65	0.062500
50	76	0.076923
50	83	0.083333
50	118	0.111111
50	120	0.142857
50	127	0.142857
50	132	0.142857
50	154	0.142857
51	0	0.019231
51	17	0.026316
51	18	0.047619
51	21	0.032258
51	24	0.052632
51	36	0.045455
51	47	0.047619
51	52	0.083333
51	56	0.066667
51	59	0.045455
51	65	0.062500
51	88	0.142857
51	92	0.111111
51	163	0.142857
52	5	0.032258
52	10	0.017857
52	12	0.022222
52	14	0.028571
52	20	0.047619
52	39	0.071429
52	51	0.071429
52	54	0.083333
52	132	0.142857
52	137	0.111111
52	153	0.100000
52	170	0.142857
53	7	0.034483
53	14	0.028571
53	16	0.023256
53	26	0.076923
53	35	0.035714
53	39	0.071429
53	44	0.083333
53	61	0.090909
53	138	0.111111
53	140	0.100000
53	156	0.125000
53	185	0.142857
54	6	0.052632
54	10	0.017857
54	12	0.022222
54	17	0.026316
54	25	0.021277
54	31	0.100000
54	52	0.083333
54	71	0.062500
54	87	0.142857
54	103	0.125000
54	125	0.111111
54	159	0.100000
55	1	0.033333
55	5	0.032258
55	9	0.023810
55	17	0.026316
55	21	0.032258
55	43	0.066667
55	48	0.062500
55	72	0.055556
55	75	0.090909
55	81	0.111111
55	87	0.142857
55	105	0.090909
55	134	0.142857
55	179	0.142857
55	189	0.142857
56	2	0.076923
56	9	0.023810
56	12	0.022222
56	13	0.045455
56	30	0.047619
56	44	0.083333
56	51	0.071429
56	58	0.076923
56	63	0.125000
56	71	0.062500
56	91	0.090909
56	99	0.111111
56	105	0.090909
56	135	0.125000
56	162	0.142857
57	0	0.019231
57	12	0.022222
57	13	0.045455
57	15	0.029412
57	27	0.038462
57	30	0.047619
57	37	0.055556
57	58	0.076923
57	78	0.083333
57	91	0.090909
57	108	0.125000
57	112	0.111111
57	117	0.100000
57	144	0.142857
57	149	0.142857
57	153	0.100000
57	171	0.125000
57	177	0.142857
58	2	0.076923
58	10	0.017857
58	12	0.022222
58	37	0.055556
58	40	0.071429
58	56	0.066667
58	57	0.055556
58	69	0.066667
58	85	0.066667
58	114	0.111111
58	142	0.111111
58	143	0.090909
58	163	0.142857
59	0	0.019231
59	8	0.018868
59	10	0.017857
59	25	0.021277
59	38	0.062500
59	48	0.062500
59	51	0.071429
59	60	0.090909
59	66	0.076923
59	69	0.066667
59	79	0.090909
59	83	0.083333
59	90	0.076923
59	93	0.100000
59	111	0.111111
59	117	0.100000
59	129	0.111111
59	148	0.111111
59	155	0.142857
59	156	0.125000
59	161	0.111111
59	164	0.142857
60	1	0.033333
60	8	0.018868
60	20	0.047619
60	25	0.021277
60	35	0.035714
60	41	0.058824
60	59	0.045455
60	89	0.125000
60	112	0.111111
60	113	0.111111
60	144	0.142857
61	0	0.019231
61	1	0.033333
61	9	0.023810
61	10	0.017857
61	26	0.076923
61	27	0.038462
61	53	0.083333
61	68	0.083333
61	84	0.111111
61	94	0.111111
61	117	0.100000
62	5	0.032258
62	7	0.034483
62	9	0.023810
62	15	0.029412
62	24	0.052632
62	32	0.040000
62	42	0.050000
62	83	0.083333
62	85	0.066667
62	93	0.100000
62	107	0.111111
62	141	0.142857
62	152	0.125000
62	166	0.125000
62	168	0.142857
63	1	0.033333
63	4	0.052632
63	10	0.017857
63	17	0.026316
63	19	0.032258
63	22	0.040000
63	56	0.066667
63	122	0.142857
64	7	0.034483
64	8	0.018868
64	25	0.021277
64	39	0.071429
64	46	0.047619
64	48	0.062500
64	49	0.100000
64	68	0.083333
64	79	0.090909
64	123	0.142857
64	141	0.142857
64	144	0.142857
64	153	0.100000
64	169	0.142857
64	173	0.142857
64	182	0.142857
65	7	0.034483
65	8	0.018868
65	14	0.028571
65	19	0.032258
65	45	0.100000
65	50	0.066667
65	51	0.071429
65	83	0.083333
65	109	0.142857
65	128	0.142857
65	134	0.142857
65	139	0.125000
65	143	0.090909
65	146	0.125000
65	171	0.125000
65	176	0.142857
66	1	0.033333
66	4	0.052632
66	9	0.023810
66	18	0.047619
66	36	0.045455
66	48	0.062500
66	59	0.045455
66	72	0.055556
66	80	0.100000
66	86	0.111111
66	99	0.111111
66	136	0.125000
66	157	0.125000
67	0	0.019231
67	10	0.017857
67	16	0.023256
67	17	0.026316
67	25	0.021277
67	35	0.035714
67	43	0.066667
67	112	0.111111
67	129	0.111111
67	131	0.111111
67	135	0.125000
67	146	0.125000
67	153	0.100000
67	162	0.142857
67	174	0.125000
67	178	0.142857
67	184	0.142857
68	1	0.033333
68	5	0.032258
68	10	0.017857
68	34	0.058824
68	35	0.035714
68	61	0.090909
68	64	0.062500
68	90	0.076923
68	97	0.142857
68	129	0.111111
68	157	0.125000
68	167	0.111111
69	12	0.022222
69	17	0.026316
69	35	0.035714
69	42	0.050000
69	48	0.062500
69	58	0.076923
69	59	0.045455
69	96	0.111111
69	97	0.142857
69	106	0.090909
69	110	0.111111
69	114	0.111111
69	176	0.142857
69	177	0.142857
69	179	0.142857
70	0	0.019231
70	8	0.018868
70	10	0.017857
70	22	0.040000
70	25	0.021277
70	33	0.062500
70	41	0.058824
70	155	0.142857
71	0	0.019231
71	1	0.033333
71	7	0.034483
71	37	0.055556
71	39	0.071429
71	54	0.083333
71	56	0.066667
71	84	0.111111
71	93	0.100000
71	105	0.090909
71	107	0.111111
71	109	0.142857
71	130	0.125000
71	158	0.125000
71	175	0.142857
71	187	0.142857
72	10	0.017857
72	12	0.022222
72	27	0.038462
72	40	0.071429
72	44	0.083333
72	55	0.066667
72	66	0.076923
72	77	0.111111
72	101	0.111111
72	113	0.111111
72	114	0.111111
72	115	0.125000
72	117	0.100000
72	123	0.142857
72	124	0.100000
72	129	0.111111
72	164	0.142857
72	176	0.142857
73	3	0.050000
73	6	0.052632
73	25	0.021277
73	26	0.076923
73	35	0.035714
73	36	0.045455
73	38	0.062500
73	121	0.125000
73	126	0.142857
73	177	0.142857
74	3	0.050000
74	8	0.018868
74	19	0.032258
74	20	0.047619
74	21	0.032258
74	37	0.055556
74	43	0.066667
74	85	0.066667
74	88	0.142857
74	123	0.142857
74	137	0.111111
74	157	0.125000
74	164	0.142857
74	169	0.142857
75	5	0.032258
75	7	0.034483
75	11	0.034483
75	14	0.028571
75	33	0.062500
75	46	0.047619
75	55	0.066667
75	93	0.100000
75	100	0.083333
75	110	0.111111
75	174	0.125000
76	5	0.032258
76	14	0.028571
76	16	0.023256
76	25	0.021277
76	32	0.040000
76	41	0.058824
76	50	0.066667
76	127	0.142857
76	132	0.142857
76	138	0.111111
76	150	0.100000
76	184	0.142857
76	189	0.142857
77	0	0.019231
77	8	0.018868
77	22	0.040000
77	24	0.052632
77	25	0.021277
77	47	0.047619
77	72	0.055556
77	81	0.111111
77	111	0.111111
78	4	0.052632
78	10	0.017857
78	14	0.028571
78	17	0.026316
78	19	0.032258
78	25	0.021277
78	57	0.055556
78	92	0.111111
78	130	0.125000
78	135	0.125000
78	139	0.125000
78	145	0.125000
79	8	0.018868
79	9	0.023810
79	14	0.028571
79	15	0.029412
79	27	0.038462
79	59	0.045455
79	64	0.062500
79	106	0.090909
79	128	0.142857
79	146	0.125000
79	187	0.142857
80	8	0.018868
80	12	0.022222
80	16	0.023256
80	22	0.040000
80	34	0.058824
80	35	0.035714
80	66	0.076923
80	97	0.142857
80	170	0.142857
80	186	0.142857
81	12	0.022222
81	21	0.032258
81	28	0.055556
81	30	0.047619
81	36	0.045455
81	55	0.066667
81	77	0.111111
81	116	0.111111
81	131	0.111111
82	0	0.019231
82	3	0.050000
82	6	0.052632
82	15	0.029412
82	16	0.023256
82	29	0.055556
82	47	0.047619
82	88	0.142857
82	96	0.111111
82	120	0.142857
82	136	0.125000
83	3	0.050000
83	5	0.032258
83	46	0.047619
83	50	0.066667
83	59	0.045455
83	62	0.066667
83	65	0.062500
83	101	0.111111
83	108	0.125000
83	116	0.111111
83	126	0.142857
83	175	0.142857
84	0	0.019231
84	12	0.022222
84	19	0.032258
84	25	0.021277
84	32	0.040000
84	61	0.090909
84	71	0.062500
84	171	0.125000
84	180	0.142857
85	0	0.019231
85	13	0.045455
85	21	0.032258
85	30	0.047619
85	58	0.076923
85	62	0.066667
85	74	0.071429
85	89	0.125000
85	93	0.100000
85	104	0.100000
85	109	0.142857
85	128	0.142857
85	146	0.125000
85	150	0.100000
85	182	0.142857
86	8	0.018868
86	10	0.017857
86	11	0.034483
86	14	0.028571
86	15	0.029412
86	32	0.040000
86	66	0.076923
86	113	0.111111
86	153	0.100000
87	4	0.052632
87	10	0.017857
87	15	0.029412
87	27	0.038462
87	32	0.040000
87	54	0.083333
87	55	0.066667
88	8	0.018868
88	10	0.017857
88	14	0.028571
88	25	0.021277
88	51	0.071429
88	74	0.071429
88	82	0.090909
89	8	0.018868
89	10	0.017857
89	11	0.034483
89	17	0.026316
89	30	0.047619
89	60	0.090909
89	85	0.066667
89	90	0.076923
90	9	0.023810
90	10	0.017857
90	16	0.023256
90	34	0.058824
90	59	0.045455
90	68	0.083333
90	89	0.125000
90	102	0.100000
90	104	0.100000
90	122	0.142857
90	125	0.111111
90	133	0.125000
90	136	0.125000
91	3	0.050000
91	12	0.022222
91	16	0.023256
91	25	0.021277
91	32	0.040000
91	56	0.066667
91	57	0.055556
91	105	0.090909
91	110	0.111111
91	117	0.100000
91	148	0.111111
92	5	0.032258
92	14	0.028571
92	21	0.032258
92	25	0.021277
92	38	0.062500
92	51	0.071429
92	78	0.083333
92	115	0.125000
92	160	0.125000
93	25	0.021277
93	36	0.045455
93	59	0.045455
93	62	0.066667
93	71	0.062500
93	75	0.090909
93	85	0.066667
93	141	0.142857
93	166	0.125000
93	176	0.142857
94	2	0.076923
94	5	0.032258
94	10	0.017857
94	12	0.022222
94	30	0.047619
94	33	0.062500
94	61	0.090909
94	148	0.111111
94	179	0.142857
95	4	0.052632
95	9	0.023810
95	12	0.022222
95	21	0.032258
95	26	0.076923
95	37	0.055556
95	43	0.066667
95	118	0.111111
95	183	0.125000
96	0	0.019231
96	18	0.047619
96	27	0.038462
96	38	0.062500
96	47	0.047619
96	69	0.066667
96	82	0.090909
96	138	0.111111
96	164	0.142857
97	19	0.032258
97	27	0.038462
97	32	0.040000
97	35	0.035714
97	68	0.083333
97	69	0.066667
97	80	0.100000
98	2	0.076923
98	5	0.032258
98	15	0.029412
98	16	0.023256
98	17	0.026316
98	27	0.038462
98	47	0.047619
98	169	0.142857
98	180	0.142857
98	183	0.125000
99	16	0.023256
99	29	0.055556
99	37	0.055556
99	46	0.047619
99	47	0.047619
99	56	0.066667
99	66	0.076923
99	104	0.100000
99	119	0.100000
100	1	0.033333
100	13	0.045455
100	16	0.023256
100	19	0.032258
100	36	0.045455
100	41	0.058824
100	75	0.090909
100	119	0.100000
100	133	0.125000
100	134	0.142857
100	139	0.125000
100	179	0.142857
101	2	0.076923
101	9	0.023810
101	10	0.017857
101	35	0.035714
101	40	0.071429
101	72	0.055556
101	83	0.083333
101	110	0.111111
101	122	0.142857
102	8	0.018868
102	13	0.045455
102	15	0.029412
102	17	0.026316
102	35	0.035714
102	41	0.058824
102	90	0.076923
102	107	0.111111
102	131	0.111111
102	145	0.125000
103	2	0.076923
103	8	0.018868
103	16	0.023256
103	22	0.040000
103	25	0.021277
103	43	0.066667
103	54	0.083333
103	122	0.142857
104	5	0.032258
104	6	0.052632
104	35	0.035714
104	41	0.058824
104	85	0.066667
104	90	0.076923
104	99	0.111111
104	119	0.100000
104	123	0.142857
104	136	0.125000
105	13	0.045455
105	37	0.055556
105	39	0.071429
105	55	0.066667
105	56	0.066667
105	71	0.062500
105	91	0.090909
105	126	0.142857
105	156	0.125000
105	179	0.142857
105	188	0.142857
106	5	0.032258
106	24	0.052632
106	28	0.055556
106	33	0.062500
106	36	0.045455
106	69	0.066667
106	79	0.090909
106	130	0.125000
106	135	0.125000
106	149	0.142857
106	171	0.125000
107	19	0.032258
107	25	0.021277
107	35	0.035714
107	46	0.047619
107	62	0.066667
107	71	0.062500
107	102	0.100000
107	119	0.100000
107	180	0.142857
108	3	0.050000
108	12	0.022222
108	14	0.028571
108	25	0.021277
108	35	0.035714
108	57	0.055556
108	83	0.083333
108	138	0.111111
109	12	0.022222
109	16	0.023256
109	21	0.032258
109	48	0.062500
109	65	0.062500
109	71	0.062500
109	85	0.066667
110	15	0.029412
110	21	0.032258
110	46	0.047619
110	69	0.066667
110	75	0.090909
110	91	0.090909
110	101	0.111111
110	135	0.125000
110	181	0.142857
111	0	0.019231
111	8	0.018868
111	16	0.023256
111	17	0.026316
111	24	0.052632
111	59	0.045455
111	77	0.111111
111	127	0.142857
111	175	0.142857
112	10	0.017857
112	16	0.023256
112	19	0.032258
112	32	0.040000
112	57	0.055556
112	60	0.090909
112	67	0.058824
112	114	0.111111
112	173	0.142857
113	0	0.019231
113	15	0.029412
113	16	0.023256
113	42	0.050000
113	60	0.090909
113	72	0.055556
113	86	0.111111
113	128	0.142857
113	140	0.100000
114	0	0.019231
114	8	0.018868
114	13	0.045455
114	58	0.076923
114	69	0.066667
114	72	0.055556
114	112	0.111111
114	150	0.100000
114	184	0.142857
115	1	0.033333
115	7	0.034483
115	8	0.018868
115	11	0.034483
115	29	0.055556
115	72	0.055556
115	92	0.111111
115	133	0.125000
116	4	0.052632
116	20	0.047619
116	41	0.058824
116	42	0.050000
116	46	0.047619
116	81	0.111111
116	83	0.083333
116	134	0.142857
116	181	0.142857
117	32	0.040000
117	40	0.071429
117	57	0.055556
117	59	0.045455
117	61	0.090909
117	72	0.055556
117	91	0.090909
117	121	0.125000
117	127	0.142857
117	162	0.142857
118	16	0.023256
118	19	0.032258
118	29	0.055556
118	34	0.058824
118	42	0.050000
118	50	0.066667
118	95	0.111111
118	151	0.142857
118	160	0.125000
119	7	0.034483
119	19	0.032258
119	25	0.021277
119	99	0.111111
119	100	0.083333
119	104	0.100000
119	107	0.111111
119	143	0.090909
119	155	0.142857
119	179	0.142857
120	5	0.032258
120	9	0.023810
120	20	0.047619
120	21	0.032258
120	28	0.055556
120	50	0.066667
120	82	0.090909
121	12	0.022222
121	15	0.029412
121	25	0.021277
121	36	0.045455
121	41	0.058824
121	73	0.100000
121	117	0.100000
121	157	0.125000
122	8	0.018868
122	19	0.032258
122	33	0.062500
122	63	0.125000
122	90	0.076923
122	101	0.111111
122	103	0.125000
123	9	0.023810
123	46	0.047619
123	48	0.062500
123	64	0.062500
123	72	0.055556
123	74	0.071429
123	104	0.100000
124	0	0.019231
124	4	0.052632
124	10	0.017857
124	43	0.066667
124	44	0.083333
124	46	0.047619
124	72	0.055556
124	135	0.125000
124	161	0.111111
124	174	0.125000
125	18	0.047619
125	21	0.032258
125	30	0.047619
125	35	0.035714
125	47	0.047619
125	54	0.083333
125	90	0.076923
125	138	0.111111
125	169	0.142857
126	2	0.076923
126	7	0.034483
126	16	0.023256
126	37	0.055556
126	73	0.100000
126	83	0.083333
126	105	0.090909
127	11	0.034483
127	29	0.055556
127	38	0.062500
127	50	0.066667
127	76	0.076923
127	111	0.111111
127	117	0.100000
128	7	0.034483
128	12	0.022222
128	20	0.047619
128	65	0.062500
128	79	0.090909
128	85	0.066667
128	113	0.111111
129	34	0.058824
129	44	0.083333
129	46	0.047619
129	59	0.045455
129	67	0.058824
129	68	0.083333
129	72	0.055556
129	187	0.142857
129	188	0.142857
130	16	0.023256
130	17	0.026316
130	25	0.021277
130	47	0.047619
130	71	0.062500
130	78	0.083333
130	106	0.090909
130	161	0.111111
131	5	0.032258
131	8	0.018868
131	19	0.032258
131	33	0.062500
131	67	0.058824
131	81	0.111111
131	102	0.100000
131	135	0.125000
131	184	0.142857
132	0	0.019231
132	10	0.017857
132	16	0.023256
132	32	0.040000
132	50	0.066667
132	52	0.083333
132	76	0.076923
133	5	0.032258
133	10	0.017857
133	11	0.034483
133	18	0.047619
133	90	0.076923
133	100	0.083333
133	115	0.125000
133	162	0.142857
134	33	0.062500
134	34	0.058824
134	47	0.047619
134	55	0.066667
134	65	0.062500
134	100	0.083333
134	116	0.111111
135	56	0.066667
135	67	0.058824
135	78	0.083333
135	106	0.090909
135	110	0.111111
135	124	0.100000
135	131	0.111111
135	172	0.142857
136	11	0.034483
136	22	0.040000
136	27	0.038462
136	66	0.076923
136	82	0.090909
136	90	0.076923
136	104	0.100000
136	154	0.142857
137	8	0.018868
137	9	0.023810
137	25	0.021277
137	38	0.062500
137	42	0.050000
137	52	0.083333
137	74	0.071429
137	139	0.125000
137	141	0.142857
138	3	0.050000
138	4	0.052632
138	53	0.083333
138	76	0.076923
138	96	0.111111
138	108	0.125000
138	125	0.111111
138	152	0.125000
138	162	0.142857
139	7	0.034483
139	11	0.034483
139	13	0.045455
139	65	0.062500
139	78	0.083333
139	100	0.083333
139	137	0.111111
139	183	0.125000
140	0	0.019231
140	6	0.052632
140	10	0.017857
140	29	0.055556
140	37	0.055556
140	53	0.083333
140	113	0.111111
140	145	0.125000
140	149	0.142857
140	178	0.142857
141	5	0.032258
141	27	0.038462
141	49	0.100000
141	62	0.066667
141	64	0.062500
141	93	0.100000
141	137	0.111111
142	3	0.050000
142	6	0.052632
142	14	0.028571
142	17	0.026316
142	24	0.052632
142	47	0.047619
142	58	0.076923
142	147	0.142857
142	165	0.125000
143	17	0.026316
143	30	0.047619
143	46	0.047619
143	47	0.047619
143	58	0.076923
143	65	0.062500
143	119	0.100000
143	148	0.111111
143	159	0.100000
143	175	0.142857
143	185	0.142857
144	18	0.047619
144	19	0.032258
144	22	0.040000
144	30	0.047619
144	57	0.055556
144	60	0.090909
144	64	0.062500
145	12	0.022222
145	17	0.026316
145	21	0.032258
145	36	0.045455
145	78	0.083333
145	102	0.100000
145	140	0.100000
145	188	0.142857
146	14	0.028571
146	15	0.029412
146	25	0.021277
146	65	0.062500
146	67	0.058824
146	79	0.090909
146	85	0.066667
146	170	0.142857
147	9	0.023810
147	12	0.022222
147	21	0.032258
147	27	0.038462
147	35	0.035714
147	42	0.050000
147	142	0.111111
148	25	0.021277
148	28	0.055556
148	38	0.062500
148	59	0.045455
148	91	0.090909
148	94	0.111111
148	143	0.090909
148	168	0.142857
148	176	0.142857
149	3	0.050000
149	10	0.017857
149	19	0.032258
149	43	0.066667
149	57	0.055556
149	106	0.090909
149	140	0.100000
150	8	0.018868
150	17	0.026316
150	33	0.062500
150	46	0.047619
150	76	0.076923
150	85	0.066667
150	114	0.111111
150	165	0.125000
150	172	0.142857
150	183	0.125000
151	1	0.033333
151	12	0.022222
151	19	0.032258
151	27	0.038462
151	45	0.100000
151	46	0.047619
151	118	0.111111
152	3	0.050000
152	9	0.023810
152	11	0.034483
152	22	0.040000
152	41	0.058824
152	62	0.066667
152	138	0.111111
152	174	0.125000
153	19	0.032258
153	21	0.032258
153	52	0.083333
153	57	0.055556
153	64	0.062500
153	67	0.058824
153	86	0.111111
153	163	0.142857
153	170	0.142857
153	175	0.142857
154	1	0.033333
154	7	0.034483
154	10	0.017857
154	16	0.023256
154	26	0.076923
154	50	0.066667
154	136	0.125000
155	4	0.052632
155	12	0.022222
155	24	0.052632
155	33	0.062500
155	59	0.045455
155	70	0.125000
155	119	0.100000
156	10	0.017857
156	12	0.022222
156	35	0.035714
156	42	0.050000
156	53	0.083333
156	59	0.045455
156	105	0.090909
156	183	0.125000
157	13	0.045455
157	18	0.047619
157	37	0.055556
157	66	0.076923
157	68	0.083333
157	74	0.071429
157	121	0.125000
157	165	0.125000
158	3	0.050000
158	8	0.018868
158	14	0.028571
158	15	0.029412
158	22	0.040000
158	25	0.021277
158	71	0.062500
158	170	0.142857
159	7	0.034483
159	10	0.017857
159	12	0.022222
159	16	0.023256
159	48	0.062500
159	54	0.083333
159	143	0.090909
159	167	0.111111
159	171	0.125000
159	177	0.142857
160	10	0.017857
160	29	0.055556
160	30	0.047619
160	32	0.040000
160	41	0.058824
160	92	0.111111
160	118	0.111111
160	181	0.142857
161	13	0.045455
161	42	0.050000
161	43	0.066667
161	47	0.047619
161	59	0.045455
161	124	0.100000
161	130	0.125000
161	162	0.142857
161	186	0.142857
162	40	0.071429
162	56	0.066667
162	67	0.058824
162	117	0.100000
162	133	0.125000
162	138	0.111111
162	161	0.111111
163	1	0.033333
163	5	0.032258
163	8	0.018868
163	17	0.026316
163	51	0.071429
163	58	0.076923
163	153	0.100000
164	1	0.033333
164	15	0.029412
164	36	0.045455
164	59	0.045455
164	72	0.055556
164	74	0.071429
164	96	0.111111
165	0	0.019231
165	12	0.022222
165	17	0.026316
165	48	0.062500
165	142	0.111111
165	150	0.100000
165	157	0.125000
165	176	0.142857
166	2	0.076923
166	11	0.034483
166	21	0.032258
166	42	0.050000
166	46	0.047619
166	62	0.066667
166	93	0.100000
166	177	0.142857
167	0	0.019231
167	7	0.034483
167	10	0.017857
167	27	0.038462
167	35	0.035714
167	68	0.083333
167	159	0.100000
167	183	0.125000
167	188	0.142857
168	8	0.018868
168	14	0.028571
168	26	0.076923
168	27	0.038462
168	39	0.071429
168	62	0.066667
168	148	0.111111
169	3	0.050000
169	7	0.034483
169	24	0.052632
169	64	0.062500
169	74	0.071429
169	98	0.100000
169	125	0.111111
170	0	0.019231
170	22	0.040000
170	52	0.083333
170	80	0.100000
170	146	0.125000
170	153	0.100000
170	158	0.125000
171	18	0.047619
171	20	0.047619
171	57	0.055556
171	65	0.062500
171	84	0.111111
171	106	0.090909
171	159	0.100000
171	172	0.142857
172	0	0.019231
172	4	0.052632
172	12	0.022222
172	34	0.058824
172	135	0.125000
172	150	0.100000
172	171	0.125000
173	10	0.017857
173	17	0.026316
173	32	0.040000
173	35	0.035714
173	40	0.071429
173	64	0.062500
173	112	0.111111
174	1	0.033333
174	10	0.017857
174	32	0.040000
174	67	0.058824
174	75	0.090909
174	124	0.100000
174	152	0.125000
174	181	0.142857
175	16	0.023256
175	30	0.047619
175	71	0.062500
175	83	0.083333
175	111	0.111111
175	143	0.090909
175	153	0.100000
176	1	0.033333
176	65	0.062500
176	69	0.066667
176	72	0.055556
176	93	0.100000
176	148	0.111111
176	165	0.125000
177	4	0.052632
177	10	0.017857
177	57	0.055556
177	69	0.066667
177	73	0.100000
177	159	0.100000
177	166	0.125000
178	7	0.034483
178	29	0.055556
178	34	0.058824
178	35	0.035714
178	47	0.047619
178	67	0.058824
178	140	0.100000
179	36	0.045455
179	55	0.066667
179	69	0.066667
179	94	0.111111
179	100	0.083333
179	105	0.090909
179	119	0.100000
180	16	0.023256
180	17	0.026316
180	22	0.040000
180	42	0.050000
180	84	0.111111
180	98	0.100000
180	107	0.111111
181	15	0.029412
181	18	0.047619
181	21	0.032258
181	110	0.111111
181	116	0.111111
181	160	0.125000
181	174	0.125000
182	9	0.023810
182	10	0.017857
182	20	0.047619
182	21	0.032258
182	36	0.045455
182	64	0.062500
182	85	0.066667
183	17	0.026316
183	95	0.111111
183	98	0.100000
183	139	0.125000
183	150	0.100000
183	156	0.125000
183	167	0.111111
183	189	0.142857
184	12	0.022222
184	27	0.038462
184	42	0.050000
184	67	0.058824
184	76	0.076923
184	114	0.111111
184	131	0.111111
185	5	0.032258
185	6	0.052632
185	11	0.034483
185	16	0.023256
185	39	0.071429
185	53	0.083333
185	143	0.090909
186	19	0.032258
186	20	0.047619
186	21	0.032258
186	34	0.058824
186	42	0.050000
186	80	0.100000
186	161	0.111111
187	25	0.021277
187	28	0.055556
187	31	0.100000
187	49	0.100000
187	71	0.062500
187	79	0.090909
187	129	0.111111
188	17	0.026316
188	35	0.035714
188	47	0.047619
188	105	0.090909
188	129	0.111111
188	145	0.125000
188	167	0.111111
189	20	0.047619
189	25	0.021277
189	36	0.045455
189	38	0.062500
189	55	0.066667
189	76	0.076923
189	183	0.125000
